46.9819
53.4848
49.0625
40.6563
50.1123
47.8633
50.5509
61.6492
55.1554
48.2878
44.1184
46.6775
46.5496
46.9959
51.2585
56.9588
50.6374
52.4553
55.9519
55.8419
59.2422
61.5425
56.6530
52.6625
53.6328
58.3997
59.9597
58.8275
54.0648
44.7275
57.5539
60.3098
55.3618
57.3516
61.0902
61.7052
57.1354
61.9941
42.8097
47.5396
48.0787
44.9890
44.0112
46.1024
49.5507
43.1835
44.6995
46.8372
44.7201
50.1458
52.7597
48.5038
48.4864
43.2317
42.0319
50.1580
52.3560
55.1780
53.5544
46.2896
57.3283
58.2624
62.5865
62.0447
67.4907
64.8425
51.8021
57.1667
61.9614
63.5395
60.9228
61.2070
57.9746
56.3620
68.9187
66.2632
61.0168
64.0353
56.3528
53.4034
62.0814
60.6996
57.9467
61.5089
67.0266
58.2584
55.8312
58.0346
60.3005
65.0774
59.4662
59.5901
52.0417
56.8395
55.2358
58.1190
54.7787
59.1141
55.5590
52.7210
52.9748
51.1014
41.9755
47.9328
39.0798
39.5875
39.2773
43.0602
40.4144
42.3323
40.6651
39.6073
41.8024
40.1611
41.2072
42.0069
44.9785
42.1295
39.1107
40.3171
42.3710
41.6223
45.2104
42.4288
41.9257
43.1934
44.2046
43.8055
41.6606
41.9737
46.0251
46.9349
45.6853
40.1755
42.9528
47.1197
44.3593
45.6712
47.0501
43.8084
42.5032
44.6350
40.9822
45.9328
45.0159
45.9754
43.3907
45.5327
45.1894
46.7157
46.6697
46.7158
47.1055
43.7175
41.2453
42.6153
41.2368
42.9111
41.0889
43.3326
44.6068
48.6010
43.9779
41.7442
41.9017
38.1048
37.5309
37.2558
41.5557
37.7494
40.7234
39.4713
41.2610
44.2511
43.9309
42.2729
40.1868
39.4068
44.0277
42.9293
49.0351
47.4951
43.3002
42.3037
46.9013
48.0250
51.8315
50.0072
49.8233
44.1455
53.2152
57.9345
54.5368
61.6874
65.0996
63.1940
57.3541
60.5413
59.5053
56.8686
49.5965
48.5890
50.1657
50.4514
57.9026
62.5479
51.7813
54.2497
51.5760
52.1295
56.1321
53.2090
60.8962
58.4933
57.1944
55.2303
54.5472
56.6747
53.4920
51.9476
50.1652
49.7183
49.7486
54.2399
49.3612
54.5290
54.9376
60.6182
54.9425
44.1741
43.3018
42.8556
48.2999
45.5287
45.7986
44.4759
46.0656
43.1781
42.5470
38.3351
42.7973
40.1339
42.1993
41.0986
45.3848
46.7069
52.5084
50.1116
45.1958
43.1205
46.5904
45.5909
41.1284
44.3115
46.3728
42.9562
40.3193
42.2781
42.9239
40.8735
45.2623
41.3065
41.2457
40.9505
40.6273
42.9617
42.7132
45.9107
40.4887
45.1676
43.7869
46.3011
43.7484
45.7090
42.2744
42.7246
43.3471
43.9571
43.9195
43.1324
43.8924
47.1094
46.8562
43.7422
44.3410
44.3725
43.0823
43.7124
44.0739
40.4875
43.3558
43.5822
45.8383
47.2141
49.0191
50.5660
49.1742
48.6335
46.7695
46.0745
46.1227
43.2865
42.2725
45.8245
40.6212
39.5971
36.8818
37.6969
39.4100
39.2811
41.1983
38.7585
37.0024
38.0441
38.0340
38.5931
38.8485
38.0593
39.7237
39.1036
39.5417
41.0058
45.5855
39.6633
42.4689
41.8707
43.3749
41.7056
45.7309
41.7917
39.9997
43.5971
41.9803
49.7235
45.1073
47.7265
49.8891
51.1636
48.9801
48.5542
45.6851
42.8172
42.2483
42.2530
43.7427
40.9712
45.9659
44.3637
42.5581
41.4603
42.9730
42.7441
39.2658
41.1070
40.1507
45.9750
50.8935
48.2019
47.6299
51.3633
63.4103
55.4914
53.2998
59.7368
64.5509
55.0848
57.3237
62.9320
60.7394
65.2244
65.3935
63.1981
64.5727
56.7868
46.2715
49.0025
48.8319
53.6211
51.9769
41.7503
43.5737
38.5075
38.9137
42.4771
51.5615
42.3298
39.3817
50.3696
48.4992
46.4426
44.6775
43.8775
42.4184
58.1855
61.3833
58.1432
57.4922
52.5349
54.9532
68.4946
60.5486
60.1819
64.1647
62.2486
63.3855
60.0188
57.4031
53.5942
60.0242
60.5132
59.4332
57.1146
57.1442
56.7002
55.9570
66.7481
76.1675
67.0899
61.2425
53.1404
61.2273
65.3200
64.1451
59.3325
58.7572
59.5775
64.9321
65.1524
55.3041
53.7646
46.5103
48.8540
48.4033
50.9829
49.6812
48.4057
48.1854
49.3804
53.4102
46.1987
46.2715
48.7014
45.5108
41.1006
44.3684
44.1258
40.9006
51.1477
46.7758
53.5603
50.0176
49.0940
46.6167
42.8486
44.7152
46.5858
43.9650
47.7295
46.4051
45.4091
38.5155
40.2562
41.6051
41.1557
44.0327
40.5108
39.4387
39.3773
41.3660
41.5259
41.7783
39.1945
41.6011
41.8896
43.8185
44.4588
44.9875
45.1366
42.9456
43.8841
42.3509
43.0371
43.9601
41.7165
41.3588
41.3952
41.2071
42.4252
45.8720
45.3404
42.8446
44.1654
43.4448
44.3378
42.8129
39.3820
43.8116
43.9940
43.5878
44.6984
44.3684
45.1566
43.5597
43.6562
43.6680
46.0770
43.2530
41.7555
43.2902
44.2447
42.0973
43.1057
40.9777
43.7693
41.1627
41.7163
41.2986
43.5880
44.6695
46.4426
44.2763
44.0463
42.9538
42.0389
42.7457
41.3723
42.1811
42.5598
42.0128
42.6888
42.1187
44.7762
41.9750
43.3773
43.8407
42.9894
42.6533
46.9936
42.6921
42.6040
42.9329
42.2920
45.2442
43.7657
41.9711
43.5995
45.1365
43.2570
42.9171
41.8132
43.6181
42.2245
43.0107
43.6906
43.5232
44.1281
44.2831
45.7913
47.1248
49.1897
44.0268
44.1784
41.6585
44.6116
44.0152
45.1332
45.1885
46.6112
45.9636
43.0064
43.4701
42.1571
45.9982
43.5280
41.3425
44.4683
40.1840
39.6292
45.1183
43.3113
46.1948
45.4334
43.6105
45.6130
44.7127
46.6124
46.8728
49.1970
50.1303
45.2704
45.3514
47.9396
46.1406
46.1920
45.3309
47.3790
47.8097
44.5221
44.3828
42.3212
42.7208
44.4586
45.3596
45.0495
62.1715
62.8755
69.8021
65.3255
52.5933
62.4188
74.6291
76.9524
73.1016
69.3138
61.1335
68.1255
75.7011
67.9283
56.4461
62.8290
73.4619
74.5109
74.4352
77.5012
80.6687
81.6856
73.9582
70.4356
54.7465
55.9575
63.3725
63.6301
67.2951
65.1804
55.6749
62.3257
64.2311
61.3391
63.0426
66.8877
83.3407
84.2916
76.6995
77.0529
71.6011
70.7627
73.0950
69.7416
69.1393
54.7751
73.7889
64.3107
66.1792
72.9870
65.0422
61.5059
79.0376
92.9224
92.9678
59.6445
64.1805
62.3808
71.2566
64.2448
70.9226
74.3430
63.5893
66.0816
63.5050
65.3901
66.0108
65.0479
66.2583
68.1823
66.5976
71.0890
71.5526
69.0950
70.5740
59.9204
67.9693
62.0767
56.3004
57.0933
60.7069
62.6159
63.4872
60.4946
61.8817
65.3678
68.5838
69.6456
65.5044
59.1035
59.2618
68.1400
64.4705
61.2923
58.4592
57.6876
57.2737
55.3749
54.4990
59.2697
68.9199
65.5757
64.1233
65.9960
66.5970
59.2290
60.4449
66.0504
67.9038
67.2540
62.4408
57.3484
64.4052
65.0072
61.5184
70.3462
77.9565
61.7259
56.3627
53.8917
66.6740
75.3088
72.0741
67.5649
72.3904
52.0199
60.3923
62.1128
57.9565
53.0353
54.5742
56.5427
53.7807
66.2547
65.3253
74.4165
62.3067
56.2972
58.8858
60.2059
57.0104
53.7058
53.8519
54.0142
52.5461
50.6457
54.0536
50.9132
56.1907
52.4859
54.4706
61.1732
57.3778
56.0998
59.1292
57.9836
58.7254
52.0894
51.1324
54.8719
47.1918
48.1972
61.3173
53.8930
46.4405
49.1302
57.9808
55.1740
55.1937
52.1121
54.8863
61.4302
52.6357
48.1898
54.1482
52.1949
54.6927
55.6682
50.2712
42.7263
46.1004
43.9147
46.7730
44.8718
45.0126
45.7420
44.5831
41.0073
42.1663
41.5551
41.6904
41.7394
44.8531
47.9733
55.2446
47.7857
57.4969
53.5252
52.8160
48.0927
43.7561
42.2560
43.7798
41.8288
44.0673
44.9946
48.9564
42.4490
49.9515
49.0956
45.6715
60.6141
53.9251
49.1331
60.0312
66.2667
77.2661
69.1815
61.1353
69.8265
62.0024
62.5276
66.3593
60.8765
51.3536
44.0214
47.7707
50.1304
52.3318
52.4956
49.9030
49.5228
54.2485
46.2774
50.5937
43.1781
48.3752
48.8560
45.8269
49.9336
49.2863
49.9413
45.9909
49.4556
51.1007
54.4877
52.9418
52.3395
52.1831
53.9743
51.0279
48.7158
50.2218
59.6414
56.8637
52.7988
56.5443
44.1865
46.6304
51.6710
51.2721
47.2103
46.4524
51.0391
47.8062
50.0932
46.9459
46.5530
52.9195
49.1682
52.3587
50.9635
48.2660
45.5748
46.1822
45.0237
48.9323
46.1617
46.2895
47.0737
42.4615
43.3514
43.7653
46.4080
43.9622
44.9783
43.7593
44.1606
44.3336
45.1541
42.7715
45.9979
44.8228
50.6041
51.0117
48.3560
47.4315
46.6936
46.4389
47.9451
47.1237
44.6548
45.1272
45.4434
43.2288
42.8876
45.5238
44.2834
43.9710
44.1686
45.8448
45.6630
46.0275
46.8404
44.5413
45.3110
43.1735
45.0987
43.3481
46.4819
44.6342
44.1649
46.1106
40.9723
44.4634
47.0604
46.3823
45.8466
44.9264
44.2534
47.4426
47.9144
47.6098
44.6466
45.9638
44.5556
42.9598
44.6295
45.1723
45.5422
44.6484
45.8083
46.7688
44.2230
41.4905
41.0437
40.6759
40.2124
42.1483
41.5450
40.1873
40.2068
41.1911
42.6557
41.9441
39.9971
42.2027
44.3505
45.5148
44.0165
43.2155
43.4412
45.5145
45.1852
43.8594
43.8859
45.7989
45.2582
44.6107
44.3893
45.0746
46.8082
44.8772
43.5550
48.7348
43.0136
44.9840
42.1596
45.8041
46.0873
45.6261
42.0822
43.5369
45.1407
41.1557
41.2307
41.4384
43.0716
44.1777
45.0800
47.5602
44.1214
41.4953
41.1290
40.4014
42.2330
38.0598
38.6350
43.4151
40.0423
43.6104
39.9185
35.8277
36.8118
38.3453
36.5360
43.0237
43.1153
45.2735
41.3498
39.5727
40.2548
42.6004
42.6252
44.2133
46.1302
45.1499
45.2139
45.3869
43.3165
43.4434
41.0431
42.6008
42.8936
46.8466
46.4355
44.0245
44.3780
39.3487
42.6646
39.5730
41.8959
41.7533
44.7655
44.7795
41.0614
41.5030
38.1018
38.3088
39.9610
39.7884
39.3647
42.8958
42.6688
41.4384
38.5013
39.6542
40.9105
40.4244
41.4556
39.7980
43.7727
42.8381
51.2101
44.9306
43.4644
42.7322
42.1132
47.7035
43.9857
46.5146
44.8572
46.2119
49.2890
45.0196
43.7000
42.3706
41.0687
41.0007
42.0199
39.6843
39.4894
40.8104
40.6755
41.3480
40.7639
41.1196
42.5265
44.0300
45.3464
44.2913
43.7053
43.2057
46.0365
44.6386
42.5192
44.9555
43.5150
40.5063
45.4667
46.3364
49.1799
47.2468
47.7911
46.3352
45.1803
43.6074
47.3171
46.2270
46.3780
46.5412
47.9428
47.8610
45.1988
43.7696
41.4261
48.3864
40.6844
39.7844
41.0295
39.1932
42.4617
40.7949
41.8045
36.8158
38.2605
38.2634
39.1269
41.6189
42.5005
41.4314
41.7401
44.3121
43.4418
41.6294
43.3790
43.9061
39.8775
41.6219
41.2515
42.7097
42.5943
40.6772
42.9154
38.2615
38.6183
41.5036
43.5534
44.0214
44.4193
46.3003
43.9094
45.8107
40.8171
40.9931
43.3049
49.8521
44.3291
48.3753
58.3373
57.6053
53.5495
55.0666
57.3083
57.1481
55.4495
52.7768
52.8623
52.0867
53.3936
52.7625
53.2427
54.2121
54.3994
58.2085
57.2220
56.2370
57.5069
53.8112
51.0931
57.3526
59.2873
57.4066
58.0287
50.5728
56.0808
50.7948
48.4903
44.0064
41.6705
43.2376
44.2760
50.3046
51.4097
43.0573
43.6982
47.0109
51.9642
49.1371
47.2636
41.9526
43.9269
50.5469
51.6141
50.2806
45.4126
48.4105
49.8387
46.8390
46.1612
48.0135
46.3549
53.5540
42.9319
46.1943
48.1715
50.7764
51.8775
54.0788
43.0562
46.8546
51.7555
65.1116
59.8429
57.0714
61.7093
55.3301
53.9056
52.8893
52.4131
55.0153
56.5701
54.1327
52.5755
52.2951
52.8531
47.7431
49.5887
49.3642
46.2933
43.5623
47.5244
44.7829
51.8563
47.0913
50.6938
47.8376
45.0463
49.2038
49.5514
44.3857
45.5971
44.3481
48.8499
46.3685
47.8610
45.3253
47.6018
47.1135
43.6623
43.4796
43.2289
43.0543
42.3409
41.2452
43.6026
43.9501
40.7669
41.4941
43.3494
42.4772
40.4767
40.0836
37.9537
37.4375
37.5962
39.3874
38.7958
42.0496
38.6481
37.9568
35.9217
38.0578
35.6023
36.8158
38.1168
37.1645
39.3240
40.6549
43.3757
41.6099
39.6581
42.2193
41.3246
48.3209
46.8326
45.9994
41.2427
45.8706
45.1801
44.3983
44.3697
44.8016
42.5402
42.8760
43.1097
43.7205
42.0656
44.4296
43.6239
44.1009
44.2616
43.9980
42.7243
44.4653
46.3499
42.6822
40.6691
43.0790
43.4679
44.1336
45.4713
44.9657
43.9216
36.6141
39.7037
41.8056
42.1380
39.2849
39.4898
37.7133
37.5284
39.9601
41.4042
38.6903
43.2180
43.5655
42.9215
45.8900
42.1311
43.5404
42.9559
43.0074
41.6220
39.8443
40.5384
43.0619
41.9773
45.3286
44.1538
50.6704
51.1763
49.3063
47.7262
50.5161
51.4560
48.1561
51.3850
52.8412
52.4664
50.8114
49.9568
52.3591
51.3970
50.9974
49.2700
48.5238
48.1183
48.1507
48.5461
49.5948
49.7309
49.8262
57.1865
46.3239
50.3790
40.8337
44.4274
53.0709
43.7285
47.4762
55.4902
47.7910
38.7135
42.8210
44.6443
41.2541
50.4082
52.7625
48.3509
54.0254
52.1042
48.1408
55.4682
56.6382
58.5143
52.9214
49.8362
48.5421
50.7250
49.5114
51.7430
49.6149
50.2475
43.9182
43.7163
42.3426
50.3513
38.8832
42.8448
45.8827
48.7661
47.4671
52.5262
49.7445
49.7704
50.5470
47.4031
46.6193
48.0274
48.7642
46.1470
55.3553
49.2765
43.6831
40.6643
36.9978
44.0889
45.8719
44.1428
44.9922
52.8742
49.8590
51.3263
49.5526
52.2795
50.4512
52.1581
49.9711
52.2011
51.3221
52.0837
50.5869
51.3527
50.4787
57.3627
51.9430
46.0500
48.9299
43.4882
45.4985
44.8708
46.9496
54.7654
54.6762
57.0613
49.6112
55.7226
58.7532
48.3911
56.8094
62.5769
61.6533
70.6997
69.3680
72.4255
73.1478
69.6882
66.2649
61.6062
65.1274
58.2478
58.2582
55.2547
58.6331
60.8059
57.5435
55.7972
49.8562
53.9144
55.5251
52.3618
61.8734
59.2827
65.8520
56.5861
57.2065
53.7941
51.9688
58.5436
57.3024
55.4126
60.8328
60.7003
62.1883
62.2396
66.8339
55.6667
57.8037
56.5089
53.3115
52.6580
65.0150
65.2631
60.3266
62.7855
56.5710
55.3186
58.3845
60.2626
60.0320
56.3458
49.4741
43.9431
49.7585
43.0940
49.1644
47.0738
49.8150
53.2443
54.9331
49.7247
46.6448
47.7996
43.5085
53.0265
51.6874
51.0129
49.1174
47.5166
50.2154
50.1575
47.8642
45.5295
46.2892
46.1636
53.8866
54.3198
60.0365
52.2059
59.6174
59.5996
59.7504
53.6661
54.1631
57.9783
59.5004
61.3192
66.0917
67.4152
71.5830
62.6457
61.4049
63.3496
63.4943
63.6020
68.2430
61.3955
64.2494
61.3024
64.2603
62.4059
63.1146
64.8414
63.8238
62.0682
63.4775
68.5474
67.5998
68.8703
63.6414
70.1569
69.5439
62.7335
67.8987
69.3185
62.0773
57.8820
55.0429
56.6456
53.1757
48.0256
57.6824
52.7661
57.2232
43.6889
42.7162
46.6673
55.1252
45.9895
46.6138
53.4348
49.2584
43.7314
43.3412
46.0183
38.6895
42.7623
36.5099
36.4758
39.2810
45.3008
51.4753
42.9609
45.0157
45.4421
45.2755
51.3535
51.6265
56.4864
54.0354
52.0108
49.6558
58.0458
49.3290
46.5421
49.3798
42.9426
43.8376
38.7288
36.7593
37.4463
36.0255
41.3895
49.8208
48.8078
54.5181
57.2757
51.8830
61.8632
60.7415
57.0538
57.1715
48.1363
42.1377
45.0886
48.8973
50.4308
57.9715
61.4952
52.4509
63.9204
61.3279
58.3527
60.3603
51.7912
62.5297
60.3747
58.8103
68.9199
58.9996
58.2483
58.0340
54.0723
61.9344
60.0929
64.4190
65.3418
64.4118
65.8661
61.8361
68.4133
63.2227
58.4175
52.0253
55.5616
55.9010
55.2452
58.7151
65.5684
48.1593
49.4297
44.8471
52.0403
47.8018
47.4084
50.3750
49.7547
50.9291
50.7027
48.7885
50.6102
50.1529
49.0840
49.5000
52.9968
48.8849
46.5132
56.8753
55.9436
50.4332
48.4957
47.2793
47.7869
46.6497
46.2549
46.8192
43.8359
46.4360
41.9439
43.4803
45.0185
47.8702
51.9349
49.1033
49.6395
46.0951
54.5470
54.8499
47.7959
49.3827
43.6785
46.8235
50.3925
50.2109
50.4160
50.5573
50.9548
52.0645
51.0554
51.4263
51.4715
51.4213
54.1545
49.9314
52.7595
53.2157
52.5316
53.6097
55.8306
53.6314
53.1437
53.1851
54.8141
52.5360
52.6830
49.5665
51.1992
52.9750
55.2844
54.1616
63.5524
61.3545
47.7823
43.2996
47.1124
47.9045
50.9684
50.6608
52.4172
50.3916
47.2593
47.6636
48.8559
50.0365
51.6261
48.1369
49.8748
49.5084
45.6400
45.7610
46.8524
45.6241
46.2580
48.5597
48.0020
48.8567
49.8508
53.2752
48.0023
49.1508
50.7846
56.0583
52.6178
53.0858
50.3906
51.8991
56.1656
49.8323
47.5381
47.8397
45.2243
50.5288
47.2450
47.2676
47.1568
46.0062
49.5343
52.6760
46.6083
49.7477
50.1695
46.5901
45.6629
49.1228
48.9020
50.6767
46.4071
46.8062
55.8863
54.9865
51.9920
49.1733
49.0981
55.9393
56.1658
57.0654
56.7001
57.5689
55.7443
51.9251
52.8194
52.1791
47.7327
44.0805
44.5503
47.3461
45.8269
47.4992
46.1809
43.7312
45.0475
44.3593
50.0053
48.1274
52.5608
42.4587
42.3809
46.7915
42.8636
43.7814
47.2897
43.4850
44.5643
42.8781
44.0956
43.8819
44.9970
41.9415
40.5322
43.2934
45.3015
44.1620
44.0488
42.2516
43.5880
48.2707
45.6275
47.2107
48.0187
41.8629
41.2692
44.0515
44.0602
44.0416
42.4290
42.4198
42.5516
43.1924
41.4372
38.3053
38.7810
39.7633
40.4842
40.7151
46.6534
44.2642
45.2697
43.1369
43.3032
42.6241
42.0430
41.3716
43.8782
42.0772
43.6570
42.4895
45.7810
44.0627
44.3028
45.6240
44.7281
45.7741
47.5881
47.2949
46.0558
39.8289
41.4584
42.4751
40.9727
41.3075
41.9672
44.2532
45.3731
43.7187
42.1684
45.7123
47.8415
44.0667
47.3971
45.0116
43.3430
44.4018
43.3795
44.0064
47.2627
46.6472
46.6060
47.2760
47.4494
50.0156
42.7427
44.8756
47.7572
43.9978
49.1198
47.4987
44.2780
42.9911
43.1020
40.8846
45.3083
42.7761
43.1502
44.9687
48.5380
48.4010
48.1821
44.5602
44.9989
45.6252
40.1432
41.9280
42.3411
43.8951
46.4329
45.6223
44.4952
46.1686
47.2173
45.3204
45.0283
44.9409
46.9816
48.7938
45.3874
45.1987
42.7220
43.0406
44.4488
44.3251
45.8795
44.8962
46.7575
45.7151
44.7291
46.9738
48.1894
49.8465
49.4376
50.9187
46.8660
49.2365
49.9102
48.4519
50.8812
48.1638
45.4650
51.0996
49.7955
47.9985
52.6345
41.6278
44.0106
44.0008
43.0902
44.9774
44.5406
49.2032
51.0284
49.6449
52.3194
50.5510
49.9099
47.5426
47.8096
49.7753
45.2308
45.4841
47.2217
43.8272
44.0445
44.6061
47.3777
45.1825
47.4439
45.7177
42.8629
40.2398
42.1367
43.7751
44.7701
43.2068
46.2501
42.7701
43.6528
43.2079
39.5562
41.0819
42.2111
43.1787
45.0321
44.4044
45.6099
46.2821
44.8574
42.4673
44.9708
44.5523
45.3907
46.2935
46.0766
46.4051
47.5094
45.5810
43.5291
43.6522
45.4542
43.6027
46.0126
43.5799
39.9022
45.2907
45.2205
42.1560
43.0613
43.8975
44.4283
47.5803
45.8572
44.5891
42.8452
43.6911
44.0650
46.8371
44.9932
43.6777
46.0751
48.2758
48.5684
46.1121
43.7551
47.4212
47.5932
44.8563
46.4293
46.0534
47.1150
45.6535
43.2084
43.1943
43.7202
44.5672
46.7136
48.9599
43.1488
43.6876
44.0778
44.5985
44.2759
45.0528
45.7810
45.2042
45.1450
48.2072
46.5251
45.5234
44.2347
41.6931
41.1905
42.8996
41.5130
38.9510
40.8224
40.2998
43.1133
40.1324
38.9256
40.4491
41.0793
43.4509
43.1453
41.0671
39.9355
38.0251
42.5281
43.2008
44.6340
43.8755
42.3810
42.3312
45.4703
43.0123
44.3927
45.8567
47.7190
49.1594
47.5633
47.8220
47.5902
48.0992
47.3674
46.9395
53.2897
53.3636
53.4767
51.1669
49.5758
53.5759
53.5243
51.8468
54.2106
54.0566
47.5570
52.5829
52.8727
50.0321
50.4753
48.9407
48.8786
50.3442
51.9406
45.5525
50.3073
54.3729
51.4707
50.6903
53.0916
51.9082
52.3115
51.3643
52.1561
51.8890
52.5327
52.8213
52.7152
50.6720
54.4948
54.3600
53.2916
51.6435
54.8931
52.8458
55.6521
46.9759
51.0639
51.3617
51.2759
52.7411
48.5455
46.8025
49.5549
51.1344
51.9594
52.3481
51.3329
53.0491
53.4339
52.3154
51.7413
52.8164
52.5645
51.1849
51.4173
58.9786
64.3307
60.5402
53.0684
54.7102
56.2716
54.6936
56.3003
58.1292
59.6361
62.3179
58.6258
66.9498
60.1956
61.1988
63.8190
49.1211
52.1735
70.2598
73.3657
75.3324
78.1459
80.3291
80.3709
77.6452
74.4425
73.9025
81.1869
72.7577
72.0417
52.6533
64.3727
51.2485
51.0081
58.0769
52.5774
59.5858
56.8481
55.4779
48.5556
50.1864
60.3489
50.6701
57.2904
55.5449
60.8941
56.0139
54.0266
60.1421
52.2021
53.7981
56.2528
53.5997
49.3179
59.0825
58.0401
60.5166
59.3092
56.2285
54.3588
58.5223
59.2533
56.9602
61.9505
64.5504
64.5538
60.8335
55.1667
54.9219
54.7882
53.2362
58.2649
56.6243
60.6170
52.2450
61.2650
57.1700
55.4735
52.9711
55.6970
49.9211
45.6344
43.8328
47.9922
50.0126
56.1526
52.1297
48.8439
48.9411
45.9920
48.1480
51.0804
48.5285
47.1419
43.1299
42.9895
48.8976
46.0326
44.6936
45.7933
47.1284
50.6077
49.0853
49.9995
61.8680
62.4839
62.9469
62.1051
60.4663
54.3016
47.3323
49.3030
48.2341
51.4265
56.8134
54.3576
58.1900
46.1744
41.5973
41.4887
42.6238
43.6553
44.2638
44.4865
41.5093
40.6872
43.7022
45.8857
43.3682
42.0572
41.0027
42.1256
42.9048
44.0856
44.4135
38.2474
36.5979
38.6822
38.8645
41.5411
41.5352
40.2380
39.7470
39.1011
40.0907
39.3963
42.8641
41.8256
41.7767
39.0057
46.0214
41.9244
43.3468
41.3834
43.7801
40.2827
43.8047
39.8584
43.3065
45.7428
41.7333
39.6287
44.2574
43.9383
42.6389
42.5176
42.5461
43.6611
37.8855
42.2377
39.4367
41.8808
43.9556
44.3017
48.1301
46.7712
42.1949
45.3394
49.5819
48.9679
50.7777
44.9290
43.6430
49.1622
47.9960
49.7695
40.8250
42.7123
44.9908
38.0477
37.4730
38.1460
36.4323
36.6714
37.3839
41.9619
36.6034
39.6025
37.4756
40.0409
40.6451
43.2602
42.0043
45.7722
48.2440
45.6602
51.0032
52.0764
54.1275
47.2573
52.2357
54.7459
49.4871
54.2247
54.6478
51.7374
48.2747
49.3188
53.6318
54.1902
55.7555
61.1710
62.9712
59.9269
50.8338
58.3987
65.9441
56.1362
55.2232
51.6589
47.9305
49.4273
48.0162
47.8180
48.3976
44.9800
45.9784
38.6462
40.3209
38.8570
43.1065
41.8494
42.7869
40.7546
37.8831
43.3729
44.3740
46.5908
44.1111
45.3144
47.5120
45.3438
42.5423
46.1731
43.2850
40.2497
40.9331
43.0567
46.9762
48.9016
49.7594
51.4593
52.0868
49.8706
49.0236
48.8770
52.7345
54.2075
61.6073
58.4857
69.8992
60.4124
54.0624
56.7212
57.4514
57.9247
61.4728
60.4641
70.5181
71.3322
69.8821
73.6708
66.4140
64.6960
72.8240
63.5385
62.9549
56.0465
64.2405
58.1548
63.9943
68.7630
56.1760
54.3094
54.2207
54.9378
48.9711
57.7327
58.2610
50.8700
53.4614
62.8120
57.5477
59.1051
51.1242
51.6994
52.6335
47.4005
54.8484
55.5500
58.0554
48.0593
47.9356
44.8918
51.4983
49.1035
51.0954
53.0014
58.2084
63.3402
55.5201
59.2360
63.7823
61.5295
55.8174
67.6119
67.6931
66.2224
57.5106
61.6253
61.8724
58.2330
63.2264
53.6143
63.4657
63.5260
59.9881
61.8057
65.5178
58.7458
60.4533
66.8440
61.2862
61.0642
63.7358
56.5041
68.7552
57.3568
57.5802
60.2102
58.0436
58.0651
56.9201
57.7410
54.3944
58.6020
49.0713
47.0309
54.6690
54.8007
56.3908
62.3859
63.8928
59.7840
58.8303
55.2194
60.5529
56.6498
57.7658
62.6286
66.3977
64.3708
67.3170
66.1814
62.9067
67.0118
69.6786
69.6033
68.7867
73.1775
69.4863
66.1128
65.4125
68.2205
63.5189
65.5278
72.6284
77.7893
76.9325
60.5412
63.1702
65.8751
66.5894
54.3077
51.8261
54.3582
52.8571
67.7467
74.8069
69.9559
70.0230
58.3116
59.1681
63.6505
56.8094
53.4776
61.9970
60.4076
67.8157
62.3734
60.3406
64.9132
61.6626
61.5455
53.7772
56.5593
50.4405
56.5251
44.6125
46.2178
55.7183
59.3953
63.9176
66.3820
68.7962
67.0899
69.6542
63.4363
54.7208
54.8876
43.2834
47.5170
70.3537
76.0071
60.6904
68.1384
63.4163
55.7453
68.8194
51.6134
51.4837
54.0496
62.6788
57.9391
51.5003
68.4338
63.3012
66.6896
62.9777
52.7923
65.0862
56.2923
58.7003
57.9169
63.2746
69.8914
64.1373
70.9499
73.2984
67.8432
65.5301
57.9375
63.4049
65.0187
76.6319
54.8853
53.1195
64.0663
70.3223
62.7102
59.9443
66.9606
63.0009
70.2267
62.9863
67.8068
55.0482
55.9687
60.7746
61.4669
53.4923
50.8063
46.9382
45.5180
51.0375
62.0203
61.1578
65.5513
59.6993
56.9305
59.8780
63.8478
66.6002
63.0916
64.5855
65.0565
64.4700
64.7523
62.1922
55.9146
60.6048
57.0774
57.1559
60.2577
61.0983
68.1359
68.0465
66.4511
66.9611
72.4778
67.8366
63.3862
58.6992
59.6631
60.7982
66.5357
68.7748
70.7288
59.1783
61.2098
62.7953
63.3819
60.4127
58.5858
65.8572
70.0607
63.2552
67.6961
62.8196
53.5956
48.9066
56.1449
56.0602
65.9986
63.5424
66.6455
67.8808
56.9377
62.4776
49.8270
62.2932
64.9238
55.6043
57.8212
57.5756
45.9536
48.3206
54.8128
52.0707
54.6323
53.7575
54.2191
53.5866
47.0438
50.1025
50.4511
53.6216
55.4830
58.8936
61.1200
69.3162
64.9634
58.4834
60.1793
62.6164
64.5787
60.1424
63.0304
65.3963
63.6670
59.7302
60.3058
59.1514
59.6518
60.1786
58.6559
57.7280
51.3334
48.0741
48.6712
48.1689
49.6425
48.4029
50.7785
51.3968
50.0091
47.8665
46.5721
49.3341
51.6844
53.4056
52.1622
51.1874
48.6130
53.3281
55.3238
46.3156
49.4066
49.3826
49.8259
49.7413
50.5004
55.9277
55.4957
56.3445
53.3045
51.3713
51.6792
53.0068
48.1798
50.2599
52.1885
45.2718
45.8252
47.4752
44.0269
45.0997
52.3123
54.2818
58.1489
60.1937
48.8969
57.6677
56.1580
54.8808
49.1198
51.7773
50.7696
56.7570
52.4668
55.1602
55.1337
62.2978
57.1402
51.9487
39.0509
37.6667
38.5144
39.1579
41.5510
38.8019
46.3320
45.0067
39.1805
43.7826
42.2249
44.9629
43.7680
47.1412
46.0938
45.1849
47.8111
55.6063
55.0815
51.1005
52.3180
53.2026
46.5512
47.8785
45.1230
51.3502
44.2811
46.2670
46.3857
45.9428
43.9612
49.0152
55.6984
51.7633
55.1400
50.5693
62.0288
57.4874
54.7307
54.3843
61.0335
55.5821
58.6455
51.1867
54.2516
56.7017
65.7749
57.2042
58.3837
62.6151
57.9137
56.9221
63.0807
55.1333
56.2496
54.4966
57.7480
63.0992
64.3145
56.0291
57.2066
54.6492
67.0930
60.2992
68.0168
66.5820
65.7636
61.9708
67.0677
61.4399
55.1786
64.2419
58.4877
60.3546
62.0634
66.9742
54.2681
58.1651
57.0968
63.9484
59.1235
57.8327
53.9256
62.6536
61.7596
60.5299
59.1046
55.8371
61.7257
58.0950
53.4224
53.6324
53.8543
51.2666
50.8306
52.6585
44.5518
49.2678
50.1297
48.4536
48.0511
44.9259
45.2119
47.8345
48.4165
47.9465
51.0531
50.3349
49.8925
53.3728
51.5968
48.0406
43.9085
46.4494
48.9105
53.6293
45.2833
47.4637
51.3766
49.1792
50.8608
59.4795
46.9230
44.6433
43.0492
46.8511
47.0802
47.9982
50.4868
51.5020
51.1257
53.8454
53.6436
54.6867
59.1965
50.4981
51.8402
50.5886
50.2365
50.5674
52.9989
58.0538
59.4663
59.5290
58.3417
60.7433
58.7096
59.0710
50.4985
49.5141
58.5894
54.6941
51.7865
50.5963
57.1355
54.4113
51.4196
49.2504
51.2209
59.6147
56.6736
57.6442
57.7554
53.1394
58.1105
59.0871
54.4804
47.5674
46.8998
46.2455
44.8286
44.3282
44.0706
44.2991
45.1906
47.4911
43.2507
41.5986
44.3727
40.5156
44.0871
45.5274
42.7107
42.4087
44.4154
44.4466
49.4684
45.4015
39.8887
43.7061
40.2969
38.3883
42.5579
41.1973
41.9482
40.1612
40.5832
40.9621
40.6842
40.1541
39.6206
38.4972
39.7420
40.0697
39.6112
41.8012
42.5640
42.8159
39.9533
38.2399
37.1888
37.4417
36.9457
39.9061
39.3914
42.4075
40.3797
42.9894
41.9581
43.7645
44.6560
46.4937
46.5722
47.4908
46.2771
48.2954
44.1615
52.1988
47.6865
43.5755
41.1877
44.7558
43.4847
43.1675
44.3629
44.5530
46.4812
42.0424
48.4747
47.2655
48.2487
43.7861
45.4865
50.8368
51.1227
49.4672
47.9656
49.7258
53.4804
55.5750
53.5593
48.4777
51.6411
54.9898
56.2358
49.5721
51.5361
52.0147
46.8010
48.4214
47.5794
48.2045
57.3748
52.6955
55.1087
52.4795
57.7718
61.5796
56.4308
56.5350
54.1420
53.9994
57.1698
53.4242
51.7832
49.0821
47.6849
49.6120
50.6800
45.7652
45.3742
41.0335
42.2438
41.1638
46.3158
49.7775
44.2001
46.5125
54.1542
42.4226
42.8472
45.3900
63.7962
66.6191
42.6634
54.3380
54.2969
52.3197
50.5772
58.0278
50.8643
52.3579
49.2636
52.7681
49.0492
51.0016
50.1478
48.7026
49.2370
50.5490
52.0394
51.8452
52.8250
55.5560
55.8975
56.0385
48.8635
52.2307
59.4726
55.2261
67.0456
64.5553
61.5319
58.2058
60.1985
55.8186
55.7839
59.0356
63.8562
60.0772
57.6012
63.1764
62.9909
58.2678
52.8098
56.5274
57.6080
54.4773
52.2466
59.8972
55.8889
53.0582
55.7731
55.5920
55.9611
56.4569
58.6654
60.3293
56.4545
58.9909
56.2791
54.9996
55.8366
53.9674
54.5762
51.0931
52.8921
53.6533
51.7127
54.4085
51.6472
54.8420
53.9582
58.6361
57.8696
53.4549
54.2038
54.2893
53.6640
54.6302
57.5613
53.6641
53.8889
56.7029
53.7494
53.1140
57.0662
50.4847
51.1525
51.6449
57.4045
62.2458
60.6208
56.3754
58.7742
55.9730
55.2668
52.7658
51.7270
54.5512
53.5881
49.7835
51.6994
52.9535
54.2178
54.7352
54.7795
56.6430
56.1150
55.0206
49.9107
56.5620
54.7155
53.7823
54.1587
53.7285
50.1832
55.1218
51.4096
50.8413
52.1001
53.0478
53.7624
55.2482
53.0622
52.8263
51.8273
52.5287
52.4061
51.1056
50.5493
51.1496
53.5447
52.8298
49.6690
52.6715
51.6852
54.3183
59.5300
53.6674
52.7088
56.8340
52.8536
52.9798
52.5295
51.5532
51.3750
53.3566
53.8312
53.6817
51.8865
54.3733
56.6412
53.2392
53.8044
54.0674
55.9793
55.5995
55.4241
51.7909
51.6844
54.0356
52.1403
54.7806
54.0571
52.7689
52.0762
53.4122
51.4548
48.9844
46.6592
48.1163
47.9236
48.6351
48.8349
48.1421
46.9228
52.5940
51.7687
54.4363
55.1055
57.9921
46.5734
50.4285
51.4289
47.7826
47.9539
45.3973
46.9434
50.4493
48.2612
51.3150
50.3549
51.3064
51.2289
47.8668
49.0290
49.2636
47.3467
47.9809
47.5823
58.7217
60.2272
60.7766
53.6675
53.5793
48.3544
43.4364
43.2678
50.9346
53.0894
51.7397
56.5337
57.6861
51.3170
53.5302
52.4028
52.0566
54.4242
53.7541
47.6273
49.7146
54.7932
56.0998
55.3325
58.5456
67.4721
60.1566
52.7650
53.9950
50.5740
51.7443
49.6544
49.5534
55.9897
55.9698
54.9551
57.6573
52.7907
52.4445
52.0603
56.1898
55.5052
55.0285
56.6379
57.3059
54.9235
56.3234
53.6065
51.7098
47.2813
45.7386
45.3539
44.3227
46.1590
45.9251
53.7477
54.2519
49.2820
50.5352
54.1516
53.8094
55.5443
55.7930
52.6261
52.3492
51.4722
51.4600
50.4721
49.8700
50.3628
48.1453
50.3529
42.4402
44.9699
41.0379
41.8193
40.9465
41.9567
42.5435
42.3057
43.8061
42.9836
41.4651
40.7245
42.4942
41.7020
42.1846
43.2107
41.9489
40.6410
39.7430
42.9562
42.1899
44.8664
44.2948
44.1765
45.8435
43.1810
45.8196
42.8703
48.5914
46.1345
48.5051
48.2210
53.0312
52.3592
44.0338
41.1980
47.1469
49.9729
46.4337
51.7908
51.0759
49.7305
49.3266
46.9782
45.9447
48.3823
49.7003
47.5028
47.9899
46.5226
46.0970
48.3519
49.7067
48.7704
49.9020
48.0852
49.4005
49.5964
49.8742
49.0291
49.0346
47.1881
47.3402
47.8980
49.4983
47.8024
47.7292
46.9965
46.5409
46.8015
46.5782
46.2141
47.0767
45.9036
45.9196
45.4198
45.3097
47.1170
50.3916
47.5114
45.7138
47.7498
47.5527
48.6463
46.1147
48.2471
46.9175
44.9318
48.6174
47.9180
49.9996
49.2505
47.7136
49.4632
50.0482
49.9204
50.1635
48.0911
44.7585
47.7140
46.3586
46.2066
45.5524
46.4085
48.5591
50.4508
48.6322
48.1218
50.6707
48.4495
47.7035
52.1674
52.1168
49.6757
57.7178
53.1659
49.9185
46.6701
47.8957
49.5983
47.8438
46.3682
47.5569
47.0744
49.7713
46.8094
47.7834
50.0629
44.8525
48.6603
49.2885
45.0736
49.2005
43.7758
45.2646
50.2232
49.7809
51.4251
54.3851
48.7689
50.7503
51.1411
52.3608
51.5944
51.6052
51.8019
52.4094
50.2574
48.9193
50.2273
48.7766
50.4875
49.5271
54.2573
51.8421
53.4223
50.1576
46.1328
51.2146
51.2456
52.6302
50.8127
51.0868
51.1273
52.0949
55.9302
55.2983
59.1323
53.3378
53.0673
58.1205
57.6817
55.3366
48.6867
53.7999
55.2429
53.5780
57.1442
56.6350
54.6052
55.6620
53.8384
58.2024
60.9576
59.4972
60.2020
57.2898
59.1417
58.5081
59.3506
62.3064
61.5491
62.9748
60.8368
58.2536
57.2068
59.6152
60.2249
57.6279
56.5010
55.4746
56.3834
55.2847
53.2691
47.0295
50.7103
50.0449
51.5358
53.6864
54.4007
50.6358
55.3359
51.3839
47.7590
48.4504
53.5452
52.3399
51.8050
51.7919
51.2445
53.0186
51.1869
55.8480
56.1170
56.2386
62.5836
77.8407
75.7918
74.9712
77.7190
79.0254
76.3067
67.8135
57.1411
63.8122
64.0334
64.1193
64.8236
69.9010
79.3847
79.5779
61.4518
69.2666
67.1295
62.7764
68.4326
64.7149
58.7703
67.5702
67.4020
71.5515
75.1743
74.6873
71.0487
61.1831
60.2664
49.2058
57.0120
56.7405
60.9991
60.6252
65.6666
67.8918
62.9087
66.9644
68.5589
57.4561
55.1125
56.5972
50.0519
54.2523
51.0717
55.4621
52.7130
51.5874
56.2888
52.7578
49.8358
52.7185
51.1080
53.9001
49.0721
51.5508
52.0598
53.2001
53.8213
48.4883
49.0314
52.3437
51.3317
49.4502
50.2749
48.0209
53.2833
50.2465
53.2152
49.9147
50.4490
47.6657
46.0655
49.1484
48.6772
55.5422
55.2943
60.0789
58.9599
59.0066
59.1002
63.2229
62.1171
58.1504
60.5248
61.1498
54.8735
54.5411
53.5469
53.8657
49.7643
47.7974
48.2330
50.5584
53.1285
56.2827
57.4079
55.0381
54.4324
57.3081
55.9523
56.1313
55.3839
58.3655
55.5499
52.3835
53.8043
52.8934
54.5406
53.6104
59.7105
54.4254
55.7974
55.3214
54.0597
54.9285
50.8689
48.3298
63.5006
62.4965
61.3093
62.2570
65.0569
61.6257
62.9243
62.9484
60.4589
61.6100
61.0925
64.3014
69.8664
64.3691
74.9706
65.0952
63.6617
57.8762
55.0622
60.9961
65.1758
60.4541
51.2047
59.2879
61.7639
64.0257
56.4720
64.7210
52.0697
47.9710
53.3981
50.4169
50.5640
44.0218
47.0779
67.9523
71.0121
61.8716
62.1704
59.1147
60.7248
66.4663
61.9270
60.0830
52.2146
56.3187
63.2229
61.1445
60.0234
58.3120
66.2451
69.4536
68.4562
53.7222
58.2575
63.3205
65.7331
68.7398
71.3828
61.8518
66.8178
57.7682
55.1592
63.4755
56.0889
55.5161
53.6512
54.1493
56.3434
52.0179
50.8172
51.6166
45.0234
41.1248
44.3552
44.3260
45.0624
44.8946
46.3408
43.9916
59.6806
60.7679
68.2326
66.6900
66.0816
67.8391
65.7274
61.7176
58.2826
58.0318
55.1036
61.7324
58.1103
56.7473
55.2822
58.1058
60.2458
55.0297
55.7763
57.0264
61.5094
60.8078
58.8090
55.2123
57.0296
59.6472
60.6707
52.2304
56.4596
54.3363
58.3979
65.7149
58.9380
66.7364
62.6040
68.8294
66.0621
62.3026
62.9609
62.5613
63.8405
64.5344
67.4861
68.8048
61.7929
59.6238
57.0687
55.1972
57.2540
58.5847
57.9627
58.4649
55.4124
54.8072
58.7186
56.8388
62.4279
61.5987
64.6921
58.6610
66.7332
67.2944
59.5858
64.3956
57.3454
62.7637
56.6710
62.2416
64.5941
61.6760
61.2116
60.2212
60.2526
58.8276
64.1697
56.4748
56.9355
59.3712
59.7269
56.6891
55.1057
59.5035
60.3769
60.7893
66.4348
70.8589
70.1871
62.8288
63.8514
59.1675
57.4367
59.8044
61.6935
59.5663
51.9591
47.5250
49.9201
50.4226
48.3465
47.7006
46.4141
47.1720
50.2791
49.6000
50.6986
51.3768
52.2809
54.0749
58.3485
54.8027
54.1480
53.2526
52.8529
58.5745
60.9469
55.9839
58.1105
60.6538
55.4990
58.4499
53.1267
66.7477
62.9264
58.5970
65.3708
62.5608
59.5777
65.1465
65.8542
62.8928
68.7383
63.3574
50.9488
68.3995
66.7408
59.8702
53.6619
60.1278
56.6412
66.3147
52.5583
59.9436
61.6094
52.7490
55.0849
50.7195
48.4280
48.9745
44.6337
43.0075
44.3167
43.4488
40.5508
44.9264
43.1606
41.0124
45.8938
44.3539
48.5419
45.7163
49.0439
46.5303
47.0785
47.3585
44.1508
45.0927
47.0401
43.8180
43.4121
43.1016
47.6616
48.1906
50.2484
49.8206
50.6169
52.2227
57.4351
51.1481
54.3862
61.9655
58.0146
56.5083
66.5225
51.9943
52.9992
62.9101
58.2099
54.8487
64.9236
65.2869
62.2946
74.9455
73.8779
70.9713
63.1326
66.0477
61.2896
64.9599
67.3012
63.6839
60.2263
63.7674
61.0194
61.6045
69.0630
72.3991
69.5388
58.8993
63.8642
63.3682
64.6940
61.3952
67.1989
63.6350
65.1381
65.3597
67.5100
59.8093
62.6254
56.0239
61.3397
63.5809
59.1332
50.1170
55.2288
60.9176
58.7866
62.8009
76.8396
72.2446
68.4239
69.6215
71.4534
80.2804
62.4243
65.6657
62.5728
52.4495
58.8316
56.6503
58.1663
61.5929
49.5576
53.9939
62.4328
62.1224
60.4602
58.8932
71.4047
62.5441
64.8378
71.4285
66.1054
68.3378
68.0144
78.7016
79.9561
74.4570
72.2631
66.1126
70.4936
60.6830
63.2934
68.7856
70.5559
71.9298
72.7011
75.4459
77.4281
72.5820
70.2188
70.1558
74.3154
73.7286
72.6808
70.2807
54.9190
60.2920
75.5543
64.6319
63.6072
58.3404
70.6526
67.2582
69.4073
68.8363
70.4216
69.7542
61.4782
63.0674
54.7562
57.7197
48.9322
57.8453
58.5296
59.3639
73.8057
65.5418
69.9090
69.8284
71.3769
72.3091
76.1714
72.5679
64.5779
67.0271
73.6274
78.9735
73.5440
58.3453
59.9636
53.4778
58.3100
62.0017
63.4009
60.1302
66.1590
60.9888
62.8433
64.0569
61.9547
62.2624
65.6024
57.9203
67.8870
67.7189
69.2391
69.5066
66.4252
65.9921
66.2845
62.7712
70.5561
66.9926
63.3670
59.6686
63.4262
54.9098
62.4811
64.6384
70.1285
67.9307
62.0765
63.8057
67.6545
63.8848
64.1461
59.9666
65.5944
65.3391
56.6318
50.1225
46.6368
51.3778
57.0467
56.6269
47.8443
52.1363
58.5706
73.1626
71.8897
66.6799
62.3694
62.2034
49.5225
57.6156
53.5509
56.4491
57.1058
56.7862
64.3876
64.0595
59.1234
59.6505
60.4219
53.7293
65.7117
61.6772
61.0441
64.4776
61.0761
55.9018
55.1068
50.1595
65.3013
60.4297
64.4642
64.2692
61.1994
63.0739
56.6961
58.1504
59.7497
60.3199
58.1357
59.0802
62.5913
65.4322
60.9396
59.6598
54.6154
56.0592
60.4358
58.2250
59.9651
54.0383
61.3328
60.1524
54.1023
62.6699
62.5955
57.2637
63.2171
63.2873
59.8508
59.6156
54.7353
52.5207
56.6613
61.1260
60.6075
68.7150
73.2448
68.7591
66.2249
59.8887
54.4691
52.4141
51.2789
43.9690
47.8956
48.8067
56.0359
58.1633
60.4464
55.3190
50.8704
47.5269
49.2995
46.2860
47.3466
46.4479
43.9766
41.9535
48.3698
44.3557
53.4983
48.1946
50.7203
51.1817
51.5739
49.9180
50.0267
45.7169
43.7919
50.6484
53.2065
51.1419
47.7140
45.8181
49.1592
56.2637
53.1570
64.7679
61.5130
57.9997
58.2691
52.6279
56.5807
61.0752
61.4106
67.3145
71.0076
66.4233
65.5232
62.3525
61.7675
60.2565
55.9731
57.6442
56.5825
64.6024
65.9740
58.9640
63.2694
60.3592
63.0275
60.0158
61.3310
45.0194
52.0032
49.7215
48.1818
49.8261
52.2328
47.1607
52.1092
52.7874
49.7166
47.6532
43.7173
46.0080
45.3084
41.3624
43.1340
42.0216
41.4135
45.4016
45.8762
43.6553
43.8100
44.9930
54.5277
58.2992
56.8741
59.6236
58.6999
56.3096
54.8633
53.2895
52.1814
49.8856
53.4170
56.4328
46.8300
44.6133
49.0947
48.9254
47.1999
47.2287
49.9671
51.9533
61.9954
45.7310
46.8306
50.0769
51.0009
50.7369
49.1916
48.9671
44.8906
47.0649
43.5597
41.4058
42.1664
39.9157
37.5856
42.7804
40.2666
39.6621
41.3569
38.7299
40.0288
36.6974
39.0514
38.3812
37.3777
36.7305
38.4341
37.6619
39.2845
42.6087
42.4053
44.2559
44.8748
45.0905
60.8386
69.4446
73.8163
71.7000
72.4794
59.0551
74.0755
68.4196
62.0296
55.7741
64.0981
60.1561
52.1739
51.4235
53.3498
42.0035
38.4892
44.6713
49.3493
42.7669
48.3438
52.4454
51.8456
52.6034
53.9471
52.7271
51.4391
56.6050
49.3041
45.1918
53.4516
42.9991
59.4655
55.7524
56.0231
54.3088
52.7619
49.6222
51.5244
50.0415
57.5960
59.5055
62.4091
62.8660
58.2083
62.6678
54.9516
58.6789
56.1146
60.2844
54.3179
54.5437
53.2951
50.5782
50.7013
61.6633
57.1919
66.6575
64.1717
65.4739
74.9012
71.2927
69.1521
62.5768
57.8368
55.3315
56.3891
56.5643
53.3526
52.3244
56.9887
54.0756
62.1578
61.6469
61.9433
60.9088
61.6471
63.2193
64.2740
59.6417
62.7424
57.0632
55.0801
54.2116
54.9903
57.0866
54.1363
47.5536
50.1610
53.2033
55.3032
51.4606
52.3012
54.0980
55.0119
50.3744
54.1737
56.0960
49.6463
54.4533
63.0113
68.6152
72.4116
62.6254
64.7371
70.2202
63.8469
66.0446
60.4736
60.7970
66.9759
65.3043
68.1128
65.2022
64.5021
58.0659
63.4814
62.3943
60.4032
59.2298
61.5640
60.4034
67.1700
68.6256
63.2589
65.2416
69.0291
63.7816
58.5048
59.8770
57.6034
64.3242
57.1106
56.1384
60.8481
63.4376
62.2008
57.0834
64.5865
63.1811
63.3437
68.0539
61.1937
69.1980
55.5384
60.4565
69.1921
66.7519
66.3564
69.5907
74.4292
74.8590
81.1523
77.5422
78.2162
80.3390
69.9090
69.2891
62.1412
60.3478
65.8419
66.8945
49.9056
51.2370
52.5774
62.7474
63.8295
66.7492
64.7047
57.3623
53.7974
59.6158
58.2038
56.3816
56.4339
51.0669
51.6395
57.5028
53.2027
52.0491
52.3974
51.5928
49.3318
49.2302
51.0199
52.2512
51.9574
46.6329
48.8040
46.9896
48.0759
45.0121
45.8733
49.3049
50.2397
50.4345
53.9452
49.1003
52.4903
48.8118
51.1027
44.4708
42.7454
38.5800
42.2339
44.1318
37.0829
36.6931
38.4603
36.4331
35.7281
37.1324
36.8268
38.4878
59.4738
59.6807
66.3194
68.4559
68.8710
57.7037
40.8582
42.0145
44.6196
41.9057
44.1777
46.4556
44.4787
43.2766
42.2623
41.5852
40.7664
40.1962
40.4250
43.8796
43.9747
47.6008
43.9727
59.1043
59.6400
68.8668
50.5913
56.7331
63.6269
58.7457
58.9762
65.9023
65.9751
64.7464
62.5584
57.2407
59.7409
50.2214
60.8878
54.1291
56.2617
52.4326
54.4820
53.5027
51.0361
54.4605
59.0398
47.9501
48.2535
49.3190
51.0523
49.5484
47.9106
45.9072
43.6137
43.4259
41.7420
46.8769
43.7099
42.7510
44.5196
40.8958
40.0139
39.2862
39.7654
37.2108
42.4324
41.6060
42.1503
41.2272
40.2763
41.8269
42.1318
44.1942
43.6828
45.0152
49.3304
48.2943
48.6221
48.0211
43.1195
47.0008
44.3157
42.1793
42.4847
47.6437
43.5602
43.3337
46.7149
46.7959
45.9528
42.4851
42.5593
41.8608
41.8796
39.7990
43.2031
40.8544
40.1276
41.1233
41.8668
42.6440
40.9438
41.7500
43.8107
41.9313
43.0548
38.5796
43.0395
39.1138
38.8287
40.6758
38.9656
36.6792
39.2597
41.4252
42.8610
47.7877
48.0812
49.2974
46.2053
54.8107
52.7347
44.6575
40.5667
42.2229
43.0839
42.3572
46.6173
46.2808
48.6598
45.1859
45.1632
45.0302
42.6357
44.2953
41.6383
43.7626
43.3517
43.7672
42.2151
43.2620
43.7562
42.5952
42.6400
40.3382
41.8283
38.7880
40.8653
38.8352
40.4218
37.5818
41.2667
42.4624
46.1658
43.6370
45.3120
43.8459
44.2423
43.9039
43.5367
43.4359
41.1103
43.1392
42.3733
42.7082
40.5176
41.6096
44.9721
42.7068
45.3828
50.1745
48.5414
47.5664
46.5872
48.6903
47.7286
49.2553
48.9148
44.7644
46.0971
45.1277
46.4309
47.4743
46.9908
45.9921
45.2843
47.2139
46.4269
49.4315
44.6167
47.3586
51.6469
51.8734
48.5028
51.1191
51.3504
48.8189
48.0065
47.5855
47.4999
45.6678
45.9470
45.1048
47.0006
45.6965
43.9909
45.9677
46.4967
45.0710
40.7553
44.1025
43.2594
44.2094
44.4446
44.4262
44.8670
47.7095
43.9800
48.6133
47.1101
44.0439
43.5613
43.0180
41.1312
42.5377
48.7365
48.3583
50.8320
49.8492
47.5558
46.4044
47.2180
47.9751
45.0633
42.5982
44.6539
45.8802
46.3597
46.1960
46.7080
45.8267
45.3590
44.2704
44.0166
43.7291
43.4138
45.5437
44.2760
46.0056
46.6799
45.2473
45.1448
46.8793
47.0014
47.3292
45.6719
49.1145
48.1044
48.0913
49.4178
46.6459
47.7614
47.1803
46.7745
48.1428
47.6738
47.1527
43.9687
48.6976
43.0571
44.0488
43.3442
45.0825
46.4624
45.7175
45.8641
44.3851
46.6559
46.7241
49.0866
48.0977
48.1043
48.6368
48.7867
49.8555
50.4893
51.9745
50.7944
50.6418
48.2061
49.0874
52.2216
48.8799
50.4529
46.1890
46.9616
47.7940
48.7447
46.6326
45.5415
45.4251
43.4202
46.0071
48.0374
46.9220
44.0025
45.2610
42.2648
42.8186
43.4565
40.4632
44.2338
43.9410
41.0886
42.0666
43.5178
43.0778
44.1673
44.5302
45.4153
43.9593
46.2854
45.6484
45.5445
48.9697
48.3939
48.3768
47.7411
48.8791
49.6050
50.7499
51.1455
48.2962
47.9696
49.4078
50.8651
48.2082
47.9833
45.5126
49.5773
51.4568
47.3243
49.8984
50.3294
46.5680
46.7004
44.3816
46.8018
45.6563
47.4345
48.3358
49.6722
48.7572
49.1121
49.1231
50.3356
53.3316
52.8134
52.8768
42.6488
39.9808
45.3367
46.6712
45.4115
48.5919
50.3652
53.0166
49.0605
52.9684
62.0744
64.0381
62.9913
58.3341
58.9127
63.0874
62.1955
63.4345
64.0847
67.8491
58.6492
58.8301
57.9175
57.6625
60.0205
55.4966
54.9675
57.8456
61.0321
61.1389
57.5604
59.7728
56.6636
55.0110
47.1772
50.6275
51.3535
58.1637
62.2621
52.6093
60.0036
52.5196
50.3991
57.1639
59.9305
59.9193
48.4074
50.6717
50.5314
51.1894
66.6586
71.9406
75.1947
72.6373
64.1451
68.0993
65.2471
58.6140
56.4526
61.4143
55.0994
52.1645
56.2668
61.6779
60.3487
56.0378
57.3475
60.5357
56.3681
56.1740
57.8551
58.9600
59.7223
62.0131
59.2550
60.3755
62.2540
61.4126
61.7567
64.0235
60.3450
62.8121
60.2848
58.5205
58.4224
50.3853
57.9834
61.4322
63.9724
40.6903
44.5097
41.6351
42.1488
44.4042
43.7377
45.5627
43.0653
44.2355
41.0249
40.4296
42.9324
44.9526
48.7664
52.5432
50.4891
53.2883
55.8649
54.6005
53.0800
53.7287
51.4224
49.7587
49.6535
45.4610
48.5671
47.2606
48.5794
53.2970
51.7044
48.9329
50.4546
52.2887
55.2122
55.7301
53.4306
52.5975
53.8341
52.9066
51.2558
52.6134
61.9619
59.0535
58.9735
61.5544
60.9332
59.6760
68.9095
76.3472
74.6567
72.1697
67.6754
73.6047
76.2986
85.5215
80.1263
79.0023
76.9488
75.6326
72.9520
69.3016
70.4471
68.4731
63.8521
55.9678
60.1551
61.1163
61.5796
54.3225
49.3811
49.2998
48.8685
51.2949
47.7756
51.4275
53.8497
47.9411
50.0800
52.9108
51.8300
47.7513
46.1932
48.7460
48.7254
53.1170
49.9964
49.0825
48.0257
46.1427
49.8236
55.8891
49.3941
48.0681
45.6175
48.9298
48.1254
47.7169
48.3869
47.2924
48.6183
45.1380
49.1858
51.8094
48.4453
47.5973
49.6470
50.2219
52.4979
55.4843
57.5379
58.4577
69.0299
63.8910
62.1240
58.7251
55.1346
56.3090
51.0854
55.9450
49.8318
50.7003
46.5899
46.3127
50.8409
47.4388
47.5535
46.3827
49.3619
48.0598
47.3358
52.2057
51.2842
53.5652
49.8101
52.4311
54.9159
48.9451
50.4658
53.3314
51.3840
52.9573
51.8787
51.9042
46.0270
47.3620
53.4394
51.7809
54.4010
53.1965
54.2295
52.8660
46.9074
50.2201
48.2586
48.1770
48.2144
50.1352
49.1346
59.1914
57.7495
56.6885
57.3985
56.9919
58.3533
53.4539
56.7972
56.9936
54.4008
54.3853
59.0551
53.1041
55.5897
53.6352
55.5298
55.8764
54.9895
53.9255
62.4294
60.9534
59.8590
59.2176
60.0537
60.3835
58.1067
55.0844
56.1620
56.5515
56.7099
55.2436
56.7631
56.8732
58.7802
62.6744
67.3270
61.9129
60.2805
63.4589
62.3845
56.2604
58.5828
55.3659
60.9641
59.0468
71.9898
71.2472
75.9340
73.3000
79.6276
69.5400
61.2106
49.9361
52.3703
53.2390
57.5542
58.5733
58.8358
57.4531
61.8179
73.1558
73.5975
61.6631
61.5781
59.5760
67.5935
68.4078
72.1356
57.0050
52.2984
55.3149
49.2053
53.5078
61.7967
64.0583
67.5728
65.3136
54.5197
64.8629
56.1502
61.5486
59.0352
60.4487
59.9371
66.3546
58.3470
61.5329
65.7851
61.3739
52.5314
55.8923
51.2969
52.7346
53.8691
54.1277
57.2508
51.9046
53.9165
55.2153
58.4864
60.3244
53.6729
57.7870
53.5317
50.8413
59.7234
60.0271
58.9215
49.8218
53.3257
51.9819
53.4173
59.0464
57.9221
58.0528
54.2394
59.5960
61.5657
63.8159
54.8497
58.6846
54.4569
47.7888
52.5453
51.7769
51.6518
52.4777
54.0329
61.7426
55.3766
59.8259
58.3917
48.9457
53.8488
57.8315
55.1586
51.0689
52.7012
49.2227
53.3676
51.5507
47.7828
53.5543
50.6197
52.7480
53.7612
49.6464
47.9132
50.3391
47.8728
46.6103
53.0545
53.3195
52.0429
44.9207
52.5697
48.7368
46.9042
46.7434
48.6550
52.4694
50.3966
54.5331
59.1862
60.0586
56.2079
60.6255
60.3621
61.3077
57.8006
53.4960
52.1233
46.2941
48.8869
48.7660
50.0423
47.5862
53.4153
53.7883
53.2102
52.9625
43.0824
48.4595
56.8052
59.3791
53.1908
49.6027
46.5157
49.6810
49.0704
44.7353
47.0237
53.8671
47.9686
50.6378
49.5803
49.5438
52.0504
69.3880
62.6772
66.9545
68.7781
66.8843
63.4895
63.2707
58.4168
56.5121
57.3461
56.0848
64.3800
62.8976
81.3256
58.6195
47.8154
57.5555
59.9017
61.6613
50.4267
51.5915
49.1124
54.8594
52.9479
52.1239
53.5712
50.6563
50.3595
51.7418
51.7599
50.1766
54.7268
56.8859
59.4854
53.8957
52.4772
54.7034
54.0724
51.8916
52.9554
52.7584
49.1703
46.6541
55.2245
45.4097
45.4673
44.4111
42.3726
46.2428
47.3068
47.4736
50.5676
46.8846
48.8171
56.4410
55.9964
51.3770
47.1926
51.4479
49.0071
52.4715
53.7079
49.7548
51.0599
54.9631
52.8905
46.8669
41.6985
38.8108
67.8655
68.6870
62.0028
70.9549
59.5299
64.7966
60.6824
65.2380
62.5551
67.5565
68.4324
64.7824
64.4076
53.0360
66.2633
63.4268
64.1264
60.8732
59.4061
62.7725
67.5248
64.0532
68.3169
66.1807
71.4487
66.8058
67.2416
61.7471
66.6304
64.2225
64.1189
60.4596
61.2787
60.5076
63.7021
60.9863
62.8556
55.1179
53.0139
63.4803
67.5676
69.5280
63.0617
69.8335
73.3203
73.5233
62.7289
64.3756
64.5736
55.9130
55.9111
63.5515
62.3966
64.5359
61.5863
63.8105
56.8517
56.7856
61.7028
67.1856
68.5098
69.4353
62.1967
64.6704
58.0270
56.1281
58.5700
62.2913
62.3261
59.6433
66.5943
67.4675
65.6299
62.4103
54.7988
50.4108
53.0298
68.0822
72.5011
59.7457
61.5059
54.8288
57.2363
61.7976
71.2802
63.7884
63.3363
59.9621
65.8314
51.5032
45.7436
57.5415
66.1465
65.8158
65.8704
75.7779
77.0730
68.9192
69.8988
65.0362
67.6636
70.7192
57.5937
60.7702
61.3173
56.4995
58.7375
48.5801
55.8336
66.2824
57.5411
60.4444
60.0962
61.0957
62.6032
54.7893
60.7262
59.7403
63.9626
66.5037
57.0607
57.4569
61.2385
56.8300
61.2321
60.0032
54.9052
58.2846
64.3921
60.4990
54.5970
52.8251
50.6549
62.3101
59.0232
59.6892
61.6065
59.0319
57.3341
56.5808
62.4231
64.5901
61.4340
64.6522
60.4027
65.1157
64.3702
63.1499
62.9944
67.4824
62.8896
64.4388
65.2022
63.8202
65.7250
61.6087
63.9005
64.2677
61.5245
60.2285
65.6396
74.5586
66.6278
68.8175
82.9294
79.3912
78.2578
70.3113
74.1638
71.5028
68.3272
58.4962
68.5285
69.6825
70.7736
51.4956
58.9637
60.0696
57.7841
61.1725
58.3082
57.5784
54.3781
59.6610
56.8874
49.9075
47.7954
44.0874
46.2645
51.0304
47.5139
49.5044
44.9051
59.6321
53.0611
55.0527
56.8618
51.4540
64.2470
61.3578
54.4832
48.0143
60.2737
50.7500
60.4134
55.7895
57.2486
59.3415
63.4891
60.9558
60.1338
53.4590
57.2950
52.6341
61.6664
60.0133
56.8438
59.2486
59.1458
65.7348
61.1542
61.1502
59.1285
55.0287
57.5367
62.3918
63.5562
59.6280
59.8586
55.9684
55.1539
58.0884
52.0704
53.9609
50.6048
49.4098
50.5347
48.4905
50.8236
48.6591
51.0707
49.0193
49.1894
50.8716
50.8359
50.9239
60.4392
60.0496
63.2527
55.6612
58.6778
61.9244
66.6006
55.0986
60.9736
69.4491
72.2526
63.6240
65.4254
69.3165
64.2968
66.5427
78.1622
68.8363
54.6232
64.4338
62.6329
70.8724
65.0434
58.1704
59.2103
50.8601
63.6273
60.1297
64.3135
53.9611
50.6721
53.8971
57.2515
62.0960
66.3213
69.1808
64.0253
66.9955
60.1436
63.2855
65.0763
59.2820
65.6044
64.4634
61.2193
58.0444
55.4774
58.6524
59.2364
62.0748
61.0178
53.7347
56.6503
64.3872
65.3095
66.3160
61.5775
53.0148
58.2561
60.0179
58.2485
59.1742
54.8027
55.3389
52.8441
59.3796
56.9851
57.5850
60.9097
59.1145
58.1680
55.5536
59.4472
59.3490
52.8239
54.4869
50.2904
53.8846
54.6495
63.3054
64.6253
61.0266
63.3519
55.8964
47.9241
51.1552
60.6839
58.2282
59.6822
58.1144
58.3168
62.7619
61.8892
66.3276
63.8348
65.1037
61.7565
58.7879
61.2842
55.2087
55.7430
57.1417
51.5278
50.5247
47.9671
48.4683
49.5150
52.4125
52.0828
56.2087
57.1688
51.4370
48.1672
48.7208
54.1569
50.4329
42.5066
44.8507
36.5257
35.7935
35.9800
41.4823
37.7004
35.8377
37.1154
39.4918
42.0652
42.5635
42.4695
43.1021
40.8418
41.3564
39.6085
36.2801
35.6394
35.6999
34.5563
38.9103
42.0657
42.4571
39.7993
41.5997
38.6646
38.5824
38.7173
37.0284
39.9804
46.0125
43.6918
43.1526
42.5428
38.2046
44.8071
41.6061
46.0109
39.0268
39.7790
38.7260
39.2361
36.8574
38.9502
38.7447
38.9288
38.0311
39.6869
41.0633
45.8922
47.2735
47.3828
48.3720
48.8916
47.1736
45.8355
45.2595
44.7384
45.9131
44.1061
42.2289
41.3626
41.3551
41.8279
43.4697
42.7118
43.0175
41.9865
43.8849
45.8795
41.4589
42.5506
42.7840
42.1940
46.3325
44.3313
43.3706
43.3637
45.8178
42.6402
41.8708
47.1745
46.2924
48.1841
47.4327
48.6901
49.7882
45.5683
45.5391
42.9756
46.4090
46.3118
48.8753
51.8333
48.5887
50.7249
50.5976
65.8322
54.8699
51.4528
60.2631
56.0633
50.4194
49.4793
54.1698
58.3655
56.6779
61.1504
63.8292
61.0190
67.2280
64.3912
51.2065
50.2190
57.3745
57.4334
51.5895
50.7630
49.2467
53.1429
53.0772
55.2548
57.1380
53.9644
49.8998
57.3947
56.5245
57.5183
54.4896
54.3160
54.7255
53.1150
54.0192
53.4760
57.0321
52.5723
52.7212
54.3396
58.5221
59.1928
59.0174
55.8313
55.9977
56.8053
57.5789
62.7882
53.5156
57.4834
54.7605
52.3883
57.8734
54.1307
56.7666
57.4970
54.1026
58.2057
55.0474
52.2273
53.5485
52.0751
55.9793
48.3096
49.1085
50.5805
45.2938
42.9124
45.1527
46.3041
41.9302
44.0532
48.3080
49.0797
43.5667
47.5979
48.9166
46.2460
50.3031
52.4530
49.5467
56.2597
49.3066
46.3409
46.5869
48.0326
46.6284
50.7550
49.8541
44.5932
46.0185
45.6604
45.6924
47.9460
49.8640
48.8664
45.0313
48.3236
45.6143
42.9229
43.4398
48.5275
47.0225
43.4864
50.8604
46.6667
54.7213
51.1669
48.6602
52.1415
49.5030
53.8085
50.8108
40.2741
50.2373
43.2751
44.0325
40.7570
45.1831
49.5018
48.9385
52.0124
52.5780
44.5875
45.9015
47.3617
43.2939
46.6116
45.4466
47.6201
48.5232
49.8236
49.3338
49.4867
50.9901
46.7388
47.1711
46.3529
48.6222
48.5345
47.5231
45.4232
42.7257
41.3975
41.6912
39.0432
39.4512
43.5722
45.3966
43.0590
41.2212
42.0018
43.3479
44.5619
43.7000
46.4526
45.6555
45.9184
42.8973
44.1212
44.8740
43.4704
42.8125
44.4574
43.8760
41.3102
40.1808
40.3238
40.3563
40.0237
42.5406
42.8563
41.6253
43.0250
41.4016
46.6742
47.3339
42.4035
41.6393
40.4152
43.3664
44.6455
44.1800
43.2296
44.6079
42.8935
40.7186
42.6138
41.8643
41.2876
41.7882
42.9473
43.0207
43.5815
40.6737
37.4874
39.6223
40.2647
40.9140
38.6996
38.6564
41.1349
37.5894
39.4242
39.7052
41.1938
44.6617
41.0173
40.6922
43.2364
39.0576
35.9340
39.4904
38.4996
41.0574
42.7890
42.4767
42.4186
44.5964
43.1296
45.6759
43.6050
41.0219
40.5694
39.3515
40.1683
43.3259
45.7814
44.9508
44.6730
44.5617
45.4184
44.7688
46.5962
43.3015
45.9046
43.6207
40.7071
45.8766
44.9049
42.6633
46.2855
41.4042
39.4681
37.2848
37.6381
38.8639
41.2469
42.3214
41.3415
43.8340
40.2950
41.3602
40.3941
38.5620
38.7637
39.6722
40.4695
39.3889
38.6116
40.4895
41.1423
38.6757
41.5532
42.0734
43.0646
42.6739
43.4878
44.9956
43.4282
45.2650
45.3465
48.0092
48.5340
47.0516
46.8365
44.2586
43.4438
42.0565
43.5835
44.4155
42.5447
42.1961
40.4465
40.4486
38.8076
41.6654
41.4763
38.2174
40.7813
40.0422
41.1622
37.0222
38.4212
38.8071
38.8643
36.8189
37.9035
40.2982
41.7509
38.6769
34.8731
35.7470
39.4383
39.7694
41.2552
43.1882
41.7893
41.3796
41.3913
40.8828
42.1789
40.0593
37.2819
37.4345
36.7821
34.7361
36.2629
36.3012
36.2472
38.8754
35.8428
32.9862
33.6694
37.3159
37.9705
36.8035
39.7040
38.7637
36.5950
37.2784
37.0317
35.1116
38.4142
37.3777
37.1296
37.9821
38.0173
37.7613
39.9246
39.6058
41.3996
40.4090
43.4796
42.0076
41.5783
42.6474
43.0623
43.6282
45.5215
39.5756
41.3784
38.8162
39.3721
43.3531
38.8266
38.6422
40.4494
39.6890
38.0253
40.7332
41.1985
43.7291
44.1401
42.7900
43.4600
40.5047
40.3980
41.9918
44.0963
47.5336
49.2523
49.7363
48.3548
48.8186
49.8495
45.6549
43.4876
39.8966
44.7771
46.2322
42.0213
45.3043
44.1384
46.5410
46.1717
42.1779
45.4564
44.1199
44.1762
43.8165
44.2736
43.7739
42.6370
43.0200
39.6149
39.1207
38.3085
30.6735
35.7348
35.1301
35.7281
36.3363
35.8721
35.2829
38.3442
35.9894
38.5156
38.6172
41.6336
39.7089
40.0981
40.7497
46.8604
45.3649
43.0399
48.7073
47.3557
47.1024
46.6726
45.6973
46.5373
44.1226
48.4777
46.7687
43.8657
42.7850
41.6723
43.3102
44.1486
41.5486
44.3839
55.3976
55.3992
56.8141
44.4903
51.5921
52.3472
55.2227
54.1695
53.3865
55.8615
45.7131
51.3172
69.6461
62.9545
66.1941
65.8976
56.8515
46.1632
46.3336
55.5764
53.2785
47.5353
45.6705
50.1235
44.4529
44.8457
51.9934
45.3360
46.3452
52.3486
58.2504
60.3195
68.4580
54.0564
53.9372
51.5087
56.5463
59.4101
53.4066
54.9928
57.9945
55.9688
68.1432
64.7125
61.8113
51.5550
42.9919
50.4615
51.8263
50.3657
52.0408
56.8897
56.6053
58.6257
49.1643
62.1372
62.3693
53.7760
51.6329
59.9127
52.5390
55.9470
54.9891
55.9710
59.5682
50.7386
55.2225
56.0346
46.8466
42.4186
50.8301
53.6688
58.5098
41.9531
46.5839
57.2201
58.8068
58.3352
64.2367
46.2141
48.7675
49.2240
53.6342
43.4125
43.8773
43.1992
44.5792
41.6076
40.4320
41.4020
40.9485
39.9019
41.5119
38.7997
37.6282
36.7681
34.1990
37.4403
35.9217
38.5777
38.0796
41.7574
41.2905
38.8659
39.3098
41.9236
44.8780
41.6074
40.7965
40.8935
40.6309
39.0672
40.9886
38.7436
41.1617
38.0919
38.6067
37.5996
37.5933
40.0271
39.9692
41.6802
40.3873
43.3585
41.3238
40.0521
38.0050
39.5481
38.6180
39.3177
38.8384
42.2802
42.7739
38.9182
41.1908
43.2569
39.0047
44.9874
49.4305
47.9612
42.5300
43.3877
42.9738
39.4164
44.1828
42.0480
45.4081
42.8831
45.7978
47.6522
50.3568
49.5158
50.1792
50.3709
46.4790
47.0346
47.7848
48.8129
45.9322
47.1085
46.3260
46.9564
46.3848
45.7902
45.5472
43.6250
42.5083
44.4826
44.0707
46.0263
43.3475
45.4371
46.7678
45.8907
46.1094
47.7104
47.7875
45.5987
47.5080
45.0196
46.3695
49.0868
50.6923
51.7425
48.6263
49.7263
49.0029
46.5509
47.9834
52.0922
53.6237
53.1433
50.9672
51.4925
52.1402
50.4416
51.0274
52.9891
54.2191
54.6782
53.7054
53.2581
49.4003
49.8904
52.3833
48.7281
49.5841
48.5932
47.0253
49.3352
47.9381
45.9009
49.4325
51.1733
48.7255
49.2823
49.7002
48.8669
44.8352
49.4411
51.9511
51.2618
50.3165
51.4690
51.3869
48.3041
49.8380
48.8955
43.6363
49.2114
46.6411
47.3999
49.7537
44.7961
48.8452
48.5665
47.4019
46.9552
46.8410
48.5862
50.0524
50.3008
50.0155
52.1782
52.6801
52.9884
53.2810
56.2179
56.9211
53.3154
56.2550
53.7683
53.9709
49.3448
53.6303
54.2221
54.2350
55.6496
51.0937
52.7874
51.7052
53.0260
49.7121
46.1207
47.8529
47.2431
50.2427
49.5907
50.9206
49.2435
49.1408
52.6301
50.7072
50.6982
47.9658
47.9307
49.2238
46.5006
46.3628
48.3317
50.9321
49.3381
48.5912
49.2913
50.4449
52.3558
51.4775
50.3388
50.6012
51.3225
51.6013
50.0469
53.7674
54.0787
51.7625
55.5740
52.6035
54.3768
51.1873
51.2058
49.0088
47.5863
50.1158
48.8292
47.4333
44.8192
47.9356
47.8037
46.0233
57.8568
53.1641
48.3386
49.7369
47.2883
48.5870
45.9747
45.1892
46.7283
49.1686
46.5697
45.7786
52.7410
47.3147
41.3858
45.3604
47.0533
45.4451
48.4838
46.5560
44.3891
49.1422
45.9862
47.9762
45.8983
43.6702
45.0839
44.6023
45.0975
45.1593
44.3943
45.5375
45.6339
42.3018
43.3993
44.2843
45.7068
44.5781
43.4380
42.1243
47.1071
41.8600
46.5284
47.8525
49.2942
48.6302
48.7111
47.8294
49.8336
47.4923
48.3050
50.3550
50.4894
51.9680
48.2858
45.5811
49.9520
51.3409
54.8075
53.6411
58.9671
52.4432
51.6200
49.2788
50.5732
46.9536
48.3276
49.5046
51.0538
49.5553
46.8789
48.7788
47.8233
43.7820
41.5536
44.6748
42.5673
44.1980
44.0322
43.7271
41.8201
41.8495
43.4736
41.3421
41.3574
41.6204
39.9858
40.8270
41.7020
41.7507
41.1001
40.1842
41.1583
39.2695
38.3203
41.2055
40.8878
39.9419
39.0078
37.8614
37.3805
40.4095
40.5402
42.5754
41.2419
42.8546
47.4197
45.4830
47.6800
46.6368
47.5496
44.4870
44.5350
41.6108
43.8349
44.2976
41.1943
42.2915
41.8358
40.9701
44.2690
45.4173
44.5651
48.8894
48.8522
50.4443
46.5732
45.3119
44.8114
43.3278
46.7725
45.7545
44.9728
48.9787
47.5310
43.1178
44.8527
45.5688
45.8577
50.1704
50.1319
45.4662
50.4072
50.7540
54.8201
55.2498
61.0385
64.1376
55.3733
55.1088
63.7239
48.9031
65.3193
49.1837
54.4515
48.3549
52.2223
62.0194
54.9453
54.0509
59.0716
48.4757
49.5588
46.4985
48.5109
66.6634
73.0009
77.5548
74.5038
68.2323
64.4741
67.7109
60.4528
67.4570
59.3440
56.3520
47.9414
60.6745
64.2805
59.1115
51.7742
47.0663
48.9399
49.0274
54.5826
46.8483
41.7760
39.4822
43.3554
46.5295
52.6054
50.5501
49.6732
51.7742
50.7663
50.0665
46.3520
49.0059
43.9999
43.9157
48.6602
48.9001
47.1215
46.1172
47.7080
47.0900
48.6771
50.0397
50.5870
46.9798
43.6764
44.8359
44.8851
40.3200
43.5051
42.2340
42.4888
41.2582
43.2659
41.3383
42.9653
42.3878
43.2218
44.3557
43.4457
45.7107
46.4393
47.4146
45.9495
44.5906
44.4992
46.6964
47.1622
44.6467
47.7873
51.3103
53.9576
56.2768
66.5169
56.7437
50.5419
51.8499
52.7563
47.4881
52.5396
56.6340
64.8498
65.5562
71.3180
67.1358
74.6832
71.2504
72.8828
53.7823
53.5899
65.2824
75.5939
54.6128
55.7915
60.3917
50.5788
48.9833
51.3428
55.6095
54.0283
56.0966
49.2293
60.7073
51.8576
57.2711
50.0919
55.5005
57.1884
61.1167
65.5977
59.8559
65.2315
57.6946
55.6348
52.4390
57.2558
61.2305
52.9303
57.9024
55.0045
57.4734
57.0233
51.4426
50.6842
53.4578
53.5691
70.8728
64.1477
59.2858
62.1716
59.0879
59.3976
61.4529
61.8302
61.7212
61.3450
55.9109
58.5534
60.2489
62.2133
54.3862
50.4345
53.0516
56.5829
58.9789
60.1088
59.7178
58.1292
55.8654
55.7303
55.3674
58.0276
59.5879
58.1694
58.2260
61.9561
57.9507
53.6566
52.6704
48.7962
53.2025
51.7118
55.1349
62.2828
55.4856
64.7414
64.9929
63.9813
66.0427
67.6498
72.3992
67.1055
66.9027
67.1155
60.6567
61.4218
65.3374
71.1584
66.5206
52.6936
50.2004
59.3121
56.5619
53.2160
50.9934
64.7143
59.4461
60.3679
55.4770
62.2523
48.8744
60.2735
56.5262
55.6155
64.7370
61.7525
54.5349
56.0959
59.7943
68.2932
67.1680
71.6066
62.2732
68.9165
59.0131
65.7275
61.9876
59.4569
69.8367
68.9228
71.1826
65.8391
63.3978
68.9728
66.2838
67.3991
72.8760
66.1607
70.7468
67.6535
69.2279
65.9413
71.9879
64.6871
68.5392
65.8639
65.8504
58.2538
65.4527
63.9906
66.4795
66.8740
72.7422
61.8809
71.7179
80.5919
75.4535
86.6922
79.6742
79.1043
67.4495
60.2641
87.8477
78.7238
79.7184
75.9610
59.9825
63.1733
61.1283
59.3278
57.2374
57.1430
57.7378
56.4652
53.7798
55.8570
57.2318
57.8772
54.3526
53.0902
56.1652
49.2625
52.8344
57.7775
58.0763
59.2405
52.2878
54.1798
46.1730
54.0647
55.4326
54.0480
51.4168
51.0050
50.4812
56.1447
50.8498
49.1129
49.9629
48.9363
52.7605
54.0650
52.8060
52.8698
53.7928
54.1439
51.7274
54.3147
52.2499
55.2509
46.9677
46.4117
53.1923
57.9034
54.6180
58.9691
51.4946
52.8245
52.6040
48.5048
51.2276
51.3229
47.3994
46.0767
48.1680
45.6844
45.7363
47.7168
45.0745
48.2481
49.3083
51.0034
50.4681
51.1868
52.5250
51.3219
45.8640
45.6178
45.9395
45.3772
53.2794
46.4641
45.0622
43.6715
46.5654
46.1575
50.8321
52.3257
63.0643
60.7149
55.4619
59.3574
63.4204
65.6073
58.6680
66.9860
58.8244
58.8353
66.2228
61.8583
65.1938
64.7992
66.2113
61.8344
54.8511
60.4219
65.5108
56.2901
55.9184
62.8316
67.6574
62.3657
68.8135
64.2234
62.0434
66.8370
60.9336
56.5977
65.0977
59.1034
62.8474
65.9058
69.7093
57.8191
58.0700
65.5478
68.2066
65.5779
61.1950
66.4439
67.8372
58.9347
63.2920
62.6630
55.5670
65.1658
60.8932
52.4315
65.9417
56.0837
57.4398
60.5959
55.9964
61.5800
59.8447
63.2076
64.2777
63.6565
66.4233
64.0560
76.0029
65.3847
62.0154
58.4888
59.3860
55.8239
58.5168
58.3588
53.8586
53.0405
57.8651
55.9628
51.1694
60.5837
52.2423
47.1197
50.9890
50.2981
47.7273
61.1245
56.4066
61.4007
60.6323
60.5863
57.4662
63.6732
61.4829
61.0826
63.6769
55.2649
59.4434
55.8840
71.3171
70.0521
72.6550
70.5140
69.7506
72.9473
70.5945
68.0199
58.8168
55.3040
58.4317
58.0206
57.8005
67.4785
59.2937
62.3111
62.8423
64.5990
63.3655
60.8480
64.4295
60.4023
55.9253
60.6475
55.7051
59.4352
61.3832
61.9658
58.1737
56.7982
56.6651
57.4567
51.2609
53.5932
56.1502
55.8552
57.7890
65.2384
69.2530
67.9031
58.8496
56.5272
54.4732
59.1041
64.8242
66.7841
68.6080
62.7159
67.2056
64.5540
70.1234
61.7923
61.3275
55.3665
64.2373
48.2330
46.3922
43.5842
43.2732
44.3747
43.9816
46.8774
49.0255
46.4984
48.5846
48.8638
50.7575
50.0770
43.5691
45.0567
39.7829
39.3601
41.2893
41.6504
43.7139
45.4738
39.4738
44.8795
47.2536
45.9263
46.7994
47.1151
50.3819
50.4385
45.5579
52.2744
53.5992
44.1592
51.2399
55.9401
51.9357
52.7835
48.3723
50.0777
49.1580
45.5497
49.5051
49.7502
46.1151
42.0550
41.2729
43.3335
49.9902
49.9385
48.1766
48.7125
48.1955
45.8117
43.6257
46.1847
43.5712
49.3496
54.7102
55.5174
60.3861
51.8242
53.8067
54.2607
63.0008
55.3955
61.3977
59.0385
58.0856
64.2940
52.9320
53.3117
50.3726
45.1830
48.0052
44.8871
49.0640
53.3034
48.0661
47.3233
57.2106
57.8613
60.5807
51.8195
48.6685
54.3925
51.7182
62.2028
71.3126
66.0528
57.4395
71.9475
72.9312
63.6260
69.7829
57.7037
70.8172
61.8364
71.9015
72.8880
61.2553
61.5093
53.6267
72.6247
62.3533
67.9356
72.5237
72.3733
66.5925
72.9136
67.9508
56.2872
48.6286
57.9185
60.2942
57.2244
61.3474
52.4213
57.4886
55.6939
57.2530
51.3883
64.4241
56.9254
66.4134
62.6788
60.8758
61.8462
58.6462
60.0769
54.7994
51.8733
60.9339
52.9364
67.5338
61.9561
55.2038
61.9935
49.6653
46.7638
46.7625
48.4379
51.8392
45.7565
45.3261
52.3048
58.4607
51.9572
41.6177
52.3853
47.1152
62.9482
56.8055
54.9574
52.5098
47.4855
48.5854
46.3235
46.6938
44.7537
46.1241
44.7222
42.2601
44.3363
46.4791
42.3725
40.6268
41.6256
51.2780
44.5870
43.7785
42.1408
42.3022
49.4828
43.9754
42.0122
48.4591
49.8480
49.7399
48.9992
49.0171
45.7974
46.8074
49.2041
47.7627
47.3795
47.6475
52.2394
47.3347
51.7036
55.5620
54.3113
54.2074
51.3123
48.4267
48.0697
48.5822
49.5432
46.7717
48.2437
47.9390
53.2579
46.9855
55.8616
54.1192
71.7598
64.5093
68.9962
75.1576
72.0209
57.8523
58.2806
64.0872
65.8987
60.7762
59.2214
71.3959
64.7667
71.1763
78.4939
76.7843
71.3269
69.7271
67.8166
58.0422
62.0793
53.3111
51.8980
50.2799
51.4222
48.0719
49.0593
48.6047
49.4134
46.8656
46.6154
49.5171
48.9201
47.3149
51.0495
52.2229
52.8633
53.0102
52.7395
53.4599
53.4552
53.6030
55.3335
51.2317
53.0984
52.6223
46.9549
46.8632
45.7917
45.8176
47.3434
45.8853
49.2965
49.5652
45.6410
46.2042
49.6681
46.6584
44.1080
43.9694
43.5846
45.5587
45.9015
46.5285
46.1531
46.1378
44.6084
45.4051
46.2840
48.8956
48.6527
47.4153
46.4396
46.2026
48.3189
48.9948
46.8318
43.8987
43.7647
43.6337
45.9170
42.6690
43.4797
42.0624
43.7518
48.5376
51.9308
45.2486
44.1868
44.3675
42.5793
40.9719
41.9688
47.0436
49.0571
39.3854
40.9295
39.7481
44.4587
44.1488
43.2902
48.8428
50.3013
48.9843
50.1029
52.2322
44.3446
42.2197
57.5021
44.2506
43.6378
50.0251
46.3224
39.3566
48.0343
47.6359
47.6030
53.0688
54.1774
64.2498
62.6668
54.3861
65.5081
65.0773
54.5595
53.6979
59.3186
51.0152
47.5318
50.9713
51.5989
55.0323
54.1253
53.3159
54.2777
53.7603
48.7317
46.7951
44.1273
49.8535
49.4653
47.2916
51.7506
53.3294
47.5320
47.3052
41.5883
47.0489
45.6647
48.3922
49.9680
48.1521
50.6783
49.3803
50.8451
49.8131
46.4698
51.0537
53.4089
62.5579
54.3763
65.6487
62.1747
56.8285
65.0987
57.2082
53.1116
50.5922
58.2470
62.4722
64.4051
59.9154
61.3424
53.5035
48.8089
49.1528
57.3649
57.2874
53.1940
45.3153
46.0627
45.1187
47.4875
47.2344
47.3545
47.7258
47.3061
47.6349
48.1055
48.8148
47.6382
47.9726
48.3170
48.3125
44.9354
48.3135
45.9343
46.3695
45.5225
46.7666
47.0667
47.5638
46.7389
47.5832
46.9942
47.5835
49.1376
48.5347
47.6054
46.6728
48.1742
46.1386
46.1602
47.1333
47.3902
45.9524
44.8822
43.8850
44.7306
44.8671
44.3905
44.1994
44.7249
46.6722
46.5730
44.6941
45.8258
44.6679
50.5580
48.9865
47.7465
45.4134
44.0586
44.3253
41.4016
39.0843
39.3826
41.9523
42.0251
40.6059
44.7895
48.0484
46.1620
46.6411
46.4800
44.1654
45.6294
45.1884
43.4459
45.0708
44.3232
46.6835
46.5028
46.4498
44.5950
43.3727
45.6328
47.1434
47.5563
45.1542
46.5364
45.8058
44.3727
46.3638
47.3810
48.0260
46.6879
55.0600
55.6608
49.2669
50.9513
49.2264
56.7534
57.2012
60.6160
55.7012
62.7477
59.1310
55.8357
53.0890
55.1417
55.4327
57.4355
54.8421
59.7921
53.6181
58.0562
55.6619
60.8821
60.0712
54.2756
59.2721
51.9022
56.7371
54.1614
55.8557
57.2845
59.7426
53.3753
55.0698
59.4072
60.3196
62.1269
66.4967
56.3414
51.7922
63.8395
65.0612
61.2083
61.3172
53.6527
54.6245
56.3469
55.2611
62.4853
57.4526
61.3350
50.3917
59.2957
58.9176
65.2083
46.2554
57.0092
72.6644
71.7640
65.2870
76.7909
70.7440
74.5873
69.5693
70.3685
75.0805
72.2046
81.1493
69.1519
81.2597
66.0182
73.2799
71.7831
77.6895
71.6358
58.8548
65.3925
64.6343
62.5726
65.4537
67.4588
65.7642
59.2229
59.3511
65.3303
66.3280
64.8932
57.6464
55.4057
65.4579
59.6571
61.9115
62.1623
59.6974
65.6207
66.1985
62.5280
56.9928
55.8020
53.0678
50.2086
52.5641
54.3779
60.1674
61.8112
66.3361
63.6835
68.0981
69.3551
71.0582
67.1880
66.1906
60.9452
60.3633
59.7702
67.4235
64.1161
56.7016
57.9506
54.0455
66.5888
62.0152
57.3218
74.7028
62.5464
47.4896
51.0050
52.4911
51.1809
56.2836
53.6859
54.2772
59.3180
57.8929
56.3636
57.4014
59.0357
61.6163
61.9484
70.0980
68.9201
64.9208
58.6514
63.6532
64.8414
66.9438
62.3344
75.4874
69.4443
64.0861
58.7449
63.1012
66.5776
56.7295
54.4488
55.4886
61.6230
67.9276
63.5880
64.3072
70.5009
71.0938
70.5125
67.7638
63.0278
69.3192
64.9933
67.9977
69.7133
69.5851
63.6433
65.8918
67.6901
67.4670
75.4412
65.1667
69.6723
70.3935
59.6793
62.5387
55.4929
57.1076
56.0441
57.8454
68.6786
64.0704
80.5462
81.0397
80.0550
66.6094
66.7816
61.8396
64.4008
64.8877
70.4075
79.0381
73.4317
72.6588
70.2457
67.9949
62.3077
61.4551
75.2011
64.7403
72.4363
65.7513
56.6388
49.7270
62.1202
44.5948
50.7298
53.0809
51.1635
52.5387
54.3009
48.8113
48.3716
49.3810
52.8551
46.7204
47.1513
51.6611
48.9139
67.3278
61.6831
61.1902
67.5662
56.6961
65.9327
59.5248
66.5012
60.5641
69.1386
64.7252
69.3851
70.6619
60.1404
49.7364
66.9303
55.3238
55.9710
51.8145
55.5303
55.1313
54.3224
53.7349
54.8644
59.8141
58.8143
59.4962
54.5519
62.5475
60.9532
66.6404
65.0141
70.3232
70.3261
66.4898
68.3457
57.9403
63.6239
63.4259
62.0953
61.5446
67.2720
65.8931
67.0304
68.7486
69.9199
70.1689
69.1830
68.1438
73.7800
74.0654
73.2799
77.3305
66.0295
62.0598
69.0234
79.6027
67.3449
69.1609
59.3040
62.0693
51.7245
57.4158
67.7128
62.0354
59.4964
55.5399
55.0350
52.8203
60.0136
55.4314
59.1698
59.4367
53.1178
52.9133
55.8884
59.0232
52.6171
55.7321
71.3850
67.0985
68.4648
63.7161
53.5293
64.0044
61.3145
63.8108
59.9557
62.8335
60.2160
53.2077
56.4591
54.6454
55.9218
63.9484
61.1860
61.1604
53.3964
52.1083
53.5685
55.7881
57.3932
58.1745
59.7317
63.7855
66.8948
62.5641
55.8517
58.9834
58.8431
55.0145
59.7576
57.3051
61.1445
65.7519
63.1352
70.9021
74.3934
68.5775
54.1223
56.1143
60.5008
56.0900
59.1497
54.2872
74.0173
67.1066
59.6979
59.1005
60.0204
53.7993
56.5749
45.8702
46.6907
44.6701
45.3884
46.6929
49.0010
54.0320
60.4717
63.3601
56.4016
54.0050
53.0152
57.3547
57.0170
62.3048
52.6111
54.2371
65.3456
53.2484
61.2382
59.0187
56.8083
60.3175
54.9369
52.2526
56.8362
56.9921
59.0704
61.9591
60.2584
62.0249
58.8174
62.5509
62.2842
55.0594
56.8317
54.9126
58.5873
50.1161
51.5965
43.8944
54.8222
55.9635
52.6125
49.7295
51.4508
66.2850
61.4164
65.7799
69.1128
67.8712
76.6054
75.7437
73.3595
70.3310
68.6481
64.3162
63.6840
60.1652
63.7632
60.7594
64.7178
62.5694
66.5217
64.8787
63.5908
68.7211
61.8675
59.9395
61.3128
65.6257
57.9799
58.0704
59.3142
55.9012
57.9022
61.0940
64.2263
60.7157
60.1736
56.8837
57.5703
56.9323
65.3861
63.4352
65.9955
65.4064
60.0501
58.1611
55.8618
57.4797
54.9112
60.3977
65.9854
57.8354
59.2675
56.4893
66.3133
60.8749
62.3249
64.4025
70.8490
66.1246
63.0869
72.6158
78.4810
69.6012
69.5315
63.2013
67.4612
66.4510
66.2001
66.9679
71.2850
71.7432
73.3346
72.6064
73.3407
83.8493
80.6301
74.4506
86.0776
83.7736
86.5669
85.0125
77.8038
76.7871
79.2752
75.9200
74.9206
77.1893
75.5637
71.9412
73.0844
74.4091
70.7367
75.2282
73.4381
73.7150
67.4092
74.7133
70.6649
70.4316
78.3679
74.1520
76.9877
80.6268
89.8783
65.9124
69.8960
67.8419
70.3841
75.2331
78.4063
78.6518
67.5041
64.0434
63.2187
69.2187
74.9534
67.8281
52.4764
63.4841
67.2404
73.6230
69.0058
64.4495
71.8061
69.8155
67.5617
53.2193
68.7369
54.8712
67.6582
68.0776
67.2649
59.8337
67.3381
60.5710
65.6427
64.0216
65.7352
59.0096
55.3418
61.5934
54.1217
58.2108
60.8850
54.5436
49.8518
56.6284
56.7859
70.9877
70.1228
63.5084
72.4839
70.4458
62.8197
62.0563
60.2309
57.2557
60.5536
59.7366
60.4475
61.1439
52.0317
48.7208
50.4726
58.4941
59.2260
55.4951
59.9081
56.2990
59.1121
56.3031
58.1722
57.5446
62.9234
70.3337
74.6951
68.8747
64.8193
69.9677
80.7087
77.3228
75.3144
84.0057
76.6369
72.4988
79.4732
87.0955
58.9852
55.6458
56.6044
60.9915
66.0067
65.2920
57.5878
57.1415
58.2404
57.3070
55.2585
62.5895
55.8309
52.6541
60.0891
57.0812
61.3542
59.7750
62.4770
60.3926
63.3445
56.8026
57.7996
63.5229
53.4317
55.7078
49.1926
58.4396
51.1574
44.5273
46.9287
49.4813
54.1275
49.8709
55.4225
50.3876
48.4178
46.4897
54.0109
55.4173
52.3418
55.7565
58.3908
60.1958
61.2976
65.6737
59.5817
61.1224
59.0117
64.3833
61.7912
46.7477
57.6191
51.2254
53.3158
48.4581
46.0624
43.6806
44.5326
43.7387
47.5011
46.6894
55.5965
57.2085
59.6572
55.7976
48.0312
51.3259
44.9489
47.1511
51.5551
48.8088
53.7978
53.3540
46.1850
50.7649
61.2758
46.0334
43.7752
44.0880
43.6860
46.6764
43.7704
45.0837
47.8813
45.5882
56.9864
55.4385
54.4147
58.8980
61.4583
62.8109
55.0431
60.7218
64.6708
56.8414
59.9352
61.9195
64.0134
60.8907
54.8922
55.6323
58.8888
62.4388
57.1223
63.1933
48.4555
59.0361
56.9657
52.1494
55.9696
63.5209
60.3411
61.6988
52.6062
61.5823
66.7551
69.8654
59.0506
66.6900
60.0436
60.3816
48.6597
51.4136
62.1301
48.9658
62.2767
59.8355
61.7971
57.0607
61.7791
70.6110
55.5864
52.4368
40.6993
44.2216
38.7649
40.5297
43.2478
43.0035
44.3678
45.2760
46.1722
46.9028
48.0173
49.6928
44.8667
39.2407
40.3864
41.9368
44.2018
44.0487
42.7614
45.1547
46.2495
45.0873
49.5265
43.1197
52.2377
46.4173
46.2004
45.6576
47.6567
45.7579
47.7735
47.2735
44.7823
50.3281
49.9655
48.6961
51.2483
49.0264
47.9882
52.1148
49.4887
47.4951
49.7539
49.4551
46.9127
48.5614
52.0381
48.1601
51.8248
48.6643
53.3341
52.0759
51.6969
47.9660
46.8319
50.3835
48.6138
50.1562
47.7664
48.7921
52.9748
51.5580
49.5464
53.1386
46.8707
49.3417
48.0217
47.4876
49.6253
49.4401
48.5919
48.6879
49.7183
43.7746
42.0879
40.6541
43.0288
42.1082
44.3027
43.1102
46.3783
41.1454
44.8682
44.4468
45.4682
44.2197
40.7769
43.2913
46.4525
44.8133
41.9523
48.9853
46.9974
45.3211
48.0302
50.2549
46.3759
50.0744
47.6079
46.9634
45.1359
48.4438
46.1144
42.9297
46.0463
49.7467
43.0588
41.0387
44.4440
46.1536
45.7723
42.4203
45.6496
44.0678
45.1398
46.4389
46.7846
44.0867
43.6784
43.2167
42.9988
42.8151
43.3977
42.3894
45.0194
43.1445
44.9892
45.0635
43.8147
45.5733
45.4816
46.3421
48.0009
47.1696
46.2117
45.2355
45.4369
45.0349
44.0046
44.0671
42.1490
43.9057
44.6875
44.4446
45.1236
45.2253
43.9193
42.1505
44.1442
42.6610
41.7703
39.7393
39.7748
44.0640
44.8939
41.2456
45.2589
42.2986
43.6898
41.5301
43.2673
45.3296
43.5608
45.5308
43.3169
42.9030
45.0965
41.7298
41.4123
38.3669
39.9284
40.3410
42.0190
41.2866
41.9834
44.2298
47.5338
46.0467
47.8527
45.5804
44.3216
45.3513
44.6463
45.6376
43.8680
45.2778
44.5615
38.4790
37.2764
45.5765
45.1087
40.9629
39.7019
41.3418
41.1381
40.5289
42.7335
43.8353
41.0308
41.8993
42.7387
41.1599
44.2303
42.8647
42.0884
41.7727
41.4670
43.5383
45.8233
44.2805
41.6833
44.8343
46.0275
45.1730
44.1931
45.5172
44.4073
43.2073
41.1003
41.1680
43.8361
45.7130
42.0391
45.1073
42.2703
40.7640
42.3699
46.6695
45.6016
45.8621
45.6139
44.7774
45.9756
48.7414
46.4708
45.4054
42.6689
45.1751
44.6514
43.7853
42.3159
43.9329
43.2711
45.6832
45.3222
46.4438
44.8041
44.3754
45.1422
46.1658
43.9173
43.8881
44.3219
45.5862
48.4572
46.7773
43.5431
46.9766
41.4878
42.0078
41.9407
39.3209
42.8880
43.7034
43.9921
44.5466
43.0482
45.7749
48.5518
46.0930
47.7576
45.7535
43.9175
43.7593
43.2657
42.4951
42.3817
42.2778
46.3647
44.9339
43.9258
41.5896
47.5249
50.8529
54.5600
53.5712
52.9925
48.7909
48.6530
48.0148
48.8186
46.7992
39.8977
41.3836
44.0975
48.4407
43.3860
42.9204
43.0334
39.7922
38.1122
39.9144
48.2322
52.1967
47.6436
45.2705
47.6066
40.8420
41.3477
40.6613
40.8668
44.6376
41.2042
43.1336
42.8316
42.9361
40.0972
37.6166
37.1045
38.0779
38.5130
40.1310
40.8244
42.4054
40.3671
39.0542
38.5479
40.6385
42.1738
42.6565
42.1823
42.5284
42.3359
43.0501
42.0568
43.9481
42.5276
42.3196
42.5981
41.5233
40.4614
40.9842
38.3896
43.1404
43.2423
39.5128
42.1206
42.5873
41.3785
44.0413
42.0154
43.8725
43.9787
45.3454
41.1276
40.8056
42.4417
41.3955
39.5786
38.6646
40.7201
43.8634
43.3333
43.7403
43.0964
40.1316
42.6054
42.4920
37.1301
36.0896
38.2110
36.4346
38.6656
38.4650
42.5292
42.0427
44.3365
43.6923
46.6691
47.7732
39.3762
41.4620
44.3387
40.8916
43.7282
45.6880
43.9373
42.8171
43.8086
41.6959
45.2990
39.9508
36.3968
42.0207
44.7787
46.3805
44.4738
42.9552
42.9342
44.6958
41.2875
44.7175
40.4661
38.8360
39.9319
40.9790
43.7936
42.8635
44.5527
42.7885
45.0465
42.4510
37.9119
43.6675
43.5742
35.7030
39.6895
41.0676
42.7845
45.0102
50.9091
48.4289
44.0199
47.2618
47.9348
50.1579
41.6724
43.5023
45.4727
44.1269
37.9449
41.7423
43.0193
41.1805
41.8015
42.1724
39.3451
43.5736
42.3153
44.1967
54.6384
53.6082
55.7832
56.2911
53.2629
55.0409
51.6382
53.6012
52.3886
51.3396
53.3652
47.1324
50.4989
50.7332
49.2413
46.7111
47.0897
45.9068
49.2615
52.4960
46.9436
46.3252
51.1197
51.3316
51.8258
51.4146
49.9045
50.4070
48.8251
52.0700
59.9172
64.8174
67.8033
61.1737
62.3746
54.7794
67.8100
62.2130
56.9438
59.2566
66.3492
65.3198
57.2571
59.0353
49.1097
51.2894
50.6015
50.7844
41.8563
43.4970
46.9892
49.5365
46.6829
53.0037
55.1328
67.1004
58.6181
49.7337
65.3541
62.1866
55.6664
71.4279
49.6847
49.4915
52.6923
50.0951
51.9007
51.2060
53.1517
53.4045
50.8540
50.0148
49.8421
53.6831
53.6391
54.5585
54.4493
48.1268
51.9257
52.3659
57.3626
55.6035
57.9542
60.9028
48.6132
48.6134
45.9582
49.3256
44.9740
45.4614
46.8444
44.9611
45.3748
49.5273
46.8905
43.6281
43.4376
43.2958
44.4058
44.8938
44.1385
43.3225
41.7244
42.9470
43.1126
42.6371
45.6216
48.3697
50.4485
51.6840
49.8510
49.9150
48.9719
50.3169
50.4686
48.4666
53.4441
49.5993
47.8187
46.6429
47.5000
44.7351
43.0131
43.5313
39.5376
40.2643
43.5798
45.1208
45.2198
44.0781
46.2075
48.5648
46.6222
46.4627
52.9338
49.6241
53.1452
51.3643
56.6882
47.4655
56.7299
54.8730
47.9049
44.2227
44.4016
44.8028
42.7770
39.7778
41.2593
40.1877
42.3944
39.4785
39.1081
37.6156
43.7643
44.5207
47.4562
47.2625
42.7364
41.9221
42.0135
44.1025
44.1274
49.9247
49.7916
45.9395
45.9806
44.1083
48.6189
49.9842
52.7690
51.0843
51.2568
49.7871
45.9555
47.8134
52.2127
50.2502
47.0371
48.5241
49.0575
51.3649
52.3240
55.3099
54.2810
50.7699
51.5814
48.2981
49.1073
49.9455
52.1348
57.6723
50.1982
53.3813
54.9631
54.4237
49.2548
57.2084
57.1285
58.0020
49.0716
58.7028
49.4355
59.4389
60.1104
57.4253
59.5931
56.9324
56.3899
63.6401
53.4550
48.1353
47.6488
48.8209
50.5617
48.2256
46.0280
49.6603
49.4820
51.1148
52.0029
52.9786
48.2298
51.0852
58.6535
68.7147
57.5738
59.9198
52.5050
53.3850
65.5310
57.4651
57.5480
73.1974
73.3800
60.5528
67.9288
59.4076
54.9969
49.3814
47.6762
52.0973
57.2101
49.2606
46.9266
50.9111
54.9971
48.8807
53.6184
52.6512
56.5086
56.4590
48.6750
54.6186
52.8516
56.3873
58.0649
57.6697
59.5294
60.9605
64.1936
53.0011
59.0005
45.9063
50.6513
51.9004
60.2135
53.6381
62.0659
69.5976
56.5645
54.7442
53.8582
53.9213
50.7078
61.2619
53.6977
59.1543
67.9351
47.5110
55.4547
48.9163
54.6326
61.3681
60.5132
61.7277
61.9035
60.5919
63.9790
59.1985
53.1603
50.0245
46.0480
44.4470
45.0575
43.3330
43.8925
46.3042
58.0966
55.5573
51.7602
48.6166
48.6343
50.2444
46.0944
45.7560
41.2193
45.0808
41.2032
38.4682
39.3215
42.0824
41.5307
43.8880
44.5240
46.1349
47.0884
49.1082
42.6353
42.6340
42.9739
43.8999
49.0287
43.1252
40.3659
40.3718
41.1893
41.7315
41.6068
44.4304
41.3485
46.6227
41.7344
45.7229
50.5080
60.0389
71.3128
62.3807
66.2290
52.6093
56.7291
56.5489
59.5768
46.8274
61.0169
55.4701
50.1891
49.0117
58.4647
53.0068
58.4037
47.1676
54.3563
54.8504
50.0424
61.5195
45.4500
63.9572
66.8329
57.3778
64.2264
59.3643
59.3439
64.8074
58.4047
46.8107
43.9387
37.6519
40.8359
41.5118
41.2385
42.7436
51.4053
65.2754
73.6531
74.4470
69.5264
69.6546
75.2272
72.0128
70.0136
69.8528
65.9380
55.4940
53.8313
52.1456
52.7402
51.3067
57.2740
51.4125
49.9191
53.1796
45.8286
51.2108
62.2102
72.3522
66.4345
63.7916
52.3445
54.8389
52.9482
58.2057
58.6793
48.0041
48.4599
49.0132
50.7809
52.1310
46.3446
47.8420
48.4821
50.7447
48.8861
47.2755
50.1173
45.5535
45.6447
45.6009
43.8965
44.3265
44.3714
46.9746
46.0504
46.8851
44.2899
42.6732
42.3768
43.2620
44.6480
45.6479
43.5713
42.0544
45.6823
43.8348
41.7253
41.2009
40.4250
45.5105
44.2207
44.3697
41.2185
40.7853
40.7038
40.7752
44.4779
42.7064
43.1990
42.6885
38.9641
40.9134
39.4633
40.2621
42.5693
40.0559
40.6438
40.1351
42.5978
40.3277
43.0314
58.2008
54.2526
57.1806
53.6002
54.7703
48.9493
51.2596
49.9634
56.1836
61.1515
56.1387
61.8382
57.3355
53.5971
61.7747
66.1366
66.1030
49.6557
56.7777
53.8234
48.2414
46.1674
66.8544
43.6128
52.5092
47.4006
55.9842
49.4996
52.5152
68.7906
61.8272
46.1002
58.0432
59.0464
49.1233
54.0630
59.6656
52.3985
45.5451
48.3497
54.5253
65.2091
66.0273
59.3316
58.3218
58.0904
54.2986
59.3409
64.3983
61.9990
59.4807
65.1909
61.6138
54.8276
52.4381
56.5875
63.2946
62.7116
60.5440
56.8686
55.2787
58.3148
54.2129
47.8523
48.0543
38.5521
54.2148
53.7885
57.8117
62.0181
50.8807
61.4328
57.7576
61.7028
68.2239
66.3778
66.7523
56.2982
54.9922
51.3271
53.8458
55.2676
51.2447
60.0304
63.8847
53.2518
53.8751
52.0132
64.2032
54.7697
57.0782
52.2795
52.0929
56.0227
60.1012
60.0353
53.0966
58.5022
55.3873
55.6354
61.3337
56.9571
53.7716
50.5415
47.5538
47.6427
49.7740
52.0348
57.2098
56.8659
52.4251
60.0919
60.3562
59.9347
59.5443
59.1376
49.9538
48.6510
48.0983
62.8264
68.8893
65.9372
64.3304
62.8271
64.8521
62.6755
56.6576
56.9100
62.7992
53.2387
56.3385
55.0763
57.9459
48.8547
60.9829
58.5474
63.0220
66.4024
63.2820
59.2570
60.9203
58.1162
52.2075
57.5273
56.0417
54.2521
54.7669
55.3062
56.2075
50.8883
55.1780
50.1325
54.2624
59.0693
54.9284
51.0232
53.3478
50.1985
56.6765
57.1017
53.7862
49.7471
52.4281
53.5438
54.1399
58.1983
51.4341
52.4766
52.5135
53.2289
52.2908
43.4750
45.5476
43.6505
45.3266
45.5725
43.8549
42.8334
42.0268
41.3124
38.5708
41.0351
43.2748
38.4787
37.8796
41.3538
38.9236
43.3205
42.5263
37.9813
39.8210
39.6159
42.6781
48.5155
45.0672
42.7764
38.3551
38.3478
37.5749
39.8358
37.5775
35.8335
36.8110
40.6906
42.0867
41.5145
38.2157
36.2831
42.5904
41.2835
36.3932
39.5234
37.1126
41.3222
41.3293
35.6761
38.9374
39.1702
40.0823
41.8611
43.6498
45.8870
45.6992
44.3343
44.6157
45.6441
46.9011
47.7629
44.9991
47.3687
48.1954
48.3506
47.3333
47.6249
44.2986
41.4933
45.1528
42.5538
43.1336
42.3101
42.8146
43.4362
43.7185
43.3785
41.1582
41.7017
42.4870
46.5136
45.0417
43.7512
42.6921
40.7128
43.9899
43.8362
44.6911
45.6854
45.8266
43.5386
48.0444
42.9688
44.1460
42.6658
42.1688
40.0863
39.9941
41.9108
42.7455
42.8690
42.7626
39.9654
40.8574
45.0526
44.9001
44.6654
44.8885
47.5689
48.4146
45.4138
43.8314
43.3566
46.0807
45.1610
42.0156
42.3653
44.1214
44.8878
44.3798
45.2316
42.2872
48.7508
47.4677
50.7032
48.2806
48.9025
48.0440
50.9175
47.6629
49.2093
51.1041
47.9962
51.1396
48.6751
52.8762
50.8195
46.5320
53.3312
52.6256
52.1507
48.5396
44.3653
46.1781
47.5763
53.3704
55.2861
52.1336
53.6778
52.4456
50.1094
47.5756
46.0832
47.3288
44.9585
44.4283
46.7629
44.0321
46.1770
48.2176
48.6042
47.5734
50.0886
51.2443
50.3665
52.9244
45.9420
47.9568
45.8356
51.0623
51.1849
45.5472
46.1071
59.9910
48.2851
48.7510
49.4891
50.8132
44.9709
48.7535
53.7268
47.5631
51.7687
48.0267
48.2345
51.8708
51.4092
51.9958
48.6714
46.3000
44.7413
45.5919
47.6779
48.4764
49.6304
47.7086
50.3056
51.7440
52.2344
49.6820
54.4406
50.8739
54.1214
48.9801
51.0171
51.4253
53.2894
52.4133
47.3325
50.9667
42.9127
48.5532
44.7768
49.2884
51.8934
56.8680
55.5448
54.1302
54.7271
55.1826
52.3738
54.3246
57.7241
51.4688
54.1766
49.8682
50.5504
51.9156
46.2791
51.2388
53.6311
45.6749
48.7946
45.1761
46.3748
46.5678
45.5082
45.1047
43.5461
46.5744
47.5545
48.7286
43.1348
47.8974
48.1668
46.9329
48.5100
50.7056
48.9171
47.0514
46.6440
45.6725
47.7632
44.4774
46.8412
45.6632
45.6018
46.7664
48.2249
44.7139
42.5539
44.5704
43.2809
44.4975
45.3259
44.9086
43.8288
35.8858
41.3750
42.2539
53.7539
50.0848
46.4625
52.6583
50.7829
46.5034
48.8172
52.9304
52.4591
53.3770
50.3597
41.4954
51.7064
50.1067
46.3856
47.7290
46.8289
51.5482
43.4689
47.5535
50.7958
47.8144
43.3962
46.0476
47.0200
40.2869
39.2009
42.4099
40.1366
43.7784
44.4608
45.2047
44.3390
44.3569
45.6589
50.4850
49.4038
44.2847
49.2904
49.7331
51.6471
44.1231
43.5609
47.1077
47.6081
44.8646
46.5986
44.5800
48.3154
46.6608
47.4935
47.7090
54.8583
49.8595
49.4136
52.1010
48.3352
58.3389
58.7737
54.1032
52.2592
51.6970
50.1992
47.8843
49.7200
48.3437
48.3520
50.5526
53.1917
48.8963
44.3450
40.4721
38.2539
39.1737
42.3197
42.0373
38.9325
44.7115
43.1601
45.7278
43.8125
44.9186
44.4678
45.5065
49.0784
46.4618
48.7556
47.7507
48.2684
46.5312
45.6922
49.8648
45.0583
46.8981
45.2995
46.7434
45.7219
57.7947
46.0985
43.5481
44.5554
45.8891
48.5624
47.6383
44.2063
46.7851
47.8940
50.8418
50.6880
53.3205
55.3753
55.2364
53.7595
50.5645
47.4815
48.8561
42.7214
48.1384
52.4813
50.2167
50.0947
49.4766
50.4342
48.9032
45.7316
46.3112
47.5139
46.9803
47.8123
44.7567
49.3390
43.4792
45.3574
43.7035
46.8445
40.0774
49.6275
50.2176
48.0614
47.4418
44.5864
44.8005
42.2039
39.4607
45.9355
41.7333
37.8515
40.4054
40.8906
42.1695
40.5901
40.3945
41.9969
41.9634
40.7244
38.4197
40.1552
40.5160
38.1059
40.4672
39.5539
41.0071
38.5475
41.4312
40.3747
41.1641
38.3845
38.4088
39.8329
40.1164
40.7037
42.2931
42.8372
40.5828
39.2281
42.2022
43.1109
35.3750
36.3964
38.0458
40.1667
38.5914
36.5176
38.2161
35.9720
41.1709
37.8996
39.8685
38.1584
36.7577
35.1787
38.4846
38.0634
45.7295
42.7446
42.4515
44.4984
42.7591
43.5388
44.0761
47.4466
46.4638
38.5202
44.5925
41.6018
42.2051
43.6890
43.4656
46.5448
43.3210
39.9424
41.0704
45.4994
45.2751
43.4608
46.4388
43.0612
45.9012
45.6795
45.1236
44.1320
46.2924
46.3277
47.8014
46.3052
43.0077
45.5021
50.9924
49.6019
53.1434
50.6260
47.1775
49.2175
48.5096
48.0431
49.9547
45.6950
46.6488
45.6003
47.1657
49.3410
48.4427
47.4212
47.1977
50.0075
46.4559
48.1016
47.7330
45.2005
47.9370
51.1181
48.7985
48.1131
46.6044
46.5581
50.1508
51.9669
49.4427
53.5938
51.6126
50.8138
49.9079
52.9126
45.2295
44.1122
40.5035
41.5296
48.6430
48.1992
48.5436
47.0417
47.2887
46.1604
43.7566
47.3929
45.3675
47.4751
46.3413
45.4920
47.3812
47.5513
45.5417
47.1045
45.3605
45.7201
42.7018
42.5262
42.6824
43.9106
47.9320
50.3221
51.2731
48.8511
47.8520
49.7975
52.3128
51.7604
49.9803
52.4171
53.4671
53.9252
48.5386
56.3460
52.3332
49.7515
50.6281
50.1758
52.4730
50.6008
50.9756
45.9439
49.0997
48.8253
47.8268
46.9737
45.5192
48.6353
46.1436
47.1915
50.6673
47.8562
48.2347
47.9556
47.2497
48.7932
49.1546
44.9153
45.3180
49.0220
48.0966
51.3537
52.1620
56.8635
52.6684
53.6047
55.9133
53.4894
55.7760
51.5833
51.7902
51.3115
46.3507
47.9125
50.7527
50.1367
51.2375
48.4943
48.5732
50.3096
47.3429
50.0665
50.1191
46.9895
47.2181
46.8842
46.5149
43.4032
43.1891
42.1888
44.2807
41.5857
42.5367
45.2284
44.2006
46.2401
47.4808
48.4557
54.1037
59.0628
55.8760
55.6552
54.5208
53.1277
55.7837
56.2754
58.9143
53.2364
52.0837
50.3245
55.2727
61.6366
59.9633
57.2261
56.4427
57.1763
60.6734
58.0636
62.5156
55.7091
54.6995
49.1711
49.9838
50.9485
62.0837
65.8296
56.2041
49.8548
50.9122
50.6092
53.9051
62.7396
61.4125
58.4124
54.4193
54.8236
55.0002
57.8151
59.5192
63.1722
50.3869
54.6580
57.7699
56.6083
53.1488
53.2904
47.2990
46.3226
51.2493
46.5078
45.5077
46.2637
42.9700
44.2205
45.4823
44.0867
43.2809
43.3073
41.7707
43.8451
47.9408
46.0470
45.8367
52.6462
60.3976
61.3136
60.5248
59.1282
57.8250
59.4980
54.7832
62.0165
59.7668
44.2970
64.9447
56.5391
56.8564
57.6979
67.0069
71.1646
70.5875
61.3300
58.2101
63.3394
60.1871
51.8749
59.5495
55.6696
56.4651
61.0555
68.6939
72.0443
68.8005
49.4819
52.8017
47.5501
51.5724
50.2662
48.2573
49.2164
50.9110
52.1117
53.1070
49.5353
46.4526
51.3401
48.6571
47.3964
48.5469
49.8522
50.2952
45.0865
46.5439
44.4589
46.5773
47.5269
