29.0742
28.6733
28.0399
26.3302
29.8002
26.6318
27.5153
28.2956
34.0158
28.1031
31.7607
24.8253
25.7493
27.6973
29.3686
28.4836
25.9886
26.4384
26.7869
28.1776
27.5722
32.0043
32.7529
23.8559
30.7836
25.6299
30.4344
25.6611
34.1038
29.4238
38.5740
32.6337
43.9202
36.4889
30.7522
26.2899
28.2329
28.8149
31.2705
24.3944
26.6630
30.0859
30.8272
31.8205
26.0858
24.7993
26.4153
28.3236
24.7493
25.6087
25.7938
27.5759
27.0554
25.9041
29.5932
28.1669
26.9764
25.8496
26.7414
28.2606
25.5309
25.0633
26.4982
27.3607
24.8774
26.0688
30.4768
27.8807
32.4812
28.7024
26.7359
26.4306
27.8140
27.9322
25.9372
33.2177
31.9548
30.8822
27.7860
34.8479
37.3504
38.5122
31.3777
29.1768
30.5753
27.1313
27.6271
32.0757
31.4535
34.3634
26.1470
29.9901
30.7336
30.9481
27.6475
33.8325
31.5408
32.6133
33.0998
33.3514
30.2690
28.8688
32.2596
35.2073
33.4417
37.7721
37.4775
38.5264
32.9448
30.4620
31.5585
34.2124
35.6239
32.8007
31.2660
34.1865
26.7709
26.8509
29.1134
29.2033
31.0514
26.1036
28.3490
30.5113
29.1804
32.1893
32.9604
28.8488
24.3119
26.7304
27.6431
27.1883
31.6067
28.6648
32.5896
29.5289
26.5477
32.1656
30.8020
28.8291
27.6638
29.1405
26.9742
25.5550
32.1456
28.7196
29.4089
31.2258
32.5168
28.5390
29.4544
26.4881
31.4196
30.1705
32.6270
29.0923
30.5377
29.2096
31.2940
30.3754
29.8910
28.7488
29.5929
32.2146
35.8424
33.8857
31.3940
36.4111
31.4420
29.0245
32.2246
32.5657
31.0869
33.3727
27.0334
26.5981
32.8900
28.2573
27.6951
26.8714
28.5018
28.8386
32.4098
31.2086
30.9008
31.2256
32.7352
29.7111
31.5966
31.8917
32.7350
34.7836
35.6976
33.9155
33.7229
30.7663
30.1618
34.6726
28.7036
37.7523
26.8048
28.7098
25.9502
29.5938
28.7919
26.1576
28.5154
30.8811
30.5997
32.7802
39.4259
35.8260
29.8023
30.1311
30.2322
33.1873
34.7210
30.0126
31.7701
30.6124
29.0176
28.7683
28.6435
31.9367
25.8763
32.1193
30.5203
29.2818
27.7837
28.2523
28.2697
26.8183
31.2840
27.4274
27.1822
29.0264
29.7830
26.3809
24.6656
30.7932
26.7356
28.3589
32.1266
31.1697
31.2801
30.6998
27.1731
27.0212
27.9214
32.5804
29.4071
30.2766
30.4871
33.4101
29.6811
28.9935
29.5749
27.9052
27.7855
29.8360
26.8214
28.2887
33.1568
30.9088
28.0936
36.2819
29.7974
31.0618
28.0592
27.6497
32.7536
35.5922
28.7714
28.0217
27.5097
28.2958
28.4478
26.9122
28.1257
26.5367
25.8416
28.6310
28.0601
32.0051
32.6743
28.0442
28.0573
31.6037
29.3207
30.9674
37.5287
29.1679
32.3746
32.1052
30.6055
34.2351
28.9164
29.1544
29.2479
30.1043
29.5884
39.3232
30.1930
26.1917
30.4371
26.7363
34.0705
28.2308
30.5976
33.3584
28.6555
32.2412
28.2055
30.5484
24.5528
25.4359
26.1959
24.7683
24.7848
27.2002
27.4212
24.9460
28.6390
29.4663
30.0555
31.7191
28.1158
27.7508
27.1807
24.8338
27.8545
27.4132
26.7304
27.2496
31.8476
27.0058
41.4116
36.0442
30.6281
32.8625
30.7106
32.7858
34.3922
34.6831
32.3289
35.9476
33.4147
31.9443
39.0027
28.1310
28.1535
27.4366
27.6180
26.3187
24.9747
25.4236
25.2961
27.4845
30.8112
29.3128
25.7242
25.0167
26.9329
31.1051
31.1452
26.5484
28.8387
31.4575
32.4070
32.0118
28.0737
30.5175
26.3627
26.4673
28.8353
29.7849
31.1816
30.5093
31.5317
33.6817
29.3826
29.1360
29.5336
27.3555
30.1357
27.8904
30.6439
31.0389
27.6017
27.9197
29.0863
27.3836
31.1262
26.1014
28.5779
26.7590
33.0224
33.0580
32.6896
31.6730
28.9977
29.5901
29.9914
31.5984
28.0724
28.7121
26.3977
27.8476
28.7663
29.3205
29.6806
27.2959
27.7209
30.3320
27.2639
28.5675
28.5854
27.4338
32.3152
32.1710
36.9722
33.2262
36.3075
31.7971
28.8976
28.6842
29.8396
28.8832
27.6037
29.1060
32.8146
29.1675
29.0633
27.3572
30.4935
30.2520
29.4948
30.2598
31.8557
28.7365
30.3492
27.9007
28.8203
30.0946
34.3736
34.2651
32.5119
28.9014
30.0780
33.2992
31.4724
28.7107
31.8554
30.4772
28.9332
25.9997
29.2642
27.5254
29.3828
34.3977
30.5891
31.0010
30.1133
28.7749
30.4392
31.1768
33.9529
38.8605
28.8827
34.9899
27.3782
32.4401
28.0569
27.6413
28.4311
29.8213
24.0072
27.8286
25.2799
27.1223
28.4877
30.3583
30.6818
28.3150
27.7590
28.3296
27.6582
28.1318
26.6219
28.5131
25.8305
26.6103
27.5766
25.8952
26.2045
29.6759
28.4728
28.7133
26.9109
30.9502
29.0986
26.1488
28.3430
31.8990
32.5180
35.6960
30.3943
28.4999
32.6168
34.5504
32.6109
36.4652
27.0061
26.5046
33.5398
45.5284
33.4733
32.7863
27.7378
26.4639
27.9805
33.3691
30.9129
28.8842
30.2944
27.1085
28.9343
27.0104
40.2521
33.6297
35.0491
31.3548
30.4335
28.0166
30.5881
34.6599
28.3175
26.3933
30.6991
27.2031
31.0446
28.0496
34.4886
31.6977
27.9269
25.8255
27.0691
33.0888
30.7078
36.5082
28.1502
33.8761
27.9118
32.8368
30.8960
45.0398
30.1122
27.3903
29.9083
36.7295
31.2036
32.1941
37.8698
28.6734
28.4622
28.4742
29.4718
27.3419
27.3398
28.4243
28.9467
28.3660
24.7342
26.7835
30.6867
27.0435
24.0409
26.9934
30.0312
30.5496
30.8485
26.2613
31.2257
30.4097
25.8081
25.7265
24.8158
23.8195
22.5708
23.3823
25.7995
27.4833
26.4341
25.8562
30.6923
30.2043
25.5896
24.5074
25.4289
29.1308
25.6814
26.9950
25.2606
29.7304
26.3457
26.7150
30.6182
29.9291
31.8795
24.9781
26.7131
26.9079
26.0401
24.7788
30.0213
29.3880
28.9344
27.5817
27.7337
26.3252
25.7886
25.6835
27.3224
30.8654
29.3824
30.8973
27.9588
24.8147
25.2037
26.2181
28.6710
26.1161
26.5347
29.2021
31.7408
32.3407
32.1698
32.9245
29.5384
25.9741
33.3356
30.4738
28.3776
32.3784
28.9994
31.2455
29.2850
28.6770
29.0798
31.9269
26.6856
31.1840
29.8018
30.5003
29.4392
30.2752
29.2226
29.6047
28.2064
28.7759
29.8152
30.3289
29.3865
30.9744
28.6190
31.3753
30.9477
30.7685
29.2532
30.7533
33.8386
30.9075
27.7627
27.6245
26.2429
27.0476
27.4274
28.3038
28.6223
30.7455
29.3918
32.5428
28.5833
26.5757
29.6290
28.0967
30.1002
28.6895
30.5553
29.7319
29.1695
26.8204
30.0600
30.4139
31.3169
28.8934
32.2146
29.7983
29.4338
28.5253
26.2083
28.2408
27.8228
28.0699
31.7045
26.5084
27.4658
28.3004
30.8639
30.6602
31.1119
38.3640
28.9007
26.9433
30.2945
34.9994
28.9801
25.6068
31.9296
24.3941
29.9219
30.6578
26.6924
30.6004
32.0206
32.9450
32.2002
26.0770
26.5539
27.1467
26.6491
33.2863
29.7480
27.9563
30.0751
33.7128
37.1870
32.9555
29.7671
31.1653
30.9388
31.8108
34.8201
34.1553
31.2975
34.6668
32.1167
29.4713
33.2108
27.7199
31.3055
34.2891
34.4157
28.3358
30.8502
32.5055
26.8969
29.7613
29.0632
27.3535
28.2246
32.2428
31.0250
31.5894
28.8558
31.6656
32.3464
32.0260
31.7064
26.3038
30.1774
35.0101
29.5577
23.8990
26.8047
33.6252
29.7161
26.8283
26.4362
26.1108
25.8149
27.3078
27.1634
25.0817
25.8524
27.3136
29.0110
26.6978
27.9673
24.2535
26.3509
28.1373
30.0384
28.1892
28.4770
34.6281
31.0417
28.3176
30.3471
27.0227
28.7167
33.9379
32.7682
31.2194
32.4086
27.2399
30.9071
27.2732
26.6575
25.6429
27.4474
28.5079
31.4457
36.0966
32.9310
35.6340
27.8055
28.5225
31.6388
31.5342
40.2223
30.9479
28.4987
27.9482
27.3355
27.2658
29.4805
32.4777
26.1672
26.1872
28.1529
26.8996
27.4307
29.8288
28.6703
30.3449
32.2719
26.5537
32.8034
31.5276
27.6963
27.4676
28.0876
26.6960
26.5657
26.7689
24.1137
29.0363
25.9770
25.6341
28.5659
29.2021
30.1459
33.0917
29.2340
30.7737
32.7698
34.1058
34.3293
32.5081
25.5606
25.8535
25.4911
26.9925
27.9814
28.8549
28.4888
28.5026
31.7248
35.4887
33.2792
30.1464
31.9024
25.6917
24.6003
29.5711
28.4747
27.4525
25.0603
26.9888
24.4652
26.6700
28.4497
27.2954
30.7902
31.1775
26.3161
25.5016
28.3625
26.6599
27.2775
24.7695
26.8507
28.6360
30.9983
24.4024
28.6482
28.7034
29.0425
32.2734
31.3012
24.4671
29.1011
33.1348
35.5805
29.9095
25.6985
34.9778
30.4490
29.4677
28.6890
33.7334
31.8128
30.5095
29.3152
30.0007
25.7822
29.6906
25.3637
31.1228
25.1034
26.7212
29.1486
23.3466
25.5487
31.2542
30.5077
27.1669
22.1765
23.4699
24.6756
26.4899
27.9994
29.3820
22.7153
28.1476
26.0800
29.3570
28.3753
29.2607
26.0807
26.8920
26.2871
25.9702
28.5209
27.7194
28.0035
33.5314
41.7173
42.2196
35.2769
28.3265
38.0237
34.9873
27.6889
41.9414
31.0528
25.6093
27.1608
28.2971
28.6733
33.2586
33.1873
31.0627
28.6327
28.1904
28.7877
30.5411
31.9984
31.4366
35.2348
33.5055
34.8577
34.2972
42.6998
41.7340
42.2907
38.1505
43.5304
37.8964
34.6856
30.3064
30.9529
30.0960
28.7633
27.0610
25.5025
28.3829
30.6098
28.8092
26.8959
26.9697
26.2891
26.4622
28.8229
32.1158
31.9763
28.8600
28.3084
28.7292
29.6333
31.0881
31.4981
32.5034
33.4904
30.0656
30.7043
30.8825
26.2586
25.6355
26.5004
27.6560
29.9964
24.8999
26.2787
25.5603
27.7913
25.2823
31.8383
30.3149
33.6945
30.0629
27.5938
34.2360
24.7445
27.3470
24.9526
25.9330
24.6974
25.0702
23.8091
27.5825
25.9834
29.8754
23.6011
24.0668
31.8168
27.9006
30.9417
27.8828
29.0392
29.4711
34.9355
26.5177
31.2224
24.8778
29.2980
39.0759
33.0867
27.8074
28.2242
27.4891
27.1608
26.9807
31.1757
30.1569
31.3263
31.3105
29.0700
29.4777
32.6195
27.9034
28.2466
31.7149
27.5667
26.6837
27.6541
31.0924
32.3402
30.9195
26.9071
31.5914
26.8453
30.1810
31.3511
29.9534
32.2387
28.1372
25.6594
31.5646
32.1227
26.2483
22.6407
27.1998
26.8989
29.8794
26.2110
25.9002
23.2430
27.2813
24.4464
28.6113
24.1984
26.3515
28.2945
29.2644
30.0835
25.8465
26.0691
31.3928
29.1536
29.7881
27.2057
31.7096
33.3370
33.7535
27.5086
29.6665
29.3878
32.7879
27.7103
26.7676
28.2515
27.3671
28.1403
26.8449
29.8191
29.6567
27.0924
28.3529
28.0100
29.3800
26.1844
30.6753
28.4564
31.0443
31.8698
31.5661
28.6661
29.6979
26.0293
25.2020
24.9153
26.6341
26.1616
27.3018
32.7050
26.7776
25.5231
27.8009
27.8973
27.2256
29.5799
32.1694
28.5330
32.7519
26.3463
25.9303
30.6578
27.3248
27.3961
31.3303
27.4185
29.9122
32.4320
26.4806
29.3425
31.0150
26.7089
30.7649
29.9541
28.9812
28.3494
28.6828
27.9611
27.3090
28.6316
26.1012
27.2590
33.4903
26.2724
28.4213
28.6249
29.2792
25.9704
28.2720
28.9423
28.6391
26.4413
30.3376
26.9713
26.3122
31.8164
37.6941
34.9602
37.5850
31.7917
36.1954
34.3742
36.0776
37.7860
37.2232
28.9772
30.0290
30.2326
30.9699
30.3132
27.6399
25.5125
30.2645
26.2824
30.4558
29.4900
32.1362
29.5607
31.3854
29.9881
26.8606
29.2029
28.6240
30.0361
27.2903
28.2467
26.9687
24.0421
27.3968
32.1003
26.6289
30.6813
29.3485
29.2007
30.4703
29.0606
29.9904
27.7129
31.7646
28.4864
27.3053
28.5186
27.2851
31.2128
26.4464
25.8242
25.5937
24.7056
25.2381
24.3634
27.7748
28.6318
30.2729
28.8252
26.4379
28.1330
29.2622
29.1998
28.2844
29.0880
28.6776
34.0094
30.4105
31.6907
36.4000
30.5936
30.0339
30.8385
29.1554
30.2909
29.7985
29.9322
29.5807
31.4934
28.4100
32.5535
30.7016
30.9544
31.8514
28.0979
28.2496
28.2281
28.3638
24.5384
26.4564
29.3318
27.3770
28.1381
30.5814
27.4098
29.7478
30.0344
26.0295
32.0415
31.7767
28.4559
29.3937
29.4271
29.3444
36.5630
29.3946
28.0943
36.3306
28.2754
28.5153
26.3926
24.9614
31.0444
25.9404
28.6302
29.9333
27.4009
29.3690
37.8949
36.1815
35.7490
33.0964
31.1270
29.2433
30.3893
29.4564
27.8386
27.9281
28.2100
33.0858
32.7192
27.9314
28.6826
25.7320
30.7631
31.1270
28.4304
34.2667
24.5877
25.1976
26.2246
26.5223
27.0565
25.8515
27.4015
26.8308
26.8404
29.9220
29.9384
27.9292
34.0961
29.4768
26.2296
27.3476
27.9959
29.0384
26.7341
26.2290
26.4656
26.3006
25.9262
26.6942
26.3969
27.0066
25.2596
27.3234
27.5750
30.6474
27.9448
26.7380
34.7132
38.0642
33.2393
33.5444
34.7682
32.3832
31.9032
29.7806
26.7120
30.4536
25.2847
30.1316
30.8581
25.8820
28.4189
29.1604
32.1648
28.7456
28.6946
30.9507
28.7672
23.9659
31.8558
31.2704
25.4751
25.3680
28.7680
28.7715
27.6578
29.1570
33.9971
29.1872
26.9876
31.7069
32.0779
27.6102
31.7518
30.3375
29.2979
28.2097
24.9001
34.7401
28.9717
25.7057
28.1150
26.2675
29.4545
27.7885
27.2179
31.8919
28.1638
31.7728
27.2666
27.6695
27.4357
29.4375
29.5415
29.8368
26.2724
27.3032
31.5172
29.6888
28.9281
28.7104
26.5407
28.6754
26.4644
30.4749
28.7656
27.8972
27.8611
34.5644
28.7176
28.2423
29.2872
31.2072
30.6311
32.2332
33.4139
34.4277
29.6026
29.0956
29.0367
29.7474
32.0963
28.4951
33.8554
32.6312
30.8371
33.0379
27.8416
30.1232
28.1940
31.7527
28.1400
26.3619
30.1159
32.3004
33.7771
27.2076
26.8723
25.9993
34.4079
33.4916
32.1361
33.4227
29.8620
33.6157
31.3864
32.3181
29.3530
28.3061
33.8334
36.0576
35.0726
31.5326
26.0955
27.1024
33.9051
28.0101
27.4613
32.1397
29.3142
34.5890
35.1395
33.3424
32.8778
33.9039
30.1681
32.4309
29.7263
32.3032
25.5986
28.6051
30.0708
31.0949
31.8669
30.4014
34.3924
30.7294
29.1438
25.7221
25.4532
26.9530
27.8597
32.8358
27.3423
30.5620
30.1007
33.0941
32.0030
33.4574
27.1929
27.8050
27.3653
28.1001
31.5341
27.8609
25.5678
28.9059
24.6979
26.1748
26.9201
31.8991
30.1818
32.5932
30.6362
29.2873
29.1284
27.5291
40.3862
32.0625
32.4844
38.3035
32.5076
28.4226
31.3324
30.2687
35.6492
34.0717
33.9468
38.2148
34.3704
31.6602
29.0501
29.9390
27.2595
31.6683
25.7370
26.5382
28.8767
28.9529
25.4289
29.1666
34.9670
30.9639
31.8996
28.7096
27.8844
28.2807
24.9567
24.5391
25.2570
27.7959
26.7811
29.6710
36.8618
36.2330
38.6818
38.2730
32.1519
32.4107
34.5695
30.9889
35.1470
29.8609
32.7193
29.1793
35.2440
29.1675
29.4955
33.1353
31.7350
31.2799
31.1699
29.3775
29.1671
30.3665
27.0732
30.2858
29.2073
29.1250
30.4101
32.5528
29.4145
33.1460
25.3731
28.8385
33.3864
32.5001
32.5712
33.7940
31.7433
27.7907
26.7256
33.6928
31.8614
32.7850
27.9124
26.0858
26.7165
26.0341
26.4265
25.6616
25.1806
23.7164
24.6664
27.5083
29.0098
29.6957
29.1653
37.3992
35.2936
36.0065
33.5626
28.3457
32.4437
30.1379
35.4556
34.3559
33.0931
28.3451
27.4897
29.3214
30.2765
37.9925
32.4746
31.7843
34.8052
29.3627
30.6106
28.1700
29.8797
28.1197
27.7486
28.6181
28.5025
28.0654
28.7968
26.5206
27.7313
28.8351
27.9366
26.8715
28.4709
27.8750
28.6586
27.2161
30.0357
26.8248
26.4980
28.3164
29.6136
26.9338
27.2527
29.0992
29.3489
27.0369
33.4022
26.2776
28.2957
30.1525
30.5807
31.9418
31.4585
31.9461
33.1837
34.8947
28.2263
30.7134
30.3978
32.6376
31.1002
28.7725
31.2935
29.3421
30.4327
30.7015
29.3641
34.1046
27.0971
25.8801
29.3037
27.9884
32.1589
32.1214
31.7617
30.3124
32.7674
29.1913
31.6014
27.5649
27.4984
25.7580
28.7608
29.4255
27.6214
26.9022
26.4188
26.4508
24.5005
25.9859
26.9956
26.6513
30.7819
29.7393
29.9519
28.4814
28.4548
27.0460
29.7767
29.4607
29.5601
29.4457
29.4437
32.0390
32.4407
34.9275
35.1480
34.6159
37.5898
30.9887
31.4808
26.9591
27.7969
29.9462
26.1160
28.4296
31.4052
30.4289
30.7147
33.2616
29.9449
32.4478
28.7745
30.1380
29.2576
30.3641
33.2038
35.1992
32.0254
33.8066
34.2916
29.8341
32.4087
29.8590
31.4104
28.3502
33.4482
31.1226
30.7103
29.7759
30.7917
25.8214
27.7259
27.3135
28.1539
31.3295
27.4019
27.8225
26.2891
33.0351
31.7451
32.6392
33.9838
31.2595
31.0373
30.6028
26.2873
31.8974
29.6978
30.5925
30.1065
33.4899
31.9124
33.7281
33.4616
28.8085
28.0116
27.9587
32.8624
33.0105
34.9711
28.5042
30.3608
30.6001
29.2243
33.2581
29.5323
34.1239
28.4373
29.8843
32.0595
31.4786
27.8763
30.1351
32.8333
31.1916
36.2704
34.1846
35.0438
35.7923
32.0125
39.2082
33.0653
34.6159
34.5078
30.7675
31.9059
28.9242
27.2460
29.2747
27.8323
33.2492
29.7262
34.3871
31.8846
28.9280
33.4425
31.6987
29.7166
28.1011
29.4080
28.5797
29.9437
27.9874
29.0138
27.2943
28.2835
28.3827
28.8962
27.3258
30.1923
28.3001
27.3445
24.9363
28.5572
28.1005
25.3772
26.6491
23.8432
28.8468
24.0511
28.6930
27.8813
29.2477
25.1749
26.4896
34.0279
29.8715
24.8654
30.1943
31.5548
33.5580
33.4257
32.1433
29.7623
33.1379
30.1984
30.5074
37.3878
28.2231
29.4610
29.4742
25.9449
31.0547
30.0106
30.3411
26.0691
30.2878
24.6906
27.4905
27.7120
29.5016
27.5179
27.9094
27.3542
27.9312
28.2595
29.2234
26.3635
30.1341
32.2490
25.5792
30.2069
27.8687
29.5912
31.8244
30.9509
27.9770
27.4574
28.3866
24.5014
26.9440
26.1214
30.2170
35.1455
33.7135
31.3628
32.2654
27.1266
24.7877
27.2057
27.2128
27.8382
32.7051
31.1782
30.2391
32.9067
30.8330
35.9399
29.9806
29.1014
28.6467
33.4795
31.2818
31.3697
28.7419
29.3482
31.3848
35.1903
28.9009
32.8492
25.0285
26.8393
29.9827
26.4533
32.1944
28.5102
32.0360
28.7483
29.8396
28.2535
27.1122
28.4461
29.6707
26.9083
27.2445
26.7967
29.7257
29.7730
27.2099
26.0279
30.5953
26.9723
26.2061
25.6279
24.7804
24.7383
25.0668
25.7224
28.4318
26.4819
25.7970
23.5409
23.5762
27.0729
32.5646
29.8029
30.4630
28.1639
28.7865
31.1853
28.3992
29.6675
34.3627
30.4527
30.2593
29.0783
29.9198
26.5502
26.8927
31.1256
26.7680
28.9191
29.5988
29.9516
29.6486
29.4793
26.9818
33.0103
30.5492
33.4221
30.5129
33.7321
31.7280
32.6429
28.7260
32.8740
26.4132
30.6985
30.9307
27.5512
29.1498
33.3527
30.9442
29.1369
30.9111
27.7441
26.1279
26.7935
26.1521
30.1786
30.0865
29.9545
28.1610
31.3961
32.0914
25.6866
33.2722
32.2191
32.3111
32.3549
31.7546
27.6839
32.8727
34.1963
34.1326
32.7409
30.1874
31.2004
33.6139
36.0717
35.1752
35.4496
31.4880
31.7905
31.6292
28.9069
30.6696
31.9045
30.9085
35.7135
31.3020
29.8666
31.9208
33.2602
28.5694
30.4761
27.9011
31.1248
26.7575
24.3780
27.9629
28.8412
30.4300
27.5798
31.2792
33.0169
30.1629
31.7363
29.6568
28.9306
28.3727
29.1010
30.2812
28.8301
29.8805
32.6836
32.6555
28.6906
35.9029
30.7680
30.7094
26.3297
29.8843
32.6254
29.0788
30.3260
29.1105
28.0975
32.1387
27.4027
26.4792
26.5300
26.8431
27.3257
25.3139
30.0331
28.7268
32.7431
31.2289
32.3323
28.2436
28.6154
28.1300
26.3334
28.8001
27.5407
30.0818
27.5926
28.5642
30.1312
28.2299
28.6357
27.0664
25.3414
26.8713
28.7338
29.2680
28.8691
28.1144
30.6920
28.6621
30.3765
26.6169
31.8223
32.1383
31.7903
30.9778
34.2842
30.3166
31.6480
27.5911
32.6852
26.4482
29.4248
25.4879
28.5836
31.1858
27.9550
27.2152
29.1415
32.0947
27.5446
32.3441
28.4298
26.2783
26.4068
25.7198
25.8608
24.8977
24.8988
24.5933
25.4195
25.1472
25.1011
25.1710
24.0663
24.5836
24.4473
26.2130
25.2114
24.4787
24.3194
24.6042
25.8210
24.5141
25.4968
25.0165
26.1305
27.9047
28.8348
27.7085
28.5471
28.1360
33.0063
32.0739
30.6872
31.1835
32.9414
29.0015
30.7877
33.2578
30.6885
30.6756
29.8083
33.1697
28.9062
29.6636
31.9064
29.5082
27.4278
27.7035
25.1789
26.9209
29.0836
26.2567
22.5010
26.5254
27.7026
30.1193
26.8672
28.0769
24.8641
29.3034
30.7995
25.4821
28.6273
26.2872
25.2365
25.7684
28.6318
30.2054
28.2730
26.5324
26.3850
29.0965
30.5500
27.6231
27.1125
30.1342
27.7545
27.1707
27.3280
28.1530
30.8636
31.5159
30.3665
32.8107
30.9506
36.3812
26.8809
30.4811
28.9374
26.1350
25.5473
28.5570
29.5789
31.1522
28.6862
30.7780
29.3751
26.5755
26.8467
31.2708
30.9177
33.0526
30.9037
31.8583
30.8275
29.1904
25.9522
27.6176
30.6972
28.1047
30.7940
28.2020
28.1655
29.5128
30.3879
28.4715
29.9637
29.5594
27.9312
30.8995
28.9834
25.2604
26.6310
26.1694
28.8525
26.4535
26.8515
30.1328
28.8534
28.1094
29.2576
28.6388
29.3854
28.1345
31.3202
26.2959
32.6976
27.8273
32.3284
31.4462
27.0343
27.0064
26.4545
24.7560
25.3960
28.3787
29.4703
26.8404
27.2020
27.4423
28.1791
31.1992
30.2326
27.8076
31.6082
45.1434
30.7823
30.8245
29.4722
24.3436
25.4907
29.8745
26.4745
28.6522
25.8316
26.3492
28.9122
30.7982
30.1209
27.5964
32.1726
27.8233
30.0177
30.7603
29.5995
30.9130
31.7209
36.0521
29.7516
27.4654
29.7773
30.8010
30.7661
33.6419
27.7722
33.3054
28.9996
27.3696
29.0680
26.5034
27.7508
28.9627
28.6856
28.6938
27.3050
28.3036
27.7981
29.6586
27.4035
33.5398
30.9984
32.7996
29.4235
28.8905
31.1660
29.9956
32.8033
30.8672
30.1410
33.2273
27.3604
26.3552
35.1305
34.9808
32.2991
29.8032
31.3759
29.7831
26.4723
28.7750
26.6165
27.8215
27.8563
32.4854
34.8382
36.5964
29.4778
27.2862
27.0735
27.2200
31.1745
34.2625
36.5867
32.2463
32.2593
32.5980
33.4723
26.7814
26.3938
26.6976
28.9688
28.6234
29.6483
29.2022
26.7899
29.3689
28.1096
29.9577
30.2696
34.0248
28.7918
28.6434
27.6761
28.6193
28.2818
28.9721
26.3931
27.4137
27.9835
29.7636
28.6259
26.5612
26.6553
27.1347
29.6710
31.6550
32.4949
32.2568
28.1696
30.2772
33.6186
30.2869
33.5802
31.9748
30.6985
29.7805
32.9024
28.3038
29.6355
27.0224
29.8297
31.1994
29.7766
29.7679
26.8704
29.6328
28.2594
27.9416
30.8348
25.7367
27.2688
27.7693
28.0206
26.9757
30.1936
31.4029
35.4820
30.5928
33.6228
34.8022
36.5236
31.7954
28.0705
26.6516
28.9475
28.5437
29.3660
26.0890
26.6487
25.6935
27.6624
27.0448
27.7075
26.6801
27.0570
28.3203
32.1558
28.6067
27.2112
24.9403
29.5523
29.9961
28.2161
30.4205
36.9441
33.3818
31.2205
29.5467
28.6183
29.3664
31.0911
29.6723
30.5578
29.5687
28.0817
32.2023
30.4489
33.6045
37.9419
27.4574
28.1392
28.9216
33.2094
29.0242
32.4627
30.3250
26.7259
26.4650
25.9458
25.4366
32.3896
30.0952
27.6224
30.6699
27.0977
30.8317
28.3316
27.7910
31.6721
29.2784
30.1458
25.1107
25.5647
26.7265
30.2490
26.1645
29.2643
26.7846
29.3409
30.5213
27.6762
26.9214
29.3349
24.7474
35.2808
26.8589
26.8520
26.3895
26.7681
26.3317
25.3775
30.5200
33.3904
30.7472
28.5652
29.5015
27.6430
30.9812
36.3774
28.0027
30.7336
30.0594
29.7801
27.0387
27.7257
31.2093
31.1336
30.6981
30.1753
28.1186
28.4814
28.9093
33.5190
33.6262
31.0421
34.1693
30.5650
35.2924
31.4708
29.4408
32.2401
31.7276
26.7139
29.6820
29.3512
27.7442
29.9815
27.6203
26.6870
28.5023
31.4088
29.2895
26.3852
27.5256
24.0516
29.2874
29.4147
28.8150
32.2765
30.1326
29.6096
30.7001
31.4754
29.3324
29.4603
26.8377
29.4394
28.7551
30.9567
33.9691
32.1225
30.4176
26.7616
30.0407
28.8831
28.3221
29.0224
30.2778
30.4284
30.4893
39.7398
34.1901
38.7355
35.4330
27.4614
26.3631
24.8378
24.7222
24.2074
23.7308
26.1734
26.0987
30.8458
25.6809
31.0368
29.0964
26.9243
29.0429
28.1167
26.4026
29.3400
30.8874
28.1723
27.0015
25.7367
27.8983
29.7434
27.9100
25.5349
26.9397
28.3851
29.2667
26.9989
28.2310
30.7455
29.0402
30.9430
27.8611
27.6667
29.2834
30.0088
34.9510
31.5742
31.9271
31.7039
29.6179
35.4227
33.9652
28.3135
30.7687
33.5845
31.7577
34.9109
29.2921
35.7704
31.5081
30.1813
27.2859
31.5686
27.6657
29.4555
32.0181
34.8300
30.9992
30.5379
32.1094
34.9319
30.5151
29.7115
32.4318
25.8164
24.7298
23.5289
33.7332
31.0663
31.8741
25.1907
28.7596
28.6693
30.8438
27.4121
28.6731
25.8710
26.2150
28.7408
24.8882
25.5132
27.0150
33.8693
24.7421
27.4873
27.3253
34.2097
26.7127
25.5961
29.0907
31.2942
31.2120
29.9161
28.3286
26.7448
26.1230
28.9807
29.0911
28.0923
26.6950
32.1057
32.5957
30.3613
26.0886
28.8646
26.3972
29.9017
33.0992
27.9637
26.0285
30.3390
33.5399
25.3319
26.8442
28.1889
29.9958
27.1965
30.2565
30.6481
31.2784
34.5499
33.3523
26.6896
28.9089
26.9664
25.7609
25.7293
25.6375
25.5326
29.5785
25.1463
38.6671
32.5062
26.3186
31.7098
30.4261
28.0891
25.9935
28.0540
25.6651
27.9047
27.7947
30.2173
26.3600
24.2293
25.4315
30.7995
30.3032
26.8077
30.8829
29.4655
24.5872
23.6545
26.8753
27.8697
26.4175
27.5137
24.4188
25.8819
30.1643
26.5713
34.2195
32.4884
34.2670
34.8501
29.1645
26.2221
25.5313
26.6160
31.0519
29.5194
28.3820
30.0600
29.8718
30.5023
28.7960
33.4136
30.8636
32.2737
31.7858
27.6681
28.2631
26.0577
27.6525
28.5731
26.7515
37.7234
27.6333
29.6813
25.2981
27.8975
29.5833
27.7412
26.8934
25.2232
27.2327
26.1281
27.6728
29.0873
24.4341
28.1664
27.5423
26.6028
29.3916
31.5772
27.4657
28.7552
31.2332
33.0221
31.9698
34.7694
28.0645
39.3183
28.9320
29.6275
26.8231
33.1547
27.3829
27.2884
33.0438
25.5010
28.2153
25.8606
30.8279
29.5726
27.6263
32.8252
32.3136
31.0228
32.5531
27.9589
31.3525
27.9035
33.5874
28.3710
27.9968
29.5507
27.2804
27.9702
26.7363
27.4314
26.2661
25.8632
31.5356
33.1898
28.7988
34.1095
28.1016
29.8795
30.6935
29.6382
26.7041
32.7551
32.2731
30.5598
31.3590
26.7101
27.2835
27.4438
27.5974
27.7381
29.9716
33.6502
27.6711
27.1895
27.7002
27.5865
26.9071
27.3267
29.5856
30.4031
30.0082
28.0012
26.9929
24.7376
23.7547
29.2049
24.8625
25.2924
28.9507
27.5017
26.8423
28.1140
31.4327
27.7035
34.5403
30.9267
32.0994
32.5461
34.2798
30.4042
30.0994
28.3839
27.5345
27.6445
25.8074
24.7685
26.5321
27.7930
25.6036
25.3821
27.7891
30.1767
30.0233
30.8863
34.7988
30.6643
33.3895
29.7968
32.3258
31.8572
28.8814
28.8189
29.0113
27.6870
25.8755
28.6850
28.4520
30.3647
30.1089
30.0302
26.1791
28.5905
31.6128
25.8868
24.5992
26.4062
27.0785
30.4594
31.6546
29.7206
27.3754
29.3718
27.5432
27.6888
28.8921
26.6758
27.4791
26.3213
27.9679
26.8066
29.6711
36.7774
34.1994
35.5597
31.8961
31.6733
32.3014
35.2451
36.1018
38.6107
41.4028
45.2834
37.2639
33.9298
29.8198
24.9235
26.7756
26.0592
27.6434
24.6793
28.4914
27.5345
28.0906
31.6116
30.7993
26.4357
27.7591
27.6652
29.2665
28.3373
27.0861
30.5448
28.2239
29.1890
29.2043
29.5290
33.0972
30.3430
28.8183
35.9109
33.1888
29.5637
28.6262
24.7547
29.7287
28.2490
25.0771
26.1725
28.7773
25.5308
23.9072
24.6719
26.5209
26.5774
28.1414
24.6957
26.7725
25.3946
25.8086
24.5760
28.4287
30.3403
28.4795
30.9086
30.6330
27.8480
27.0935
26.5890
26.8474
31.7058
33.4858
30.3307
28.4662
25.1389
28.5284
25.9664
28.9653
29.5100
27.4169
35.3858
35.6008
35.1744
32.7717
30.6917
29.4340
28.5114
29.8211
28.8601
29.9161
32.2350
30.8748
28.6563
28.6794
26.9898
32.2541
30.5815
27.9647
29.7746
27.4263
26.2739
25.3177
27.0832
27.6881
31.4583
28.8353
31.7375
32.0144
32.9733
28.8500
26.9244
28.4778
29.4111
26.7032
27.1901
27.0707
26.3494
27.0097
28.9556
26.1254
25.2053
25.6141
39.2038
30.8932
28.2403
31.7603
26.4057
29.9341
28.5961
29.0677
27.4753
29.2946
29.0352
30.0257
29.8751
28.0287
27.9831
27.3692
26.8766
25.4460
26.6403
28.6724
31.0736
28.3108
30.4792
31.7404
37.3699
32.4464
27.5700
27.2748
29.1561
30.8343
31.2182
30.5443
34.7373
33.2167
34.6250
34.6350
31.4985
28.8449
33.6830
28.0032
31.6718
30.1593
27.9777
28.6261
33.8246
35.2233
35.8105
32.5371
34.2695
35.5607
32.3479
34.1240
28.9062
29.2400
34.6745
37.1925
31.1636
33.2729
30.8872
29.4738
33.9727
30.8448
23.7503
25.0614
24.0282
26.3222
26.0003
28.4664
28.3962
32.2514
26.8136
25.5755
27.4095
26.6343
30.8904
29.2235
31.4391
26.7024
26.0080
25.8174
28.1554
28.0112
28.3865
27.7034
28.0762
29.0800
30.7331
30.7066
29.8683
28.7910
30.0765
30.7956
32.8230
27.6748
25.5477
30.3463
26.7446
29.3327
31.4272
30.4849
29.6847
30.3398
31.3325
31.5656
28.0554
33.4338
31.9428
34.1794
28.2264
27.2340
29.1186
28.3505
31.9243
33.8724
35.5049
27.3413
25.6870
29.1081
30.9213
32.1386
32.4309
28.7687
29.3516
29.7999
24.5381
27.2073
30.1695
26.9683
26.3307
27.2887
31.8201
29.4974
27.4669
29.1845
29.5722
28.9909
25.1276
27.9629
28.0962
31.0749
32.1560
30.1795
33.4928
31.2521
32.6736
29.9978
27.2696
32.5058
27.5112
27.1910
27.6441
29.4393
28.4145
26.8977
29.1381
26.0457
27.1438
23.6292
25.3210
29.2661
28.4061
29.3424
29.8994
31.0214
31.6510
26.8833
28.3585
32.8508
33.0827
31.2566
33.0547
37.5614
31.7010
35.1021
30.4092
34.9023
33.4399
29.0205
33.9759
32.2939
31.7824
25.5943
35.5247
26.3829
27.2839
31.5080
31.6579
29.0166
31.3153
26.0585
24.9225
28.5997
28.7949
30.4894
31.4466
31.3037
34.0605
33.8054
28.1547
27.6581
31.2643
26.6252
30.1739
25.5048
26.7273
30.2167
27.3474
29.7753
27.6653
27.0657
27.7696
31.1386
34.1643
32.9045
32.2245
28.4161
32.3337
26.7781
29.9033
24.8169
27.2270
28.8129
33.7361
30.9083
30.4496
31.6204
33.6661
32.9426
32.1294
28.9864
32.0385
29.4927
27.3129
27.6213
31.0648
26.9238
25.4592
28.5082
26.9020
29.8116
27.3919
31.3772
30.8938
29.2778
31.0289
25.8909
27.0394
28.3330
27.6213
26.0203
30.7974
25.4471
26.4299
25.5946
27.0834
30.0619
25.5527
27.4285
28.6490
35.4430
33.3145
31.5995
28.5689
24.1568
26.6195
27.1777
30.0007
31.1031
40.6523
47.7035
41.8318
32.4785
26.8331
33.4895
31.0887
37.5749
37.2370
34.8341
29.6312
32.3571
36.8316
33.6056
26.1772
25.5110
25.1829
29.2979
27.8428
26.0325
26.1943
29.8934
29.8060
26.2858
28.4021
28.8364
25.1802
24.5889
27.1602
26.2815
25.6518
25.2024
29.6326
26.2387
26.3693
28.2707
26.4358
28.2257
26.1431
25.4098
24.7855
29.3560
26.1494
29.7498
28.7596
28.0794
25.4884
24.6437
27.3617
29.6333
27.4093
29.3807
29.6801
29.0108
32.0414
27.1451
26.1471
30.6531
29.1076
33.2467
31.1556
31.3226
31.3295
34.5414
32.1412
31.8649
29.2204
30.2996
27.7891
31.3235
29.1141
28.5476
28.8532
27.0485
29.0393
28.9571
31.6907
33.4964
24.1914
24.8935
27.2308
24.7962
27.6773
29.7577
34.4109
32.8781
33.5854
30.6105
25.8175
37.9579
33.6089
29.9131
26.4477
24.7861
32.2103
30.4715
36.7276
30.5854
29.7771
33.7223
34.1096
34.8794
31.1447
26.1710
33.4342
29.2232
28.1191
29.5332
28.5384
31.0858
29.6787
27.6814
27.5437
27.8442
26.0317
28.1727
28.0180
29.2961
30.8736
32.1446
32.3959
32.0388
30.5017
27.4007
27.3775
29.5950
30.3394
27.6436
36.5097
35.6173
27.1439
28.8040
28.7827
28.6414
29.7880
24.5047
26.6626
29.3323
26.1009
34.5099
27.0868
25.7911
28.6248
26.6370
32.4622
34.6492
30.7591
27.9383
29.8784
28.1385
26.3774
29.6250
28.3376
27.2945
30.9069
32.9051
34.0817
32.9164
32.8130
29.5684
30.2820
27.6431
31.6976
31.2322
31.1149
30.3165
36.2474
32.4080
36.9752
34.5056
36.5931
35.1069
37.7428
34.3899
31.3670
32.6768
30.3260
30.5703
28.9200
29.9720
29.5527
32.6217
31.1114
31.6361
33.4909
33.4638
32.5000
29.4257
31.2288
29.1372
29.7757
31.0720
26.7204
31.5005
27.2556
29.1382
27.6888
28.8590
27.7423
31.4351
26.4005
26.3501
28.4321
27.1072
26.2870
25.9704
27.4219
29.4922
29.9604
29.3065
26.7403
25.4578
27.8918
28.3588
26.6685
28.2356
26.8287
27.9568
27.1116
28.6028
29.1714
29.7676
29.7923
27.1214
27.0612
30.9589
29.5669
24.8876
25.5027
26.9268
27.6409
25.1489
25.6786
26.8639
32.4114
24.9241
29.2796
25.4126
26.6036
26.8568
27.7924
34.0601
31.8581
32.5925
29.7839
27.2375
29.9630
30.6863
30.1644
31.6266
29.3295
30.2309
34.0694
28.5218
27.8105
26.7272
31.2526
34.5224
31.2089
28.0918
26.8613
28.9663
32.3858
34.9698
28.5523
29.4811
30.2424
26.2108
26.3967
27.0829
27.5780
24.8741
30.2763
27.1310
28.0627
28.7258
29.2266
29.6001
29.3755
31.9705
27.5047
25.8906
27.6593
29.0079
28.2397
28.0299
28.3577
27.5953
28.0399
30.9127
27.1849
28.4769
30.2209
27.5611
25.0281
32.5983
28.7452
29.6450
37.3526
36.7858
32.3795
30.4417
29.7610
29.5220
30.6235
32.1183
32.4967
29.6650
35.0077
34.0354
31.2895
27.3367
29.3498
28.8281
28.7044
33.0972
31.3843
34.5150
32.6617
34.3260
30.1092
36.6320
27.5352
29.5411
31.7788
29.4000
27.8244
32.9775
36.8767
37.6497
33.8505
32.2804
29.7702
29.3114
30.3587
31.3106
29.1273
27.4494
26.6316
27.0532
30.2332
31.8254
32.0918
39.3183
34.1766
26.3294
35.1670
34.9527
30.2172
33.6743
31.7527
40.5081
37.9744
34.4989
25.8885
28.1432
32.2812
27.5775
25.3510
25.6494
31.6012
35.5020
30.1640
30.0267
45.5335
30.3361
25.5023
27.0557
27.3846
27.1096
32.4684
30.6523
31.7296
29.1004
31.7624
34.4375
26.4999
24.7799
26.4162
29.6754
29.2614
28.5598
29.4280
31.1187
28.0531
33.9559
29.2330
27.3016
32.1035
30.6148
34.3791
30.2259
29.6704
29.7337
28.2506
33.1990
29.1945
36.4057
30.9793
27.5495
28.1389
26.1866
28.7736
28.1768
27.5430
27.1657
24.5433
28.4448
32.1609
29.2718
33.3206
34.2306
32.0669
36.8197
33.7089
34.0720
31.1564
34.5082
30.8311
28.0592
25.5901
25.1197
28.6331
27.5328
35.3290
27.1049
33.6616
32.2110
31.4239
29.5730
27.8386
26.5599
32.8912
28.6987
27.4304
28.9798
27.8297
30.4449
27.0893
32.2959
28.0144
30.6785
28.6536
28.0636
25.7399
28.9189
26.9005
29.7178
28.5085
27.5499
29.8897
29.2008
31.4144
32.6685
33.0449
32.9039
30.6974
32.8285
33.6121
31.7642
35.1496
33.0643
30.1120
36.5890
32.1325
30.8012
27.8492
30.9679
30.0651
29.8945
29.7998
27.6273
31.3601
28.6129
29.5731
29.3989
28.6845
30.1544
26.1048
27.8508
29.6618
30.2947
32.7554
31.3736
35.8239
35.7071
34.8617
41.9455
31.0523
35.2460
30.4099
34.2642
30.6713
27.7221
31.0892
29.2134
31.7660
29.4022
29.3799
27.7314
29.1253
29.6293
32.5132
30.3679
30.7956
31.6152
28.6170
29.1068
29.4046
30.4094
31.7083
33.5520
27.5752
25.9355
25.2863
27.0352
30.8371
27.2949
31.7224
29.5034
29.0255
29.0505
28.8276
31.8164
32.7240
33.2492
32.1272
26.4972
28.0545
30.0850
32.6170
32.5508
34.3647
30.1497
34.8881
32.3744
31.3151
29.1573
26.0168
27.1932
30.4429
27.1813
34.2031
30.4491
26.2406
27.7668
26.5920
26.9993
26.1394
27.2153
29.6476
29.5769
29.0932
28.9315
31.5872
32.5459
27.4888
30.0667
27.7026
36.1046
27.0920
29.5250
29.4800
29.1008
29.4820
28.9540
31.2592
28.8639
30.4005
29.3964
28.2656
26.2457
28.3954
28.6094
27.0561
28.5364
29.0155
30.1815
28.1600
29.3743
26.7529
31.5310
29.6612
28.7360
32.4527
29.1172
37.2100
31.1498
24.7453
27.0180
30.8358
28.5905
31.4847
31.1064
28.0443
26.6122
30.8490
30.3074
25.7605
34.1984
33.3255
32.7090
36.0220
27.1732
26.1254
30.9632
31.3485
30.5845
30.4753
28.8993
29.9039
28.7201
25.1223
27.6449
34.7729
35.7666
31.8696
31.5657
29.4921
27.8648
28.1977
32.2214
28.9953
34.5802
31.4763
28.2036
30.2140
26.9153
29.9297
30.3372
29.7902
26.3641
27.6446
29.3216
27.5495
31.3180
35.2998
32.4256
34.8536
34.0779
36.2369
28.4487
30.0437
25.4466
30.6083
34.0256
32.4190
31.5851
34.6506
30.1106
31.8635
33.0609
31.8588
29.2367
28.3873
32.6805
30.0957
30.0347
30.3481
31.9570
35.1300
31.2518
26.8723
26.0833
28.5468
30.0394
27.7892
28.1853
25.9143
26.2600
27.8209
32.2955
29.8969
29.1241
27.8195
24.6719
31.8173
27.6186
29.4294
27.1415
29.3132
29.3923
31.1460
26.3696
27.6028
27.1165
28.4903
29.7330
35.4559
33.1003
28.0640
30.0236
34.3352
30.9906
32.1002
31.4275
32.0121
27.4418
27.3827
32.3458
26.2385
30.0035
26.5071
26.8363
27.8303
27.4197
27.3756
26.6378
31.5391
26.8200
31.0347
33.4050
32.9688
25.1279
24.7773
26.3576
24.2785
29.2938
31.2779
29.3046
24.7791
29.6020
31.7063
34.9758
26.9231
31.7280
31.1129
29.0667
26.6198
27.3525
25.5690
26.7435
27.9276
25.7351
25.5228
25.3973
24.4931
25.4831
25.8497
23.6602
25.0565
24.5145
24.6229
23.6486
23.2421
23.3071
21.8536
21.6953
27.6145
25.4568
25.1017
23.8588
23.8294
23.6330
25.9805
24.9921
26.3258
25.4883
26.7012
25.2712
23.8919
26.0508
25.9476
25.1293
25.7474
26.6651
25.7610
27.5994
30.0219
27.4039
25.5296
27.0154
29.1081
30.3391
31.2804
32.1378
28.7529
27.0731
31.2515
28.4175
26.6937
25.4596
24.5914
28.4658
28.9791
28.9982
27.4419
31.6042
31.1477
34.3511
27.2369
24.9901
27.0347
26.5936
28.7053
37.9414
30.8908
31.8964
25.5683
30.0129
33.9916
27.4945
29.7874
28.6730
28.5126
41.9264
34.5034
25.5283
27.7469
32.6638
30.8110
31.0827
26.0968
30.9759
29.3142
31.9074
35.4846
30.4146
27.0631
33.9800
27.7234
27.7042
29.8671
32.5032
33.0817
31.3971
33.3260
27.2497
30.7545
34.1708
38.9077
32.5395
34.1014
26.4503
44.0497
38.1448
33.9282
33.2018
27.2225
27.7395
33.3929
36.5897
27.0301
28.7214
28.4688
36.0092
25.8110
29.3902
26.4516
27.9142
28.2705
26.2115
25.8438
30.3653
27.1445
27.2077
27.3781
29.4376
26.8945
26.6854
34.0553
28.5218
28.8332
27.1319
31.5259
34.5589
27.8439
29.0571
28.2929
30.2541
27.4784
32.1796
35.1131
24.6518
28.1378
30.3048
33.1480
30.6354
34.0801
29.8323
26.9679
25.4374
27.1497
26.4434
30.8514
33.4077
34.6720
36.4280
34.7727
28.6078
34.3765
34.4161
26.6932
27.1972
27.0226
26.2099
28.5763
29.9720
27.9424
27.4008
29.0506
30.3724
26.7513
24.5120
26.7466
28.3131
30.2414
29.6175
30.3266
26.2411
27.4324
27.4661
27.5130
30.2179
27.6756
28.8485
27.9651
28.5382
35.7110
30.0500
26.0527
32.2375
35.1295
31.4923
34.0634
26.6845
25.8345
29.3029
30.8423
33.3612
33.3585
33.6346
29.6993
27.7633
27.2589
27.7961
29.8523
32.5640
29.0282
33.5805
33.2988
33.4147
36.9402
35.0649
33.5546
27.6671
29.3481
29.6277
30.3441
29.2308
28.3359
27.5624
29.3267
32.5072
31.7921
28.9087
27.4286
24.5753
24.0399
25.5778
23.5890
24.3088
31.1592
28.9417
33.3697
27.1828
25.5918
25.3260
27.6642
26.7079
29.1518
29.2957
46.9608
25.5360
28.5633
23.8927
28.3188
32.8561
24.6100
27.5970
27.2368
27.3256
26.8948
25.1093
24.7994
25.1598
28.7020
27.3759
27.9600
32.3128
28.5284
27.5062
32.0369
31.6867
31.9268
31.1133
26.8245
25.2718
28.3194
26.7673
27.8711
25.8074
25.9454
24.8749
28.0002
27.6842
26.8143
36.7370
29.2136
26.8754
25.8711
31.8822
30.2596
27.2104
25.1712
27.3086
24.9425
30.4395
26.8660
27.7758
26.0653
29.3262
30.6972
28.6142
31.8516
34.8704
32.8985
34.0549
31.9998
31.6133
28.5682
32.6026
29.6724
32.7902
30.1650
31.2308
28.1813
29.2522
26.3787
26.0605
31.4571
28.8328
27.1861
30.5811
31.2370
26.2376
28.3360
25.1187
26.3175
30.4910
27.6333
28.6095
27.0322
28.1429
39.0765
37.4836
25.9884
26.3020
27.9409
28.6490
30.9668
29.2263
31.3151
30.0004
33.7217
24.3027
26.9447
30.4751
29.8648
28.7065
27.7722
28.3478
32.1950
32.8373
31.6688
29.7009
29.0446
30.4857
31.7906
31.9881
28.6082
31.2107
25.7664
26.6507
28.3122
28.9165
28.8311
29.9281
31.0712
29.5070
39.3816
32.0879
30.5186
27.5023
32.0173
33.8134
32.4006
32.6463
29.7031
30.6996
32.6504
32.0162
30.6203
31.3792
31.1551
31.4765
31.6042
33.1101
28.5895
27.5634
29.9689
32.2795
28.1401
31.2450
26.4629
25.3441
26.0078
34.2851
26.6224
27.7208
30.3963
29.4766
29.4356
29.6792
29.5978
29.7046
28.8069
27.1725
27.6568
28.8375
25.6732
29.6179
27.9626
27.8487
27.5985
28.1299
28.6761
27.2031
25.8009
30.7751
32.0621
29.0010
25.6410
26.4323
25.9594
29.3759
26.9290
25.7245
27.0516
28.4093
26.4691
29.6107
28.7184
29.3661
27.4190
26.5708
31.9310
27.7962
30.0717
32.4254
38.5927
41.6285
28.6614
29.7366
27.7836
27.4797
26.9721
28.7022
26.8044
28.7286
30.4465
29.3647
32.4353
37.6472
33.4683
34.5169
29.7192
31.0881
31.8285
31.6686
28.7912
26.5857
24.3213
24.9683
27.5961
26.3006
26.1377
27.5645
27.7093
29.3368
28.8598
26.2894
26.2172
31.9664
31.2598
28.1137
25.6076
24.9879
34.7678
27.4420
26.1228
26.3942
29.6008
26.0319
24.8749
23.5898
23.9669
24.4720
25.0357
25.5799
23.2893
24.9046
29.1818
30.1941
26.6538
26.0648
27.0205
30.3419
24.4088
25.8817
24.5187
28.4088
30.8567
29.2899
32.1177
31.0178
33.7736
26.5913
28.7653
30.9522
33.3878
29.6853
28.6371
28.4371
30.5339
26.5811
38.0680
25.2174
25.7671
25.6486
29.0225
25.8763
26.2208
31.3056
29.5929
26.7269
27.3578
31.8912
28.0960
29.1209
26.4098
35.1055
30.6468
31.0137
26.7149
25.0601
32.0885
29.8393
28.4905
26.3019
25.8601
28.7181
26.5096
32.4230
32.2321
26.5238
31.5851
28.5002
27.7814
33.0306
32.8311
29.2908
37.5645
35.4640
37.2393
31.2850
34.9164
42.2474
37.2320
32.2215
35.2584
28.3931
29.9999
27.6847
27.6990
29.4899
28.3649
27.4264
25.7153
29.0867
32.7095
25.4540
26.5739
24.1315
28.1196
26.3729
28.6965
27.0673
28.5699
33.9493
25.9117
24.6588
27.2788
25.4205
32.4806
24.4250
25.1483
28.4746
26.4870
26.2926
26.6498
27.8775
25.8068
26.5580
26.7648
25.0194
26.3225
34.7624
28.8194
28.0737
29.6239
28.7108
28.3967
34.0179
32.5944
27.4843
28.1956
38.3587
25.7219
32.3259
34.0154
30.6929
28.2030
25.2837
27.0373
28.9594
25.2978
28.0513
25.6442
31.6712
33.0672
27.1202
30.2308
29.5885
35.6657
33.2999
31.7197
34.8450
28.3623
31.7478
34.2392
30.9200
30.0421
32.8694
35.3244
28.3093
25.2551
26.5663
30.9754
34.4249
28.1903
26.4660
26.4625
29.8489
25.5023
23.7700
25.7970
30.9018
26.4044
29.4376
32.2321
26.7653
26.6014
27.1881
26.1577
27.8915
34.0621
28.9196
28.6740
27.1419
27.0649
29.7081
29.1281
30.9628
30.5816
32.0912
33.8981
31.4356
32.9860
33.0660
33.2432
34.9399
32.6340
30.1627
30.0528
29.1358
30.3334
32.9714
32.7726
34.3532
28.9101
31.7900
35.9421
29.5139
29.3583
33.6733
29.7810
28.8838
27.2709
26.0341
27.4655
31.3945
25.8789
27.7324
27.6856
27.4767
32.9261
30.6961
32.8950
32.7972
32.9155
32.5622
35.0544
38.5845
28.3388
35.3207
29.7837
29.7181
34.9015
30.5801
29.2478
28.3824
29.5909
28.7165
27.7979
29.2368
31.3911
29.1473
31.1015
28.5617
28.1309
26.6159
32.1307
26.8332
26.3045
27.8665
29.5617
28.2472
28.2482
31.7878
29.7687
34.3569
27.0361
28.7012
28.8472
29.3861
33.1512
31.3782
30.6885
29.2954
33.1301
30.1565
26.1269
31.5876
32.4990
34.2214
31.8613
32.0938
25.2197
31.8567
29.8001
30.2103
28.0823
33.5180
29.9649
31.9994
25.7735
27.5512
34.8158
30.3468
29.3882
31.9130
29.8898
33.5986
29.8235
30.4099
28.6492
30.4476
34.3389
32.5522
31.9075
31.1984
35.0018
32.1364
30.5623
28.2456
27.0845
28.9148
30.2144
30.9190
30.2391
25.5021
28.1097
28.9085
31.0851
33.3131
27.8996
29.2624
33.9238
26.7803
27.2749
29.7395
29.6424
26.1205
26.8740
24.8257
30.7385
26.9877
26.7874
30.7989
26.6044
29.4579
37.0587
28.8554
26.6430
33.7541
30.8127
32.2316
32.0950
28.0162
28.3443
29.9310
28.5453
30.1525
28.9449
24.8396
27.3248
30.7519
25.3516
29.6550
37.3034
36.2244
42.0799
33.6321
36.0631
36.1675
33.9825
27.2112
29.7698
28.5546
32.1958
30.6419
28.8551
28.4482
26.7352
25.9164
27.1537
31.9804
34.3944
27.2319
30.7979
34.4353
31.5601
29.0841
33.2084
25.8759
30.7756
30.6920
31.8861
34.5231
29.3265
36.1027
28.9751
30.4932
25.3617
26.1310
29.5353
31.2552
29.7060
24.5182
25.4970
26.7055
25.3618
27.0234
27.5376
31.8399
32.1523
32.2835
32.1982
33.1355
32.1396
32.6904
33.2885
31.9311
33.0516
32.2266
29.2042
30.5917
33.9966
30.4745
37.9162
36.4974
39.3187
30.2649
31.6065
30.3536
33.7399
31.8654
34.4659
33.1458
31.7522
26.4247
33.5530
27.6341
27.9496
28.4165
33.0259
32.0650
31.9892
35.6611
31.5645
31.4485
29.6440
29.8789
28.9191
29.9889
30.3595
31.5046
28.7620
31.1686
33.4776
29.7188
29.1132
28.2701
30.1474
29.7531
28.4165
27.9464
30.1275
28.4508
28.8644
28.1366
31.2584
32.0286
30.2361
31.7000
32.0838
33.4875
29.7015
28.7099
27.4790
31.6790
29.2909
27.8691
28.0870
31.5821
32.5586
27.2670
28.8889
26.9487
32.7609
33.8550
28.4500
32.7095
31.1796
30.4572
27.5014
26.7892
27.0937
24.5497
25.8672
28.2401
28.2594
26.4478
26.1534
26.3839
26.0088
28.3462
26.9699
28.6807
26.7967
28.0511
26.2512
29.5627
28.8473
27.9204
28.2985
28.3604
29.6031
28.9970
32.1317
29.6832
26.5423
26.9119
29.8060
29.9202
32.1526
30.4633
31.2792
32.1082
31.1301
29.4376
29.8294
30.9058
32.2615
26.9686
39.5843
28.9086
32.6697
31.9640
31.2361
25.3919
27.7840
28.0107
29.6181
29.0548
30.1898
26.5138
27.1091
28.0203
29.8165
26.6978
25.0747
27.2346
28.4477
27.5687
28.1802
27.9999
23.3416
27.9403
24.5438
24.9429
25.0831
24.2766
23.7892
23.3704
27.3190
24.5735
29.7246
25.4162
26.8972
26.5994
27.6655
25.6714
26.7273
25.5080
33.4595
35.1953
33.6449
32.9021
29.2667
25.7808
33.4086
32.0597
26.8959
27.0865
28.5676
29.0093
27.5570
28.9123
25.9807
26.7163
28.5944
29.2127
28.8323
27.1823
26.8823
28.5439
26.3238
26.9926
25.0347
26.4631
28.7413
28.9823
29.2232
26.6346
25.6462
26.1840
25.7737
26.8309
23.7952
28.1771
26.3407
26.9440
25.5735
29.3471
32.1703
30.1222
33.6271
31.4539
34.0714
27.9055
29.1447
30.5383
28.7165
28.5852
30.8800
27.8155
27.5408
28.3143
30.6235
27.3274
24.2696
29.3066
25.7932
25.0867
25.9230
23.1643
27.1632
26.0356
25.7605
29.7620
30.1190
25.9389
27.8328
27.5741
26.2520
27.2423
26.6031
28.7779
26.4419
26.8307
26.3116
25.1803
27.3075
27.2953
27.0405
27.6621
28.9395
28.1988
31.1102
31.9903
25.9807
27.8429
27.7408
25.8960
27.3170
33.6692
31.4865
30.6047
26.5368
28.4161
29.6436
26.4843
25.1300
24.6771
26.4972
25.0259
25.4743
24.8214
28.5054
30.6146
27.2664
27.0190
31.3368
26.3991
30.0871
26.3348
28.8487
30.9665
33.6002
32.1592
30.7622
29.3812
26.7150
35.0489
34.5350
28.0363
26.8614
39.1308
30.9765
27.8363
26.4909
28.2917
27.0331
27.7126
29.5040
30.8728
30.5192
28.2562
27.1923
30.2617
27.4323
31.1744
32.0773
29.6918
26.7799
36.4141
24.3148
25.0345
24.8317
26.8673
26.2192
26.7686
31.8447
34.7144
27.9598
30.9589
27.0705
30.8094
31.3767
32.0710
34.6047
31.6249
33.6299
28.7601
31.0953
33.1469
33.3216
34.2487
33.6063
28.7680
24.6456
23.2573
25.3730
24.4192
29.9667
25.1487
31.6551
29.8019
34.2275
32.0143
35.8106
30.2857
29.9506
26.4802
26.5832
25.1517
37.3568
32.7430
32.2400
28.0589
31.1188
32.6505
31.8215
29.6341
29.4810
29.4291
28.0630
25.9964
23.5394
25.1969
26.3620
26.4230
28.4091
30.5304
29.1912
39.1605
39.7544
28.5899
29.5096
29.1109
25.9718
24.8965
27.8898
34.6411
31.1739
25.6245
27.5525
28.0866
32.1180
31.0839
27.2386
26.9345
30.2336
31.3159
30.1251
28.7688
27.4709
28.1060
35.7617
26.5841
27.9474
28.2236
28.6470
30.3536
29.4365
33.4452
31.0971
31.6361
32.3166
32.9637
32.0912
29.4040
31.3489
30.6079
30.6782
35.4715
39.7959
39.2177
36.7137
31.8252
30.5809
31.0766
27.3614
28.3226
26.7231
27.1574
26.7605
29.1914
31.4033
26.2555
28.2476
26.9913
29.7725
29.8851
28.6796
31.5602
29.6870
33.2509
28.3108
26.9705
28.0588
26.6641
24.9971
26.3242
28.1650
28.2113
29.1002
23.6677
26.8907
27.0445
28.6443
29.9223
29.2168
32.4886
30.2672
28.8040
29.5904
31.4219
32.6343
30.1598
30.5435
32.5598
30.9025
30.6165
33.4397
34.0025
32.0470
25.2799
33.1713
29.7670
26.7193
30.0759
26.4769
30.9171
28.2432
26.8422
28.4408
27.5786
28.8624
30.9011
28.4300
28.5775
26.1874
28.8062
28.1700
26.7019
25.5936
28.1383
30.2439
28.1209
32.3659
28.5270
29.4935
26.1387
26.0238
24.4691
25.3684
23.3463
25.4711
28.3015
25.9761
24.0910
27.5976
24.2396
29.5593
28.1598
31.0238
30.3996
31.0088
24.7068
28.2822
28.9325
26.7199
24.8212
31.7361
26.2035
23.9873
25.6985
27.4059
28.9241
36.7366
25.7123
27.7812
35.8047
27.9680
26.6021
28.5216
26.4998
27.6182
25.4938
28.1785
27.5921
25.3224
27.6394
26.4371
26.1196
28.7598
32.0757
27.9128
30.8359
30.4144
41.4349
32.9909
31.8032
28.8433
29.8784
31.3593
30.7868
33.8029
33.8412
26.2801
27.8998
26.0343
31.6057
27.0881
29.4595
30.2097
32.0284
25.0576
26.4861
25.3612
25.1433
26.3319
27.1077
26.0138
26.1177
24.5300
25.8989
26.0464
24.3712
26.6599
23.6225
28.1937
28.4378
26.9380
28.9081
26.0442
25.3559
25.0928
25.1126
25.7735
24.0393
25.9662
29.5605
30.8614
26.6603
32.6871
29.8009
32.9432
27.7788
27.6751
26.5193
28.6286
26.9513
26.1335
24.1271
32.1306
26.8931
29.2196
28.2574
31.0087
26.8153
28.8496
32.3520
30.0335
34.5971
32.7972
28.5914
24.8530
26.6188
37.3974
35.2800
31.5347
30.2455
31.4238
29.1820
25.8779
31.4537
29.3736
26.5814
31.8411
28.9227
31.1432
29.6149
30.6621
31.1204
32.2962
28.3597
32.7503
30.1880
28.5057
26.7242
29.1641
26.9551
27.0866
30.0785
33.0827
29.0545
26.2457
25.8122
27.1576
35.3865
27.3303
24.6214
34.5792
30.9290
25.5099
26.8754
28.9155
30.0500
31.0234
30.0640
30.6130
33.3722
28.7502
28.6732
28.6359
30.4101
30.5926
24.9816
27.7101
28.1312
29.3756
30.9548
28.6109
27.5339
28.3404
28.5379
28.7938
31.1072
30.0695
27.8305
29.1873
31.8774
28.8359
28.2415
28.7417
27.3926
29.2128
28.3079
30.9473
32.7500
30.6671
28.0299
25.8190
28.9499
30.2850
31.2989
30.3429
28.2630
27.8260
30.4098
28.1310
32.9046
34.4485
34.7728
29.8997
29.0160
25.5476
29.1392
25.8016
29.2215
26.9305
25.9269
26.9909
26.5253
31.4786
32.7225
30.1666
30.0662
27.9333
28.4399
28.1780
29.6171
27.0436
28.1445
27.8220
26.6897
28.2056
35.5839
28.3638
27.9853
28.6213
24.7155
25.3114
25.8106
25.3565
27.5356
29.4593
27.3412
27.9576
28.6642
31.5775
29.2288
28.6532
28.3676
26.3274
25.9648
26.4065
29.0374
30.7062
30.1925
32.9680
34.1969
35.3145
35.4127
25.5706
29.1330
29.7415
27.1710
26.1739
25.8008
26.6598
26.8111
31.3809
26.8921
26.9961
28.4684
30.5834
32.4595
29.4214
32.7777
27.5960
31.2332
28.6155
27.7663
33.0217
30.5232
29.6767
31.2203
23.9378
27.5037
24.8952
28.2884
30.1126
26.3011
24.1345
26.2238
28.2255
26.9615
27.6030
24.1699
27.3769
26.8707
25.4533
27.0501
28.0813
28.8390
31.0576
28.7173
29.2225
25.6422
28.6473
30.7396
34.7625
28.6268
25.3371
26.5552
26.4219
29.2006
31.0568
34.4244
32.3299
27.8575
27.3033
23.9193
29.8636
30.6523
30.2324
33.7218
25.3495
32.2569
28.8558
25.3704
23.5050
22.8983
24.0895
23.7026
29.8302
23.9343
27.1966
26.9939
29.4173
23.6744
25.0242
26.1552
25.4484
25.2809
25.2823
25.2814
25.1305
26.2298
27.7015
24.6633
24.8974
25.1316
26.2647
27.4260
25.6757
25.5468
27.6155
28.6989
29.6382
32.2258
34.8391
27.5464
30.6656
25.8094
26.4023
28.6549
30.7824
29.7872
28.8474
30.7797
30.6115
27.7476
32.1450
29.0073
33.7794
28.8695
27.3746
28.1814
29.2531
29.7246
25.7715
30.7650
24.8806
28.9226
27.5017
28.7305
27.1259
27.6504
29.9480
29.6908
28.7835
27.2114
28.2957
25.2009
30.0619
27.3134
30.0325
27.3572
31.4566
29.5000
30.9145
28.4444
32.8203
25.9067
29.1301
26.3899
25.4506
27.6934
26.4344
30.3127
29.9946
27.4601
28.9724
26.3015
27.6583
27.7409
27.4026
27.0554
29.8467
31.4260
33.7851
31.1229
29.0191
28.1840
26.3600
29.0645
27.6856
31.2853
28.2681
28.7027
29.7904
29.6266
28.7807
30.0099
31.6804
30.0416
28.4922
30.4179
29.9842
34.3968
31.8023
36.2158
28.0790
29.7368
30.5947
35.1918
36.8314
31.8628
31.6041
27.9132
29.6295
29.2657
34.9567
32.9314
31.6753
36.7365
26.7590
30.3179
27.0574
31.4570
35.0448
31.8780
30.0413
33.2370
31.0131
33.5318
28.7887
26.6782
26.9805
29.3077
23.9698
26.9817
27.7018
30.5095
30.7014
34.7839
29.3996
36.3512
28.7413
43.9651
30.5464
32.3400
31.4818
33.7287
33.8689
35.6193
31.8037
30.5993
27.7449
34.3252
30.0017
28.8201
29.3806
28.9525
28.3766
30.7924
29.2476
27.7739
28.7797
25.2700
28.1031
24.9422
27.6028
30.0269
30.0420
27.3913
28.4852
27.6432
32.8574
35.6059
29.5240
28.0986
26.2190
28.7589
30.2703
23.9729
34.1161
30.8292
32.0297
26.7984
27.1592
25.4738
29.0060
32.1987
31.0417
29.6200
28.9160
25.1060
29.0846
27.4136
29.8506
27.3854
30.7657
29.0480
31.4601
30.0921
29.0035
31.4254
28.6063
30.0249
28.1227
25.9462
28.1033
30.7603
31.7806
34.1803
26.9645
26.0760
24.6913
27.9034
27.1584
36.8697
26.6911
29.9857
30.7839
27.6326
27.0131
29.2005
28.6840
29.8545
30.1996
24.6436
30.0495
32.0947
29.5209
32.6887
30.1564
31.7750
30.4582
31.8639
31.7047
33.4062
33.7900
30.3596
36.4236
36.8663
26.8911
30.7804
26.6201
29.7092
31.8143
28.3191
25.5818
28.4900
25.7482
28.8564
30.1060
29.2037
27.7299
27.9595
29.8311
33.9215
29.0387
24.4121
29.6170
28.5500
28.2925
32.4045
33.6826
29.5533
31.0072
32.0116
32.0505
28.1963
32.0954
30.5392
29.3530
27.2152
25.0751
28.8494
27.4217
26.7403
24.7432
28.1719
29.1652
27.0365
26.1664
27.5377
29.3522
24.8404
28.1811
29.8958
27.5953
29.2943
30.0848
28.8586
27.9777
24.9312
27.1316
24.4708
25.2384
28.1887
26.4501
26.2910
25.6069
28.6983
26.1579
25.6601
28.0578
27.9168
25.8638
29.0578
27.8593
26.5991
27.3970
29.6125
30.2561
28.1526
29.1929
25.5426
28.7758
33.0109
30.6733
26.2128
32.3801
31.5995
30.2548
31.2169
28.8948
28.0188
28.2720
25.1303
30.8025
28.9170
30.3898
30.9264
29.8749
40.8159
32.8015
42.0643
33.8417
32.5774
32.8824
28.8807
28.6774
24.5607
29.1970
28.7817
29.3886
29.2371
29.5013
28.0055
30.9199
32.6057
28.4096
26.1279
31.2221
24.1080
28.1284
26.8210
25.6071
28.2171
30.3853
30.0467
27.6213
28.7097
27.2480
26.5865
28.7975
32.3032
30.2777
28.7136
30.5365
35.9447
38.8734
31.8780
31.4321
31.4769
33.4203
25.8226
29.6361
30.0021
29.6478
34.0888
28.6868
33.8414
32.1809
32.9538
32.6864
27.9565
29.3598
28.8357
30.1164
26.5975
28.6744
27.0034
34.6826
28.0467
31.9377
28.1265
30.9616
31.7534
32.0183
34.3543
31.2976
37.8580
34.7714
32.2709
34.2194
32.9878
35.3267
29.4542
30.4186
34.1753
25.7769
29.4453
31.5568
28.4311
33.9653
33.3194
29.0995
31.9106
35.1573
38.9896
36.6309
38.1694
36.1664
39.3080
41.3653
40.2183
41.6926
32.4042
30.6434
32.9162
39.7469
37.7791
36.7633
32.1072
35.8338
34.3728
26.1083
39.0663
27.4164
36.2429
30.5304
31.9714
34.7222
29.6059
27.2511
29.0255
30.6425
27.8289
27.9004
26.3585
26.8308
30.9103
29.0142
34.1671
26.4281
28.3552
25.4582
30.1175
26.9705
27.4188
29.9544
26.4215
27.3628
29.9299
29.8857
26.5969
30.6357
26.5313
27.2281
27.1922
34.4543
33.9130
28.5998
33.7476
26.7745
28.9780
30.7174
31.8358
27.1642
31.3732
26.1944
31.5653
27.7028
26.8218
26.9337
26.5846
27.7343
26.1527
27.0516
27.2437
26.1438
27.5445
26.8124
30.5101
28.2998
27.1941
33.8495
28.3039
28.4863
28.8645
26.6701
27.5268
27.5870
28.4835
32.2295
31.1944
31.3988
27.0882
26.3150
28.0340
25.6917
30.0541
27.9466
25.8599
25.4243
25.2325
25.7576
28.7928
27.9579
24.4494
28.0467
28.8101
25.5652
27.2272
29.1840
26.5777
25.0567
26.4500
25.6125
27.3371
32.0843
28.3726
27.2689
29.0150
25.8992
26.6795
26.3121
27.5153
24.3323
26.0324
26.3836
25.0130
23.6519
24.4199
26.1738
24.8440
25.7407
28.9781
26.4298
26.3478
25.4279
30.6587
28.4696
25.9243
27.3190
28.8867
27.9545
24.8248
25.1997
28.2199
27.1815
25.6533
23.6664
26.6321
26.1480
25.5556
28.0821
27.2067
29.2629
27.9632
24.5719
28.8772
26.4847
29.6693
26.4845
24.2270
26.0578
30.9438
26.0354
33.2688
30.3098
32.8664
28.9402
27.9272
28.4613
36.7967
33.7261
32.1604
35.7525
27.1103
28.4672
28.5395
30.2257
28.2678
25.6471
31.9235
30.1974
28.6923
29.6400
29.9183
28.4242
27.8681
27.3715
30.1116
27.1944
26.0763
26.0804
27.3633
25.8311
25.7939
29.9787
25.0822
26.8635
29.2359
29.3640
30.2611
29.8162
28.4102
27.5107
31.6891
28.0559
28.2024
27.2942
26.5520
26.1232
25.2316
31.9453
26.4324
27.9812
28.7163
24.7681
28.8090
33.5944
32.4697
29.8848
31.4706
26.9658
30.1731
28.1711
29.8743
34.2072
35.3711
41.0594
27.7033
27.1915
28.3887
26.3653
24.4426
26.3397
28.8968
26.7486
26.8403
26.7131
29.8513
25.9651
26.2677
27.0005
29.2768
28.6700
27.5778
24.8391
34.2974
35.3386
27.7096
28.1271
24.8265
24.0594
26.4259
25.1446
29.0067
26.6260
28.5425
31.3460
33.0446
38.6992
33.9198
33.0952
34.3148
32.3156
38.3089
35.2385
31.6734
32.2623
30.5836
35.8330
34.5109
27.9953
29.5041
32.3396
38.0526
33.9435
36.6544
33.4426
28.7155
29.9239
27.2818
28.5162
28.5047
30.8870
26.1741
27.7936
26.8520
27.8895
34.6111
27.2037
27.1998
27.6088
30.7574
27.1662
31.7162
27.7190
30.3352
31.7814
32.1665
28.6727
28.2112
34.3584
26.5836
33.7023
25.1012
31.1892
27.3675
26.2418
27.8750
29.9195
25.5344
26.4017
26.0259
24.3076
32.9030
28.5382
29.6269
27.3882
27.3073
25.2344
34.8268
35.3819
29.6058
30.8001
31.6031
33.1118
31.1008
35.1514
32.3291
24.9322
30.8515
28.7743
35.9060
28.2585
34.8108
26.3411
35.6187
35.5312
35.0254
35.9701
35.6676
29.2453
26.9008
28.8443
30.0278
31.3646
25.2038
25.6461
27.1928
26.9717
25.6629
28.4737
24.8775
25.3076
25.2064
27.8473
28.2158
29.2336
27.6643
27.1918
28.4273
30.5602
28.6503
26.3097
27.6093
29.5848
26.8275
27.0106
28.3612
24.3700
29.0010
29.2789
29.1788
26.8116
31.8787
32.2947
32.8228
24.9222
26.6321
29.2952
32.7047
33.7447
28.2366
27.6335
26.5045
28.9879
26.1899
28.3427
30.5842
28.3413
29.3765
30.4674
27.9055
29.7630
30.2563
29.8107
26.5277
26.6703
31.2649
29.2943
33.4699
30.4771
26.7701
27.1758
25.4716
25.0341
27.3931
26.6756
26.2866
34.5677
41.2223
29.8096
30.6709
29.9497
29.7446
32.7895
40.8510
31.1177
34.6275
31.2552
30.5102
28.4185
28.6568
30.3007
31.0327
31.5103
27.1980
28.5063
26.9898
27.2428
32.7458
30.7477
27.7596
31.4732
28.8225
34.0099
29.2209
31.1630
27.8324
28.7698
31.4866
30.2287
29.2670
33.0236
36.5739
29.5658
29.9782
32.8019
33.0869
30.4090
27.0083
33.9647
28.9594
32.1851
37.8212
35.8350
32.7258
32.2789
39.5824
37.6065
30.1377
31.4739
35.2806
27.5906
30.0272
27.2247
30.3516
29.8835
28.4921
28.9581
30.7125
28.7341
27.2440
27.4647
26.6998
29.7239
29.6011
36.2180
29.7111
28.1656
28.2283
32.3938
28.2500
35.0196
32.9220
30.6391
28.1530
28.6234
28.7670
29.2106
31.4380
35.1230
31.3746
38.4370
36.9731
31.7446
27.0484
35.0950
30.0429
29.0930
31.1366
29.4511
33.7162
34.9633
34.9665
30.8827
30.4183
30.8983
31.8044
25.7024
27.1127
29.1780
31.8164
31.7402
31.2157
35.7646
27.2890
31.1164
27.5934
28.6557
28.4708
27.7386
33.6392
31.0509
27.6752
29.5181
24.7214
27.0203
29.6655
29.3734
28.6149
27.5783
29.4593
27.6056
27.5683
27.0183
27.7492
26.8732
26.6539
28.4012
34.0353
36.5983
35.9954
33.9596
30.0238
36.0385
32.7346
30.7190
30.2784
35.0569
38.8249
33.8567
29.9418
29.2366
25.5596
27.3594
29.8596
30.6678
36.1395
36.9106
42.1655
36.0705
36.1971
32.7807
32.4254
27.7960
29.6140
27.9281
29.3827
28.9011
28.6971
30.7107
32.9126
26.7664
29.3160
32.8021
32.0407
31.3968
30.5955
33.1669
29.2918
30.1452
29.9213
29.1311
27.4614
31.8225
28.6629
26.9890
24.5519
27.2689
26.4288
31.8776
26.8568
24.6279
29.8405
26.4934
27.1222
25.8479
25.1136
25.5438
25.1440
25.7106
26.1526
24.9364
25.1086
24.5637
23.8489
27.3532
29.4856
27.7468
25.7873
24.4012
24.5581
26.2090
32.0029
30.9806
23.3020
23.0967
29.2952
27.9172
27.3683
28.9474
24.4770
26.9974
28.3428
28.5487
26.5222
26.8446
32.9982
36.1449
33.0714
30.8521
27.0240
32.8113
31.4819
29.8728
30.6227
28.5546
29.5970
32.1827
30.5774
30.0182
28.8514
31.7992
27.1779
25.6056
24.4175
24.1978
25.6514
25.4444
25.7079
28.2654
29.3638
31.2315
30.9435
29.6020
32.2079
31.8319
27.5945
26.1759
24.7296
25.7650
25.7317
25.7614
33.2906
27.4801
30.5536
37.2155
33.0926
34.9158
30.1192
27.2279
25.1628
30.2397
29.8336
29.4598
26.8230
32.5285
26.0509
28.7192
25.9935
30.8372
28.6994
27.0662
29.0856
25.7157
31.9199
29.3116
26.1151
28.7376
29.1263
26.0884
26.9183
27.9689
25.3613
26.9288
24.1481
28.6553
26.6421
29.1050
32.6759
28.0907
28.4184
23.8048
24.8813
26.3122
26.7086
28.0994
27.0050
28.9567
26.6419
25.6365
26.1027
25.2605
27.3439
34.3572
25.9405
25.8992
30.8791
31.2551
29.6138
25.3460
26.2459
25.8248
26.1182
24.7540
28.2685
26.7857
31.9895
30.5826
33.1229
32.6241
32.8112
30.4918
31.1294
30.6222
27.8217
29.3654
27.5766
27.4807
28.2062
25.5608
28.9834
31.9888
27.5749
27.9621
30.7582
30.0778
33.7021
34.3917
32.5135
35.3067
31.5402
33.3136
34.6838
27.6060
32.9343
36.5052
37.0283
33.4967
27.7516
30.7517
31.3211
32.2315
30.8538
30.0486
32.8188
30.1128
33.9227
35.8423
31.1238
33.3603
31.6358
32.6294
34.7067
34.4425
31.6321
29.1523
32.1264
29.5250
34.8740
27.7722
36.3173
32.9413
28.8313
27.9280
30.1985
28.4155
26.9364
27.3170
29.6715
28.2769
27.3542
28.5114
33.3144
29.6904
29.2302
32.4822
37.7603
32.3758
31.5942
32.6179
30.4517
29.0772
35.0444
30.8308
32.1661
31.3424
28.4148
28.9027
26.6402
28.9184
27.9105
30.5347
32.3466
27.8492
29.6828
28.0186
31.5499
29.6281
33.7011
36.5978
36.4089
31.2646
31.7244
33.2856
36.3479
33.7525
40.3179
30.8194
29.4872
29.6767
28.8623
26.7647
29.3869
26.8011
26.1965
26.6166
38.6339
30.7647
28.8189
28.1675
27.9870
28.9745
29.5723
29.5888
28.1531
31.2291
29.3204
27.8245
30.4356
27.4973
29.9418
25.8838
31.3094
32.9077
32.0431
33.7021
34.6396
31.8646
36.5610
28.0195
31.1793
30.5388
35.1676
29.1371
27.3128
29.9888
32.6873
33.0816
34.4325
26.4190
29.9084
28.4999
34.5926
33.5018
32.6899
28.8941
31.9518
31.3832
38.2866
31.2221
33.3752
35.0634
31.1914
27.8625
28.0624
25.7624
27.2986
26.9785
23.3459
26.7643
32.9683
32.6706
28.2961
27.7892
37.6498
25.9657
29.0451
25.5608
33.1187
34.8991
39.4460
26.5784
27.8185
30.2563
30.5420
27.6201
30.7000
27.0113
30.2192
24.0574
26.2521
27.4279
29.3499
29.7347
30.0880
27.4238
28.7262
25.4813
31.0622
33.3200
31.6237
37.7033
29.6199
34.1760
30.3713
31.3515
31.3866
34.8283
31.8614
30.5893
29.6104
30.3835
29.7179
33.9736
28.6055
33.3964
28.3302
32.7645
30.1265
28.8418
28.6625
27.3855
29.8507
30.7269
29.1883
26.9166
27.4647
30.5558
35.2842
30.5494
28.8720
25.7666
28.2194
28.1931
28.0926
27.2700
29.2223
26.8062
27.6687
26.8288
27.6640
27.9930
27.2997
24.9103
27.2110
26.9084
27.8465
25.4634
25.5800
29.5497
29.9501
29.8972
28.5473
26.4489
28.5622
33.0158
36.2477
31.3905
32.9230
32.9710
31.3217
32.7787
28.4674
33.6510
38.8436
27.7084
31.7553
29.6121
36.6616
37.4193
32.6097
31.4355
33.2327
30.7778
31.7536
34.1897
32.2496
31.9856
27.2035
27.7035
26.2350
27.3067
29.3459
31.7169
27.0915
30.9077
30.5331
32.5213
26.7079
35.2267
28.4032
30.4821
29.6644
30.9161
28.2653
28.2447
29.1394
30.7431
28.5451
29.7775
30.2124
32.6799
33.6824
34.3423
23.4626
33.6255
31.7370
32.9104
31.1563
32.1073
30.9247
28.5656
30.9777
33.7388
32.4693
29.6122
27.9601
31.3073
34.6665
31.6024
33.9483
29.8186
30.6776
28.1594
33.5306
31.7294
29.4145
27.6353
28.1123
23.7020
25.4733
26.5637
26.4143
32.4442
30.7904
29.3574
28.2203
29.1633
31.1825
30.5403
31.4317
30.1270
31.5947
30.4842
29.7400
27.0679
25.6524
27.5181
25.4026
29.0950
29.9107
32.2025
32.3265
29.8420
25.9106
28.7124
28.8426
26.8348
26.8552
28.6531
27.2743
26.6466
27.8598
27.7093
30.2446
27.5036
25.8889
29.3286
28.1630
24.7726
28.2562
27.5865
26.8863
27.7382
28.8915
33.1006
30.7352
33.0077
32.0485
26.9672
26.5829
25.9689
26.6604
26.8052
27.0614
35.6587
26.9801
30.8544
25.2171
25.4549
29.9084
25.6922
24.4089
24.8914
26.7089
31.0040
25.1187
29.0918
29.9034
34.5208
31.7226
32.9746
32.8660
33.8389
31.8634
28.9499
30.2672
28.4499
29.9212
27.7948
30.6648
31.5575
31.4555
25.8567
25.5027
28.1795
27.4823
28.8837
31.4904
30.5628
30.6458
30.9980
28.8544
26.8758
29.6787
31.0693
31.0276
32.9103
29.6323
28.9609
31.1669
29.8730
32.8023
30.0562
27.5736
25.7549
29.6943
28.5378
31.7263
28.1350
28.4658
32.5775
33.0355
27.0623
27.8656
28.8250
30.9927
33.0476
28.9676
25.9881
27.2200
26.6241
25.9805
26.1720
31.5724
31.7687
29.3779
27.6879
28.5725
27.9830
27.9593
29.0507
25.3219
28.5089
28.7328
31.1489
29.8687
29.7687
28.4548
28.0089
29.1749
28.2019
26.0012
28.1406
26.5612
27.5149
26.0440
28.2757
28.4547
27.2772
25.2219
28.8942
30.8855
30.9374
29.4560
31.6790
28.1065
26.2942
27.7257
27.9245
27.6747
27.8493
26.8328
31.9707
30.7000
33.0820
31.7306
31.4764
32.5968
29.4564
32.1469
32.9821
30.7431
25.4621
28.1987
31.3129
30.6953
26.0215
27.2336
25.9802
26.1152
25.2732
22.7256
25.0191
29.6460
30.6507
31.0356
30.8607
28.7903
29.1726
32.6259
34.2103
33.0186
33.8231
30.6329
28.7217
27.2175
31.7604
29.2506
29.7274
26.0801
25.8103
26.1691
27.1903
26.9677
27.8935
30.7625
30.0891
32.2055
32.8033
36.3808
35.7838
34.8983
32.3403
29.4280
31.4156
28.8658
30.6941
32.9351
38.4785
29.4540
32.6024
31.9864
34.1852
36.0106
32.1099
35.7991
35.1836
31.3508
36.5287
33.3003
33.1570
37.0589
33.4190
31.6419
35.6611
34.9403
33.5001
27.5802
34.0530
37.3496
32.5304
38.3086
28.2923
28.2766
28.8584
25.7457
25.4313
36.0381
31.2121
36.3604
29.5745
27.1169
27.8108
27.7699
26.4098
29.6990
32.7488
32.2783
32.0122
30.7703
28.2140
27.7013
32.4461
29.4245
28.9330
33.3275
26.5784
29.3041
29.5614
29.3259
38.6584
29.9092
30.5472
28.9339
30.1948
27.4445
30.4177
38.0522
34.9535
28.8004
37.1341
36.4568
45.0798
39.3112
34.5447
36.9416
35.3943
35.9669
31.1706
38.6727
33.7462
37.4625
28.1802
33.1237
35.3307
33.8184
28.5803
32.3552
29.8204
30.1891
31.5175
31.4137
32.4245
28.8350
26.0342
24.5366
31.8194
25.6841
27.5322
23.8126
28.5554
28.0806
29.3224
26.8420
32.0581
30.8051
34.1912
28.0721
32.4897
30.9790
27.4058
27.1880
28.3377
26.9747
25.6907
30.4711
30.4188
32.6247
33.3116
31.0538
29.5669
29.7723
31.1444
28.1559
26.9623
31.6162
34.1245
32.3157
26.0744
27.3510
26.7874
25.6380
30.8917
29.9929
28.4726
32.0877
24.1275
27.2221
26.4787
26.9491
31.4382
29.4342
28.0138
29.5767
26.8429
29.3385
27.9592
28.0217
30.8989
25.1811
26.7961
29.7304
27.2173
26.8986
28.3125
28.0911
30.1892
29.8787
27.5708
26.4163
26.8460
28.2993
29.5692
27.0410
31.6352
30.4481
28.9754
29.5835
28.1504
38.0924
33.1408
29.4587
36.6653
29.5568
32.4120
30.1553
29.8614
26.4183
27.0191
29.6878
30.2656
35.6028
33.5291
30.5012
28.6005
29.2996
29.6865
29.5359
31.4825
30.3296
26.5469
27.7724
30.9740
33.4970
33.2316
26.6198
27.1711
28.0908
29.2210
32.3344
31.3014
28.6394
28.8581
28.4883
26.5712
27.7402
24.9830
26.5948
32.4898
32.2767
32.8442
31.2878
32.6211
27.4905
30.4437
28.8964
35.3742
33.1542
30.5962
32.9075
32.5096
34.4708
25.5182
24.6233
26.2984
26.9923
27.5946
30.5057
35.5972
30.2961
32.2212
30.6623
32.1717
29.9610
27.7441
30.6660
27.6608
26.5980
28.8023
26.0407
25.2853
26.1340
24.7198
26.2862
27.3820
27.0803
30.8215
28.7098
28.1520
26.4166
29.3186
32.8286
27.7192
28.4810
23.6182
28.5083
28.5921
30.4951
28.7596
28.9427
33.0929
24.7668
25.8455
30.3912
29.0469
28.4749
28.6046
30.1590
42.7795
32.4288
34.0982
33.9073
28.7075
29.5868
30.6931
26.2993
29.6733
28.9922
30.9982
35.2852
31.0123
28.8506
33.2792
30.6223
27.5845
31.0835
28.6424
27.3209
26.7733
30.2383
28.8176
31.6558
27.6988
27.5077
27.6191
28.2538
30.0906
29.6321
28.9834
25.1752
30.8283
30.8666
32.0425
28.8054
25.8206
28.0523
27.9760
27.2643
24.9260
26.8194
27.7388
28.7519
27.7831
28.5301
27.5367
28.5283
24.7071
24.2684
28.7523
27.5898
26.6245
26.5376
35.1279
31.0274
32.8539
33.5244
29.6703
31.1873
29.2305
27.6530
27.1201
29.3857
30.6018
31.4214
29.8027
28.6417
31.7628
40.7116
33.0912
39.9197
40.2783
28.5845
29.9101
26.9577
29.0407
35.6486
28.5942
32.9929
30.8827
34.3979
28.8914
33.1691
33.9385
27.1557
28.0093
27.2387
27.4396
28.0482
28.8229
24.8418
26.9256
26.6501
27.0641
30.7367
30.4323
29.2994
23.5888
26.3826
33.8672
28.4712
29.4298
34.2699
30.8089
28.7006
32.0390
31.6396
30.6582
32.6937
30.2762
29.8727
31.7037
35.3089
31.5850
33.3456
32.3627
28.5353
30.1176
34.9506
30.0938
31.6649
33.8725
31.5891
33.3513
30.8890
30.7680
24.9852
37.4671
28.1188
35.9141
31.6857
27.0246
31.6543
30.4011
32.3231
29.9792
35.4383
31.3770
29.6166
27.4020
25.8892
29.0477
24.5479
26.3541
27.6625
29.2277
30.5500
33.1752
31.1461
32.2140
35.4350
30.9231
33.8441
29.5895
27.1449
29.9867
35.0539
31.9354
30.1982
33.7703
29.7077
33.4500
36.2568
39.2014
36.8729
34.1290
28.4705
27.9330
28.9223
27.0032
30.5691
27.0057
26.2279
28.7537
28.7113
30.5836
27.5650
27.3758
28.3861
29.2036
28.6148
30.3042
29.9635
27.8675
33.4396
29.2039
27.7228
29.6831
27.7357
28.2586
30.9117
31.6381
35.5102
29.9670
34.0085
30.0481
32.3593
33.8436
34.7104
32.8903
30.8943
33.0234
28.0521
27.0840
30.1213
29.7321
26.8516
27.8120
35.0117
30.8393
27.8328
33.8772
30.0933
29.5800
43.3078
35.6650
28.0623
35.5569
28.4868
33.2835
27.7913
27.5143
31.8078
32.1690
25.1446
28.0928
30.1770
31.6232
29.6729
30.9937
26.2694
30.4994
27.7732
29.8683
30.8051
28.0547
31.3598
39.7233
36.1044
30.3519
33.6567
34.9143
27.7362
35.9679
35.1963
27.8163
27.7574
29.9660
27.1884
25.1855
23.8331
24.4210
31.5507
32.2398
34.2938
27.2129
29.0808
28.9151
29.7816
28.6094
30.5659
34.4944
30.2040
29.3402
28.7608
28.6257
26.8755
28.4775
30.3736
33.1547
33.1192
30.6336
31.9239
27.5259
28.6189
35.8843
26.1061
32.7463
31.0168
32.4498
29.6231
33.2845
32.8092
34.4983
34.3693
29.7647
35.2694
32.5114
27.5836
28.2471
28.9537
26.8521
29.9692
28.1984
29.0564
27.8808
28.9491
27.5679
33.2940
32.1257
29.8779
29.1360
26.8348
26.0838
30.7672
26.6773
31.5800
34.8694
28.1364
34.8925
31.6945
29.2121
31.4166
30.2641
34.1413
33.0428
29.2220
27.5750
31.7916
27.5756
28.4872
30.4242
32.1442
35.7513
33.7923
28.5804
28.4188
28.4779
29.3348
27.8530
24.6783
25.9381
28.0817
28.9079
30.6578
28.2854
32.8918
36.4844
33.6723
31.1803
31.4759
28.5620
32.4204
29.8599
35.6817
35.0482
30.5686
28.9778
35.8562
34.1011
35.1289
37.7714
28.2076
33.3740
35.9190
35.3520
29.6028
29.2675
29.9445
29.2973
30.4504
27.2820
28.1188
27.5543
31.0009
33.8878
34.7454
28.6520
29.8550
29.4883
28.8865
29.0872
28.1918
28.0150
28.6130
29.5261
27.8742
28.5470
27.7968
27.5478
30.9735
31.9001
29.1140
31.0533
31.4199
31.3370
28.4533
34.2652
30.0392
34.3478
28.5839
31.1928
32.5044
36.4555
34.0476
34.9303
31.0960
34.6818
37.7264
30.4987
25.9997
26.3813
25.8998
27.4849
31.9330
29.2493
27.4884
33.1118
39.1820
39.9476
37.0736
36.3326
41.8904
33.3219
34.8630
32.9288
30.1572
26.9165
26.7485
30.0005
37.6024
34.9307
32.4933
32.2697
30.5252
27.7375
31.8903
33.2500
28.9132
31.9619
31.4990
32.6047
29.2783
32.5721
29.1652
27.2019
28.9197
26.4259
32.0303
31.5194
30.5667
35.4338
34.3509
32.3582
30.3341
28.7022
32.8015
29.2453
30.7920
33.8369
30.8405
37.0075
35.9578
33.9108
35.8150
33.4777
31.3058
32.5577
34.1204
30.5314
28.6322
25.8550
31.1703
29.5955
30.0417
27.4406
24.6617
31.3042
27.4575
32.6721
31.2166
29.9369
26.1593
30.1292
23.3445
27.7017
24.9134
28.0508
29.1716
26.9075
30.2955
28.5680
32.7850
30.9535
30.7764
33.4516
32.4711
28.6500
27.9091
30.7579
26.9667
29.5237
26.0307
26.5295
26.1316
26.0724
27.5436
27.7634
32.0071
31.9509
26.2119
29.4953
29.1459
29.6015
28.2285
28.3293
31.3190
37.3833
31.3406
29.1138
31.3893
31.4797
31.5216
29.6508
27.4422
33.2955
31.3824
32.4734
28.9478
30.2513
29.8828
30.9857
27.0695
33.1697
29.1859
31.3948
26.8910
29.5934
35.8328
29.3564
26.4406
30.4000
30.4355
27.4789
25.9234
34.2486
34.0479
29.4869
29.2060
30.2258
31.5132
29.6937
27.3495
25.7044
26.0105
30.7712
27.1531
26.0496
31.1438
27.7125
28.8459
32.6856
40.2978
31.4122
31.4189
29.1498
27.4944
26.5272
25.9700
24.2633
26.8434
25.4626
28.5528
28.1803
33.6310
37.7802
33.0243
33.2635
32.5975
30.1138
30.9113
33.0426
30.0816
33.0866
30.6021
30.4057
30.6397
26.9889
33.9706
28.5223
29.1704
27.9729
26.0497
28.7216
26.6438
26.6860
29.3318
28.5358
29.7894
27.5957
29.7997
31.1353
30.0974
28.1189
26.5526
26.7315
29.4006
31.1446
26.3800
27.1203
28.3774
30.0951
32.2171
31.6355
32.6911
32.3847
24.6719
27.8428
29.0725
33.1242
33.7143
32.2697
30.4270
38.1021
29.6587
27.0604
26.6234
24.6574
29.8398
26.2700
25.7160
28.5571
27.7789
33.6592
30.3702
31.5636
28.4187
30.3816
29.3649
27.8356
31.4964
32.7592
29.4057
31.5553
31.1703
30.3143
29.5121
31.3470
41.3448
33.1556
28.6549
30.6248
31.3286
32.2630
31.6385
28.8981
28.5653
27.7452
29.1324
30.3832
28.4651
29.8358
32.0065
32.2179
31.2592
33.5305
33.9849
34.0878
32.5595
25.4280
27.5333
28.1062
31.8154
28.8078
32.1833
27.6092
29.4604
29.2047
30.2697
30.7254
28.2825
26.2341
27.1703
28.4917
32.5824
29.9001
27.9809
26.4150
29.1601
28.6688
30.2545
30.2890
24.2537
23.6242
24.4087
25.5631
33.4279
32.5254
25.4691
27.5389
25.8105
25.5819
29.5711
33.8568
27.7811
32.0890
29.1397
27.1697
25.1295
26.8632
28.8531
27.8709
30.0593
32.2168
29.0648
32.8882
36.4395
38.4192
34.3053
32.5013
30.0886
28.2011
29.9434
32.7333
29.4932
29.4289
26.2942
27.1936
28.2009
26.1629
31.8499
29.2410
31.6464
31.6921
31.0442
27.9990
28.9498
28.7307
28.9799
32.1363
27.7087
26.4109
29.4611
34.9061
38.2718
36.1894
31.3493
28.2221
32.8974
25.4027
26.8631
25.2620
28.4006
26.3400
34.3437
32.6336
32.2016
25.7317
29.0912
29.2472
26.3195
25.4511
30.5481
37.6423
30.6792
26.9114
31.1725
27.1368
29.5353
32.8210
30.0393
26.1715
27.5370
28.8581
34.4891
34.8446
31.0747
27.1609
32.3561
31.8930
28.4035
27.4579
26.6671
27.5017
29.5281
32.7907
30.2324
31.1539
31.5005
32.4956
29.3435
31.3911
29.8000
31.6066
32.1402
33.0929
32.8257
27.5893
29.5504
28.8201
31.7535
26.6280
30.7490
26.9518
27.0535
27.9337
31.1871
26.1834
29.2139
24.9248
31.2167
32.5487
32.0953
25.9293
29.0572
29.4461
29.0240
26.3283
31.2277
30.7058
27.0079
28.4272
29.4775
29.7662
32.9553
31.1053
31.4760
28.2093
28.6666
31.6687
28.6134
32.4374
37.2043
35.8366
36.0952
33.6306
33.7035
35.8612
33.1042
33.2124
32.0983
27.2689
28.9594
29.4297
34.5428
35.8621
25.4454
26.4970
28.5051
28.6007
31.2701
24.4167
24.0841
25.3997
25.9037
27.9730
29.4553
29.4831
27.4793
27.5366
26.4775
33.7957
29.2231
27.4646
25.0192
31.7427
31.1415
37.5370
31.4617
28.4880
31.4684
33.6393
26.3188
27.7548
32.0619
26.6061
34.7203
29.7652
29.2082
29.1780
28.4894
27.6552
26.8979
28.4935
28.9085
27.3684
29.8236
29.2196
26.1246
26.6842
27.6774
26.5195
28.2980
28.9943
27.5206
29.1972
27.0658
31.3307
27.3833
32.3693
33.1901
31.4522
38.8073
37.7041
38.8621
30.3463
27.8997
28.4955
36.2255
32.5868
32.4603
29.3966
27.8526
27.4887
26.5166
25.8744
28.2096
26.3912
26.6229
28.2093
29.2037
27.7620
27.0527
25.0829
23.6521
24.0459
24.7331
26.3098
27.5878
29.9709
26.8729
27.3293
26.8080
26.3866
26.9682
25.7806
32.9972
34.0941
34.0001
34.3184
26.8028
29.3779
32.1587
31.9071
31.6862
28.3003
32.0318
27.4674
28.3866
28.1059
28.9932
27.3019
26.5232
27.6043
26.2640
27.3160
27.5740
25.3572
26.7680
28.4411
31.1454
37.2359
32.6947
31.9272
28.5262
30.6631
34.1686
37.2510
33.6555
29.7705
26.7406
27.4170
26.9551
33.6355
28.6107
26.8982
25.5613
27.2924
24.9253
30.8134
32.0474
34.7727
30.9092
29.2152
30.1938
34.6981
38.8180
31.7374
29.6472
34.9948
36.1915
33.3381
28.9954
30.1081
27.9571
28.9254
27.6099
29.7138
27.1716
28.9442
27.7458
34.9010
35.5448
30.1310
26.8186
35.4487
36.4031
34.6550
36.9032
37.2496
31.9429
27.0899
31.7626
26.3745
36.3363
28.8940
32.9426
29.3359
29.9613
28.3363
26.2075
31.4610
31.0833
27.6193
29.8672
32.6813
30.7007
31.7026
33.4762
28.5756
27.6617
26.2256
28.3629
28.5693
28.6910
29.3219
38.0812
24.4023
27.4130
29.8921
31.4837
25.6771
27.8342
29.9922
29.6710
31.1125
32.4350
27.1314
30.1524
29.6543
32.0958
31.1873
31.2515
26.3972
28.0313
30.0630
30.4595
30.7609
32.8315
40.8865
40.6348
32.0946
26.9052
32.8090
34.4670
31.6727
29.0755
31.1099
29.3949
26.6968
32.2610
27.6683
30.8482
27.9841
29.3579
30.9225
26.1371
26.2964
26.2528
25.6746
26.4592
42.6217
36.4580
34.3115
28.1823
33.8595
26.8908
30.1991
28.6247
32.3865
29.4592
30.4742
32.9437
26.6099
26.9107
32.2508
27.8265
27.9617
30.3860
37.3518
35.5462
36.7603
29.8337
28.9998
27.2984
30.1845
26.1852
32.7498
35.6162
27.9617
28.5139
29.8037
33.6136
28.5783
24.6285
28.2661
34.2030
28.1681
26.9194
27.8172
30.1763
26.9273
27.2096
24.6375
28.6014
29.6850
28.5429
31.8926
29.9119
26.9651
28.0976
24.6289
34.2452
29.9899
31.0926
30.0538
29.0873
29.1957
33.1310
31.9303
27.9134
33.1615
28.1951
27.6198
27.6510
26.9469
29.2467
26.3731
30.5986
32.7599
32.5732
30.0186
27.1106
27.5805
30.6561
29.0067
28.9937
30.0817
28.7318
28.2132
30.1362
24.9113
27.6257
25.8543
26.7986
25.0097
26.9171
24.5799
23.1485
23.6145
24.4562
29.7770
26.4392
24.5740
24.0326
28.5284
28.7315
24.9798
27.1744
27.3304
26.2274
27.2589
24.4157
27.3527
27.5879
30.5257
27.7791
28.9051
26.5879
27.8071
27.2718
27.9765
25.0822
28.5496
26.3267
33.1420
32.1942
30.6869
28.3564
25.6952
30.5999
31.3233
30.6736
36.6221
32.0717
33.3546
30.2916
28.3242
29.3854
29.9298
31.9671
31.3956
32.2504
32.6500
32.9813
28.8104
28.3421
30.2345
25.2050
24.2804
27.2814
24.7494
24.1174
24.7593
26.6734
29.9371
29.3235
34.1138
27.6934
29.5231
27.5791
27.4483
25.9956
25.3709
28.2302
34.4918
32.5320
31.8776
30.7385
34.8322
29.6503
34.7834
25.6885
27.6669
25.4575
26.6342
27.0620
25.6556
25.0632
25.3772
27.4686
26.7288
24.9776
29.0939
34.2949
31.0425
28.5028
27.2903
25.0253
26.2873
28.0023
28.0082
33.2945
29.0984
28.7829
30.7346
29.3740
30.9841
32.9460
29.0395
30.1641
31.2387
26.0691
23.8782
26.2246
25.8934
31.5856
29.2221
28.3530
30.0003
29.3092
28.9996
29.2437
32.0438
31.9107
34.1080
35.0079
34.2695
37.4362
28.9483
33.4982
29.1399
29.1516
39.2229
35.3043
32.1317
29.2685
29.4278
30.4580
32.7511
34.2079
32.0033
32.4956
33.2550
32.2699
31.2404
27.9297
29.1824
29.9558
30.6215
36.8205
37.3385
35.8356
32.8573
32.0936
30.8995
36.0131
32.5546
30.9259
30.1115
43.0511
31.1681
31.2501
30.6238
30.1428
28.8555
35.0953
29.5662
29.8887
37.3324
35.6911
29.8650
26.7155
31.1571
30.3218
31.8542
30.3147
31.5101
31.3741
33.1412
31.4722
31.3648
32.1467
31.6555
32.0213
30.9086
30.9631
28.9504
30.2526
25.2678
28.3747
27.2264
28.4548
27.3606
27.9194
28.2616
27.1263
27.6999
26.2292
27.2356
27.4001
25.4719
27.8045
28.8225
28.7643
32.1341
29.3063
27.0115
27.0472
33.8184
36.6652
34.0383
31.8336
33.6733
37.5888
33.2863
33.2576
36.9466
27.6614
28.2186
30.1941
32.1406
30.1271
28.5122
28.3183
29.3393
28.2948
30.5635
32.7350
24.9081
29.8138
32.3560
30.9895
29.1173
26.7221
28.9277
27.0484
31.2401
28.4521
26.4938
27.7032
27.5984
27.9020
27.5374
27.8725
27.8032
30.1180
30.5062
27.8103
28.6965
30.4962
29.8126
29.2046
30.0695
32.6654
34.2734
27.2806
28.0777
27.7083
31.4363
28.0158
30.3972
31.4167
32.0071
27.6642
26.7346
25.5447
26.3663
25.5560
25.7018
28.3175
24.8569
26.4510
26.5808
25.5385
27.3818
29.6218
28.5037
30.0568
29.5499
25.6290
32.2599
29.9797
25.6795
25.7962
25.6115
25.6438
29.9534
30.1461
28.1047
29.0917
32.0108
28.7971
30.5223
28.3507
30.4021
30.2174
32.8027
27.0110
26.1276
27.4908
26.0358
25.6806
29.3077
28.0048
29.6616
27.5620
26.0886
29.0093
27.9633
27.9757
28.2077
27.1498
31.1807
29.0723
29.3782
28.9554
31.0424
30.5991
30.1729
33.1603
35.2570
26.8562
26.1847
30.2457
30.7872
28.0823
28.0825
30.3817
27.3599
27.2412
32.3355
28.9911
31.5799
30.6798
31.4344
32.2339
27.9761
26.6836
25.7376
30.7610
34.5871
35.6307
34.6754
26.9411
28.7629
27.5340
30.7115
24.8646
26.6732
28.7054
28.0024
29.2586
25.0745
24.3688
30.0435
26.5829
31.9183
30.9006
29.0973
31.1626
28.8330
27.7968
28.5396
26.1963
31.7557
31.1314
31.3785
27.8032
29.4569
27.2204
27.1137
31.6560
31.0179
35.0581
27.2533
29.5910
28.6409
29.9265
25.8808
38.4514
29.6584
29.3999
28.2053
30.2706
30.8830
28.8286
28.5122
31.1247
30.8102
30.1052
30.3386
31.1001
32.1182
30.0102
29.0058
28.6103
29.7129
29.3870
29.1325
29.8129
33.1187
26.5042
26.7121
26.8297
27.0555
26.8643
26.6966
28.5699
31.3655
24.3122
28.5319
26.3683
26.2217
28.6792
31.0319
28.0962
29.0449
30.0711
29.6693
31.3709
25.2199
29.7582
28.7315
29.6868
32.7686
26.8490
30.6450
26.3039
31.7260
29.3404
31.1486
31.8355
25.0295
31.2852
32.5586
30.2595
27.7917
30.9196
32.3550
29.6164
28.0581
25.2270
26.2659
25.7506
28.2626
29.1598
31.6130
28.1703
28.7476
30.8664
28.2986
29.2098
28.1168
30.5825
27.2357
28.2527
29.6703
31.8886
30.4765
32.5565
27.4462
25.5763
32.6778
31.3103
27.1033
31.1917
28.3407
35.3433
29.9031
31.0709
34.5389
34.4811
34.2938
30.5956
28.6345
28.6581
26.2192
26.2885
26.2866
28.4681
25.2887
28.6915
29.1891
30.1922
32.6681
35.8987
34.2608
37.1201
27.9478
27.8190
30.8659
26.6740
29.6208
31.3965
27.5567
28.8628
25.2328
24.6026
27.6280
26.1835
25.9199
24.8327
29.8486
25.5682
25.7566
26.8272
27.4901
25.1795
34.9374
26.1438
27.0323
25.1604
27.9204
25.8767
26.0033
29.1709
29.3294
29.5847
26.3565
32.0543
30.7568
29.9410
26.0528
32.0797
31.1078
27.9608
31.9189
30.0705
40.3132
26.3541
29.7565
28.7020
26.8792
27.7827
27.1170
27.7734
26.7988
28.2763
28.4644
25.4353
31.8201
29.0454
25.2206
27.4272
28.4987
31.2272
28.4848
31.6546
24.8810
28.4424
27.2423
26.5074
27.6965
28.8548
34.3896
31.8397
30.1921
29.6920
29.0511
30.5635
33.0298
31.8486
29.7956
33.9568
27.3757
29.6808
27.3731
30.4012
29.1469
33.3953
26.2779
27.2562
28.5335
29.3015
26.9926
29.7885
30.6783
26.3228
25.7213
29.1544
30.7317
29.7574
33.6944
34.7905
30.5819
33.1655
29.5557
33.9274
41.7359
34.8706
37.2850
30.9765
30.0644
33.9056
32.0093
29.8794
28.0306
27.6451
28.5042
27.7044
27.8553
27.5788
31.9956
26.5030
28.4351
27.8288
28.1797
31.8197
29.5214
28.8051
33.2688
29.9749
24.4343
26.3724
29.7979
31.2862
31.2847
28.4280
26.8496
30.9511
28.3297
31.6883
28.3824
26.9270
26.0643
26.1251
25.3399
28.2476
25.8137
25.0731
23.8366
28.6337
26.1157
26.0923
28.0889
25.6411
25.2981
26.4682
25.0071
28.6910
29.6526
32.8002
32.1278
30.4523
28.4776
26.9332
26.7811
28.5543
30.9448
27.0405
26.2316
26.8337
28.9234
28.7305
26.7472
29.3000
27.4305
26.3093
31.1139
32.0476
31.0608
31.9682
31.8472
29.2503
34.0273
31.0355
34.3759
35.1428
38.7748
31.9163
29.4909
29.5080
29.0820
30.6617
32.9327
29.6945
33.1456
30.3421
35.1601
36.6793
31.0267
35.0333
30.7852
38.3380
34.6893
27.5004
30.1069
27.1649
25.1087
25.8875
25.7708
30.6512
30.6066
28.3590
34.4391
28.6169
28.0694
32.0767
33.5036
27.6836
34.0324
28.7671
28.8081
27.2632
35.5002
33.8793
31.4013
28.7930
31.9833
30.8893
28.3109
28.7532
29.6288
30.0766
28.6951
26.5523
26.7066
33.5421
26.6913
27.6077
30.1751
30.1072
29.2275
26.3925
27.8448
31.9275
32.3189
34.3437
33.9848
29.6338
31.6100
30.6739
29.3481
30.2036
30.1935
32.6831
26.5403
27.5588
25.8087
31.3800
29.5204
33.6072
34.8659
28.4749
26.0270
26.2972
26.0580
28.0910
28.1680
25.6691
28.6693
34.3397
29.2014
28.8627
30.5994
29.1294
30.5773
31.0529
30.8627
34.1937
34.2002
32.0359
30.6224
29.2469
27.9958
30.2668
29.6455
35.2720
32.3006
35.0925
35.2037
33.9101
28.3711
30.4022
31.9700
34.3481
33.7057
29.5022
30.9487
31.5615
29.7047
31.1688
33.3145
33.7873
30.6416
29.3639
31.2004
32.5973
29.1916
29.9963
27.3741
30.4599
37.1724
30.9553
29.5028
27.2101
29.8534
30.9730
32.6302
28.6006
31.0126
26.9686
29.6948
26.7951
27.9464
29.1983
31.6390
32.4973
28.4614
38.8195
37.2452
31.4847
33.1714
31.5677
29.4661
30.2850
34.8163
34.1498
30.1972
29.4024
30.7350
30.8331
34.7600
30.3038
36.1485
38.2679
31.7125
30.2643
31.3164
29.3117
29.9507
26.3977
29.0355
32.6360
29.4616
33.4636
29.5424
28.7991
34.1231
37.7434
39.1291
36.4102
28.0018
31.9770
25.2680
30.0301
30.5792
30.3776
28.8436
34.3293
32.2529
30.3253
32.3703
33.0437
31.9300
31.0290
29.2731
25.0442
28.8785
30.3740
26.1069
28.0984
31.7545
29.9182
27.4442
27.3751
29.3754
30.9351
26.3806
24.9122
29.9923
31.1580
37.5850
41.7528
41.0833
29.9559
29.1910
27.6928
31.2249
27.3798
23.8040
28.3641
32.7836
35.0934
28.8994
29.3786
31.3213
34.1753
30.0982
27.8085
28.6410
24.7750
28.4715
25.8081
25.0602
26.7946
34.7390
29.2901
29.8575
25.8609
31.4850
33.7551
28.3922
34.2466
31.6308
32.7475
32.3963
29.8289
32.0275
34.7111
34.7482
30.5394
29.8338
24.7329
25.6911
35.7312
29.6307
31.6606
31.2352
31.4583
30.3215
30.7247
24.9365
28.5108
27.0396
30.8971
33.0257
34.6132
35.0871
31.2143
29.8945
27.2038
26.2012
26.4552
26.3049
27.3202
26.2302
25.6449
22.7082
24.3604
29.4332
32.1236
30.1836
29.3454
29.0347
29.3717
29.2745
29.6288
29.6269
27.4786
25.3883
31.4087
31.5690
29.3898
30.3483
26.1721
25.6909
25.2701
26.3057
29.9468
26.9895
24.9477
27.9966
30.2464
28.4064
30.8255
27.7977
25.1689
33.4621
27.1549
29.1160
31.1371
27.7521
27.7371
32.1858
31.5445
30.8969
37.8574
28.3824
26.9597
25.9617
27.5072
28.8815
25.6270
28.3580
28.7653
28.9070
28.2032
27.4981
26.7554
26.5375
29.1374
28.2932
29.1534
28.3055
27.2007
28.9172
29.5365
28.8697
24.6991
27.0657
25.6540
23.5412
26.4277
30.0335
27.7250
28.8736
28.6622
31.8719
32.0001
30.0365
29.2059
30.0943
29.0970
30.3073
28.3079
28.6246
30.2018
27.6775
27.4651
27.9902
24.9987
26.6327
27.6282
27.3561
28.6995
29.2798
32.4219
28.4760
26.9445
30.8469
31.0310
31.5747
27.4885
29.1797
28.3061
28.2959
28.8628
31.3731
27.7091
32.8640
30.4489
27.7222
27.4107
29.9170
31.4939
30.5253
28.4543
30.0612
29.5574
32.4812
28.6034
27.3234
29.9626
28.9019
30.0015
26.0743
31.7869
29.5199
27.2162
28.9515
26.6279
29.1515
28.2423
26.4587
32.9562
30.1629
29.2726
28.8310
28.6570
32.1842
29.9498
26.5365
30.1634
28.4778
31.7132
31.2538
30.1466
30.1741
32.0281
32.0306
28.6522
29.2336
28.7899
30.3195
28.6832
32.6323
33.9616
31.5454
33.9894
36.5264
31.5894
31.3216
28.7917
33.8946
33.5128
27.5815
28.6667
26.2458
26.3853
27.3039
28.1508
27.7367
24.8327
28.5844
29.2978
28.1899
29.4192
27.3134
25.4960
28.4739
29.4722
25.8401
26.5001
28.0317
28.8645
29.9491
29.8821
29.0791
30.8798
29.5955
29.1940
26.2223
27.1648
27.3570
29.6647
25.6364
25.3056
33.4398
32.4158
33.3069
34.1633
30.7573
31.6632
26.8194
27.6755
25.4272
29.3182
29.1580
28.5683
25.1697
27.9214
25.4451
29.0169
25.9043
26.9657
26.7729
27.4782
33.2621
29.7554
31.2759
36.3890
27.3888
32.1310
31.3226
27.8977
31.1910
29.5733
30.3448
29.6122
28.2451
29.4241
31.9422
34.0743
29.5384
31.7336
27.9792
28.1970
26.3985
28.6589
30.1228
31.2208
27.1375
29.7204
28.0068
27.4083
29.2863
29.0311
29.2180
28.4368
29.3007
28.5189
27.3085
28.4716
28.6643
29.3281
30.2640
32.2608
27.4987
32.9673
28.5446
32.0297
35.7259
35.0294
27.6430
26.9376
27.0877
29.5124
26.8462
31.9011
28.3713
28.4614
28.5896
31.4929
26.2328
30.4216
27.5051
26.8370
25.6471
26.1311
28.5055
27.6647
27.8444
27.1302
28.4954
29.4432
35.2918
29.7780
27.2288
34.1104
30.3440
28.4437
25.6062
28.1191
27.2218
28.7098
26.4077
28.4459
26.3535
30.5266
28.0931
28.8994
28.8434
27.6271
33.3600
26.1064
25.8321
28.2141
26.5549
28.6734
27.8856
31.6683
35.0589
30.8668
29.7982
28.0930
25.6306
28.3695
31.9682
35.3072
28.1274
30.9332
34.2338
29.2926
36.6808
33.0462
30.0605
35.5244
29.6600
35.8544
29.9535
33.8192
30.9353
33.3345
30.2250
31.5880
35.3744
36.1693
36.2860
33.8823
36.3134
29.6769
29.2235
30.7688
29.4707
30.7506
29.5452
29.4138
29.9112
29.7097
29.7089
30.1984
33.3713
30.2443
28.6346
27.3899
28.5589
27.5091
28.3010
28.0180
24.8672
29.8142
30.1066
28.7591
30.9901
30.1234
25.5240
28.3634
25.4066
26.6926
28.0821
26.0187
26.5603
31.2482
33.0061
31.0248
29.8847
32.1947
31.5300
34.0155
28.4233
26.4940
31.0067
35.4895
34.3929
33.7446
29.0618
37.7862
36.3589
28.5798
33.9831
32.2278
35.9237
28.9505
34.4870
29.6770
30.4005
29.0540
30.2765
29.6659
34.8562
30.9380
31.0862
28.5767
29.0903
30.1589
31.7181
35.1917
32.0998
28.4726
27.4949
30.2372
27.4675
29.7799
31.0618
30.1395
30.0276
29.9637
33.1027
31.0000
29.6705
33.0233
34.0644
29.8428
37.2342
37.8814
36.0510
34.9260
33.5731
35.5844
38.9124
32.5820
36.9158
39.4857
29.8217
30.0095
28.3119
29.6300
28.9394
30.6631
29.5613
29.7269
34.6363
33.7247
34.3616
32.6959
33.3285
31.6802
31.9313
32.3651
31.1497
29.9463
31.1198
30.2956
32.3510
34.2633
34.3250
35.4621
28.9201
30.7316
31.4403
38.9804
31.1455
30.7290
31.2031
29.9197
34.0892
37.6274
32.6038
32.3701
30.4755
30.5767
31.5101
33.6729
34.7641
29.6087
31.5936
30.6015
31.6497
29.9048
29.3485
32.1115
30.6063
30.9116
27.7834
30.2263
33.1369
26.3292
38.2780
27.5074
34.5095
32.5329
29.6986
32.9702
33.3713
33.5609
33.5663
25.8175
27.6019
27.4331
25.6503
29.8201
31.1863
37.0639
30.8442
28.8032
29.0297
28.5169
33.8921
27.0529
26.5941
26.9342
27.4161
29.2540
26.3957
30.4658
27.8502
32.2722
25.8932
27.9421
26.9873
24.9034
25.6647
24.3081
26.0614
25.3385
30.1231
30.9319
29.7770
28.4512
32.3554
25.2177
29.7799
37.5180
31.1241
35.4762
28.4006
28.9057
32.9317
28.8938
27.4936
24.9742
29.7861
29.5645
31.5335
31.6961
25.1858
29.8372
37.0060
35.3899
34.9307
39.3532
29.5057
28.7515
33.7533
30.0910
30.6974
29.9886
30.2406
31.0896
29.3157
33.8576
33.7636
33.0883
38.2497
29.0099
32.5259
35.3385
