48.8068
56.0953
59.6138
55.5379
56.3988
49.3233
61.7449
65.5373
55.5933
54.0342
53.5190
60.4143
62.2622
62.9111
60.6970
61.3478
52.8524
46.7401
51.0085
53.2398
54.4101
54.3744
55.7262
60.7364
62.2929
63.9925
54.2117
52.4244
48.7106
50.5019
48.7686
49.8619
48.8243
51.7416
61.5041
59.0082
64.3406
61.5164
58.9566
64.4865
66.5894
65.1812
66.5954
62.8318
59.8745
61.2964
61.5528
57.9761
56.8666
62.5185
50.7718
56.2456
53.7325
55.0401
46.3217
52.5349
58.2851
63.6530
54.6843
60.0701
57.8146
55.3438
54.4534
56.5149
58.9296
61.4361
62.5741
54.3655
55.8295
45.6508
47.9726
44.3873
50.3627
47.7169
50.6264
43.5758
44.8830
48.1013
41.5105
43.4703
49.0681
52.1092
49.1744
48.0777
53.4437
46.5056
49.1559
48.7742
51.5306
46.4009
46.3829
44.8199
48.0420
50.8553
52.7991
52.1862
50.4435
50.1183
48.6240
45.6232
45.2268
46.9128
44.3335
44.5158
43.0557
44.2749
45.0436
45.2079
45.1086
43.9382
45.2508
56.1314
57.0596
52.9342
47.1159
46.2529
43.6896
42.7789
42.5061
42.8545
50.3492
44.6567
47.6977
50.0004
54.6892
47.5057
51.7449
57.7877
52.1391
45.3992
43.6558
39.5312
41.9329
44.0794
41.9250
41.1694
44.5626
42.8221
42.3111
43.1805
42.5221
42.9519
43.8683
41.6795
40.0756
40.5461
39.6833
40.0948
40.8706
40.4820
40.5619
39.7714
40.7575
39.0399
39.6857
38.6897
39.5170
43.7330
41.9667
38.8415
38.2776
37.1544
37.1796
38.1011
40.9457
43.5088
41.3770
42.2015
42.8439
41.6665
37.8695
41.0106
44.6006
43.8762
41.3236
45.1027
43.6797
43.5976
43.1958
43.2186
45.7951
44.2034
42.6003
43.0426
44.1107
41.8355
42.3693
39.2200
39.0453
39.1290
40.4822
40.2987
37.2658
40.8286
41.6041
39.7071
39.1744
39.4534
40.6319
42.8425
45.8718
62.5545
62.3605
63.6563
64.1857
64.2224
64.5291
60.6360
61.4248
62.3692
63.6131
69.4531
70.9471
61.3632
61.4207
54.3565
50.8339
58.1213
61.0201
62.9665
63.4266
67.1643
66.8235
66.2513
67.5103
65.7028
69.4325
69.2686
68.7730
68.0275
66.0416
65.3693
67.8112
72.2579
68.8183
60.1379
50.6517
59.9666
56.7658
55.3105
54.8687
58.5448
52.8471
50.7587
48.2776
50.6496
50.4339
45.4591
49.0536
49.3802
51.8867
50.1006
49.8788
42.9970
43.6811
44.1470
50.2750
47.7771
47.1680
45.1102
45.7206
47.0679
49.2849
49.5975
46.3914
47.5647
42.4428
48.5885
43.3910
46.9131
48.2789
48.9550
45.0651
43.6510
41.0906
46.7977
45.9893
47.5274
46.7359
47.9956
47.6770
48.6216
46.5246
48.4033
47.9755
51.7961
45.7733
50.1917
51.9369
51.1632
51.7059
54.1775
56.2306
56.7799
51.4094
49.3034
59.1132
69.2497
65.0416
61.1392
64.9369
57.6461
67.3714
65.8205
61.9064
65.1087
64.8931
64.4376
61.3462
66.9301
64.6145
61.0603
62.9874
67.9225
68.6506
67.3123
71.7538
73.0822
68.9887
69.2338
72.6715
72.7938
71.7907
74.4924
72.3100
76.3778
73.8992
75.1634
61.7352
66.6020
64.1377
61.9401
63.3641
61.9284
63.9228
65.8679
67.4050
67.8888
73.1566
72.4901
73.5012
65.8825
74.0660
69.3927
70.0954
72.8796
64.0486
70.3248
73.6850
69.4294
69.0954
72.3093
69.8240
63.3330
63.8784
53.8518
49.4902
51.3929
55.5675
58.8007
56.7969
62.2303
56.2125
55.9199
54.9595
61.0532
58.0491
57.8303
61.6530
56.2746
53.5920
63.2093
49.6668
50.5288
56.5172
57.4665
55.0976
61.7669
57.7173
54.9720
57.5533
62.8807
63.4357
60.9713
57.8248
66.4459
61.5386
63.6753
56.2859
59.0952
60.4351
58.5610
58.3051
59.2671
62.2290
60.2983
60.2081
62.3243
58.1155
57.9598
59.1337
62.2686
55.1302
51.9138
45.5150
46.8354
53.2833
52.9481
56.2719
54.0660
53.3833
54.3196
51.1332
53.1685
55.1873
58.0966
58.7476
53.6894
63.8615
67.6364
73.7002
55.6924
48.5883
63.0725
60.8920
51.6738
53.0727
61.1096
49.4435
63.4880
67.6584
55.4773
61.3049
66.0574
59.6202
59.9349
59.2450
62.2419
63.0923
66.6650
67.1147
68.4086
65.5341
56.7336
64.2092
59.1715
63.2950
56.5450
58.1692
67.9831
69.2747
61.5123
64.7219
55.7301
49.8150
60.3860
60.7886
62.2851
54.9762
52.5978
53.2362
50.7023
55.3217
52.4842
59.3763
64.1449
61.7692
61.7343
74.2359
70.2774
70.8510
65.2589
63.5353
61.1338
62.3631
54.2900
61.3957
63.6279
59.2941
59.7528
67.0475
68.9387
67.8457
66.2177
68.2826
65.0499
69.1601
77.1088
64.9657
68.7480
73.3073
55.3807
62.2448
62.0680
58.8563
57.6479
44.9316
50.3973
48.3387
45.3375
44.6849
54.7539
56.5412
59.8739
60.6915
62.1928
63.7024
60.7588
65.8532
58.4989
65.9115
77.9820
77.7732
66.3935
70.0192
60.3484
61.7416
62.7109
69.0558
59.7947
52.5338
56.5539
65.9466
70.1155
62.2866
69.0038
53.0370
51.5721
74.7112
72.6500
64.9190
63.5194
71.5939
73.6408
64.1141
58.2613
63.5760
62.6093
64.9471
69.9626
68.6151
66.6696
76.2369
72.5253
68.2515
68.6080
64.6719
62.5327
65.2330
59.2657
55.9376
59.4614
68.8576
62.7973
61.1180
67.1014
58.6577
63.3823
62.1975
63.3077
64.4975
67.2564
66.7694
61.8475
66.3108
72.6231
67.6503
72.0911
66.0522
63.8455
68.2485
69.0559
66.6785
67.1759
63.2890
67.0866
66.1833
64.0952
65.4552
70.2445
56.0956
72.2965
59.8269
46.0088
44.4549
46.1839
44.9827
42.1859
44.6025
41.7987
42.6235
47.9380
42.6877
40.6972
41.7815
41.7694
44.3789
43.1328
45.2785
46.7011
46.2991
46.9654
45.7546
47.9056
45.6060
46.4131
47.7329
45.2729
44.9904
46.8177
48.6497
46.9197
46.5505
47.9290
47.2352
47.5833
45.6971
42.8715
43.6102
43.7321
43.0818
46.3759
44.6455
44.4520
44.8056
43.7240
41.6396
44.0518
42.8069
40.4090
42.4481
41.7638
41.0052
43.9060
46.6673
46.7640
44.3126
38.4405
38.1545
42.3160
42.6649
44.4428
44.8130
44.7442
46.5645
45.9807
46.8636
46.4709
46.9392
47.3380
43.6620
45.4512
48.6688
43.3809
42.4991
44.3212
44.6002
44.2622
44.8547
44.6993
45.3897
50.9437
47.1798
47.9848
60.2092
52.6833
59.0274
67.6057
65.9121
69.0959
68.4245
68.3932
66.2520
60.2222
61.6815
51.1798
56.4497
58.4894
54.7089
61.7286
52.0033
56.5752
55.7545
58.9633
51.4417
51.4645
49.2452
49.0716
47.3238
45.6521
47.8493
43.4419
40.0783
43.3528
44.6294
52.4668
49.4220
55.7834
51.5791
57.0346
50.5850
56.1968
69.0914
55.0903
55.2167
49.5966
45.5327
56.8295
61.4587
50.3125
57.4042
58.1778
57.3696
66.4688
65.2166
65.9495
61.9897
56.3178
58.9533
61.4660
64.9853
70.2248
69.7689
68.4124
75.3917
70.8347
69.3491
69.0444
49.0513
47.4691
49.5475
49.3740
49.1576
44.2214
53.9030
53.3214
58.1367
58.6014
53.2270
48.9928
54.2755
60.0008
58.7812
49.1136
43.8369
44.0606
41.7836
44.2709
44.9045
49.5094
48.0941
44.8852
43.8460
44.5185
44.8468
45.3972
44.0947
44.2872
43.5841
43.3094
43.7250
42.7308
41.3706
40.3311
44.1714
44.7130
45.5844
44.4092
47.9770
46.2897
46.4206
45.8316
50.2471
47.3103
46.1896
51.0759
53.1998
54.1148
59.2496
66.8642
69.8874
65.9798
68.3522
74.1595
65.2374
62.5099
61.0653
62.0453
60.4344
57.3800
56.2262
50.1405
49.6983
54.0788
64.2355
68.3230
58.9625
67.1229
54.2499
62.5948
59.7002
60.7478
64.7767
55.3684
59.9447
55.5602
71.7396
74.9628
74.0802
49.7380
54.6162
51.6231
53.2611
50.3285
53.2419
58.1440
51.8178
62.4820
56.0559
56.4020
59.4282
58.1576
58.9203
59.3765
63.3633
65.1765
65.6104
67.0320
61.7189
59.6234
56.6942
54.3286
55.1926
54.7595
51.2712
56.7373
60.6441
59.0473
63.5108
54.9203
52.0753
59.5331
56.0202
50.7931
39.5192
48.1695
41.8335
44.6229
48.9771
41.3944
40.5246
41.4604
40.2364
40.0999
39.9609
39.1080
41.7202
40.0108
39.6282
41.2992
39.6159
42.8232
43.3153
41.7769
44.3306
42.8837
41.1268
40.7151
41.8118
43.9416
45.4244
42.7102
41.4357
41.1626
43.2866
47.8670
50.2593
57.0669
55.4154
50.0096
50.7708
56.0050
51.3196
58.6051
54.1223
54.0237
58.8996
54.2101
53.7666
56.6527
51.4241
53.1677
53.4083
53.2849
50.7029
53.0969
52.2834
52.6024
53.0435
54.9906
54.7635
55.4605
55.8316
51.6574
53.6213
55.2023
52.9971
53.0416
44.6383
49.4136
53.5838
52.0517
60.7528
53.4297
59.5371
51.3557
53.2105
48.6927
52.3653
47.3656
55.7843
47.7853
53.4285
56.7333
41.5841
37.4597
39.7900
41.5631
37.5856
42.9112
36.8668
37.8307
36.8292
37.6476
37.4011
35.6063
40.4064
42.4744
38.5174
37.3985
38.7293
41.0697
51.5797
48.9152
39.3427
35.0554
37.4584
36.6805
34.9477
36.2464
35.5971
35.6350
36.4401
36.9852
45.6434
39.4186
41.2064
42.8235
34.6737
38.0133
51.4183
51.8176
50.5901
64.2182
50.1838
46.6337
43.0714
54.8257
51.2208
44.8781
42.9793
41.0617
43.1708
45.0853
39.3824
40.6287
43.0762
40.2086
39.1008
41.2091
37.8951
39.1050
43.4604
41.2766
43.2166
44.1533
42.2427
39.5791
39.8973
40.4683
42.8048
42.0600
41.8639
43.3636
39.5039
40.3082
41.6287
40.4363
39.2314
39.9730
41.3376
39.2445
37.6596
40.8387
39.0494
39.8955
41.6616
40.7621
41.9008
39.9094
42.1871
42.3416
40.9082
40.0654
41.4437
41.5090
42.5098
43.0275
42.0062
42.9088
45.8323
44.2481
42.6074
43.7464
45.3720
42.6497
45.8640
46.8470
45.6885
44.9074
43.2120
45.5891
44.9008
44.3704
43.7951
44.9515
45.6741
45.7355
45.7447
46.5851
47.1752
46.5755
44.8706
44.8168
46.0649
43.1558
44.0736
43.4553
45.4850
47.3359
44.4825
47.2245
45.4520
45.8010
44.6685
46.0610
47.1307
46.0485
47.0498
46.4392
45.9107
53.9789
52.0983
53.9241
64.2769
64.1220
55.3656
54.3132
53.0959
47.7201
48.4526
51.2530
53.2774
52.6111
52.0164
51.6811
49.8593
51.1909
54.3984
49.3749
51.1290
54.4031
53.2363
57.8291
56.7478
57.2338
59.2454
51.3184
52.9010
52.7465
57.9270
51.9454
52.3043
53.9230
50.5471
49.4963
53.3288
49.2064
47.1032
50.6885
47.2102
47.8744
45.9120
51.1266
56.2702
43.2234
43.8342
46.1569
46.1467
44.7781
43.6510
43.9266
44.5105
54.0432
47.4036
51.2676
58.6582
53.8064
43.6280
49.7777
47.5558
45.6951
54.8488
51.8457
59.3739
57.2326
60.4970
59.2955
55.2417
55.1848
47.3572
46.6442
44.6215
43.8578
44.8757
45.3252
50.4068
52.2703
55.9561
50.3271
48.8731
54.0397
54.1800
51.1931
50.2058
49.6311
48.3464
46.7626
44.8424
42.2451
41.0648
42.2697
34.6842
33.6521
36.9186
37.2332
39.8956
38.1732
40.3705
36.6710
35.4256
35.1095
35.7439
37.2825
35.4883
36.3852
39.0722
38.4153
39.4366
43.2155
42.2848
37.9687
40.2039
40.9548
41.9554
41.2582
44.3513
45.4712
40.9976
42.1356
42.8266
41.7280
41.6657
41.9462
44.9091
44.2872
41.8981
43.2181
44.4249
43.5602
36.5599
38.2722
42.9599
44.9810
43.2533
47.7992
47.2808
46.2897
45.5469
45.4089
42.6034
47.3708
46.4030
45.8415
45.6895
45.8580
46.5393
46.2003
46.3653
47.2941
45.4662
43.6215
46.9637
45.0951
49.3097
51.9813
54.1242
52.9172
49.9825
48.4018
49.0715
45.0118
40.7193
39.2737
39.1234
38.5616
38.5611
41.8079
42.2476
40.6871
39.3697
39.1754
40.0293
41.5232
41.5925
42.2102
39.6141
41.0354
39.9294
40.5664
43.4270
43.2222
44.1518
43.7023
43.9548
45.0081
44.9378
44.8403
45.4651
45.2750
43.9922
43.7150
42.8854
43.9057
43.4359
41.9965
42.6873
42.8501
46.6288
45.7402
45.0895
44.9401
44.3508
42.1761
45.1672
43.1477
40.1551
38.4394
38.1596
41.5143
44.0141
43.7025
43.4762
43.5965
42.7915
44.5745
42.5421
42.7602
44.7603
47.5442
45.2458
46.1264
45.0570
45.1041
46.2408
44.5074
46.7667
45.2270
43.5774
44.7906
42.5467
43.2801
41.9581
44.3848
44.0410
45.1019
45.9871
47.1035
45.5124
43.1149
43.0473
43.4204
41.6395
43.5166
42.1457
44.3901
43.3496
43.0951
48.0658
47.0022
48.4199
48.1211
46.3584
45.6961
43.9638
43.7621
44.8720
43.3296
40.8377
42.8465
42.3202
44.7066
42.5129
44.2677
43.3808
44.0403
43.8549
44.9302
44.0220
43.7901
43.9902
45.5959
45.1395
45.3131
46.1522
43.5007
43.4511
44.0776
46.1503
44.3073
43.9270
45.9496
45.9733
45.4102
45.3425
43.2399
46.1719
45.1232
45.1379
46.0848
43.2872
43.1523
43.3858
41.8340
41.6142
45.0819
42.3890
40.7154
42.3149
44.6413
45.6496
42.4497
42.5743
38.6287
38.7296
39.9009
39.6826
37.8512
41.0842
39.4495
38.9870
39.6102
38.4610
38.9218
40.0472
38.9729
42.0895
38.9895
39.7658
40.2071
40.1710
39.6877
39.1626
36.8364
37.6197
37.4114
35.8034
36.5583
36.2053
33.7125
34.8408
36.7792
36.8420
38.7016
37.0677
39.2585
37.4684
38.0833
39.2840
38.8473
41.7614
44.1185
40.7592
36.9441
38.1260
38.9953
36.0193
37.2534
34.3640
35.8599
35.6937
36.6826
35.4804
37.1396
35.1053
34.5215
32.9087
35.9113
35.3924
35.7275
35.9525
35.4907
37.5141
35.6764
36.0194
34.3674
34.2934
34.3701
34.2762
35.0158
33.6556
35.1405
34.4863
34.9151
35.4866
36.3369
36.7467
36.5638
36.3218
36.3558
35.9922
36.0227
37.0740
37.1521
36.3091
36.3747
35.9818
36.2168
36.3961
36.5305
36.1581
37.1104
37.4615
38.2641
37.8195
36.5599
37.7661
38.0949
37.8344
36.3326
36.6048
36.3453
37.3184
37.3990
36.6395
37.6710
37.4977
38.3208
39.2713
38.1614
37.1411
37.2849
38.0892
39.2169
39.0575
38.3803
38.6835
39.5787
39.4308
38.4378
38.3532
38.2142
38.4197
37.5759
36.9082
35.9677
36.9666
36.0949
36.7375
36.5028
36.8520
37.4432
37.8800
38.3575
38.3243
36.8058
37.1867
37.6592
37.3677
36.6451
37.5116
36.5090
37.5937
38.1112
37.1028
35.8161
37.3160
36.8751
35.8241
37.1593
36.2030
39.7482
36.5511
36.8626
35.1035
35.7480
37.6469
40.6633
37.9465
34.7910
34.3265
34.1528
35.9249
35.3507
35.2046
36.2070
37.8165
36.0055
35.1651
38.2899
36.2217
37.9693
36.7372
40.4166
44.2849
39.7191
40.8112
42.4181
46.5418
43.4547
45.3941
44.2782
50.6462
50.4424
51.0867
52.9935
46.7882
47.2697
48.9989
46.6457
47.5073
44.4949
46.3770
44.7468
44.0062
40.8143
43.2588
41.7740
45.0292
43.8325
45.9537
38.3735
38.4626
40.2621
39.9403
49.1257
49.2212
53.0209
51.3232
50.8162
53.7383
51.5116
55.8815
48.5116
48.0499
48.2740
41.5087
44.1883
42.3272
45.9022
41.9407
40.8324
39.4276
38.6782
41.1114
41.8732
41.9117
43.2150
47.1344
45.5902
42.5051
41.5287
42.8167
42.1029
41.7161
43.7578
40.5863
41.2955
44.8046
39.6914
42.3348
40.0904
39.9990
42.3655
41.9722
40.5341
38.1113
38.3897
39.7661
40.6170
39.0831
40.4276
39.4603
39.9663
39.3533
39.2207
38.5357
39.3871
41.7068
40.8643
42.9191
42.8159
45.5815
44.6961
45.0771
45.4668
42.5215
43.3343
43.1409
42.7082
47.8881
44.8145
44.9888
44.9543
45.1338
47.8325
45.7277
49.3418
47.5241
47.3474
47.6462
47.7366
48.7388
49.4107
49.4744
46.0121
48.0897
44.8633
46.0183
47.3655
48.1849
46.5511
45.3268
47.1398
46.2916
47.3986
48.6568
44.9697
46.3666
46.3325
41.6747
45.8329
43.6388
44.4327
48.6812
46.4656
45.9180
43.4226
45.8668
45.2831
46.4715
45.3764
45.3782
45.0854
42.5343
44.9297
44.2277
43.2709
43.7420
42.0812
42.6829
43.1229
40.8807
42.3095
39.9269
43.1145
42.4700
42.2575
44.9744
43.8588
47.4799
44.2058
42.6718
43.8660
43.8329
46.0156
46.2056
48.3399
48.0160
47.6750
50.2783
50.5333
50.6002
49.7735
51.3448
51.2665
51.7005
54.7806
55.5153
53.5445
54.9907
54.0735
53.8813
52.4850
48.4736
49.1438
48.6890
46.3251
48.1585
50.4769
52.6622
50.8316
50.4058
53.2256
49.5702
49.2733
49.0733
49.1468
50.5295
48.7429
47.3582
43.5060
43.9829
42.2368
43.2414
44.7664
42.0489
43.2320
45.2622
44.9025
45.0067
45.2332
44.7438
46.3080
49.7012
47.3183
49.4292
46.9489
47.7242
46.4699
49.1489
45.4945
47.3037
46.6505
45.9716
49.6631
47.3340
44.7034
44.3310
41.4021
45.5019
43.5122
46.5322
45.2123
42.5334
41.9070
44.6599
44.5212
42.7852
43.9420
43.5400
43.7465
46.9646
46.9264
44.0934
44.0295
45.8632
48.1800
47.7177
48.4164
44.4290
45.3245
44.4766
47.2226
46.3038
48.7867
47.1090
46.0156
46.0239
41.3412
45.0883
47.6253
47.0878
49.5675
47.0988
46.6995
44.6495
43.7827
41.2197
47.8588
45.1308
41.9075
41.8255
40.0375
39.7439
42.0118
43.8556
41.9098
41.7010
38.8423
40.7506
42.0042
41.4117
43.0563
41.6699
41.7799
44.8169
44.5486
50.1353
46.7393
49.4022
47.5278
50.3173
50.8505
48.8564
49.6925
57.8656
53.1675
49.8568
41.4836
43.1246
43.4421
43.8577
46.0108
41.3146
39.5803
41.9621
53.4646
48.5967
46.5648
50.7398
47.9215
51.0684
56.6105
61.0885
49.3628
50.2946
52.2506
52.6778
51.5140
48.8401
55.2246
59.7201
58.7149
59.1930
59.7035
63.2070
62.4232
62.8294
65.4380
62.4648
69.0007
59.1143
56.1132
60.1463
69.4001
75.2189
68.7024
54.3625
55.0790
52.9179
56.3361
59.8979
55.0445
53.4538
54.7398
53.0623
55.4662
58.9981
62.0398
58.9543
58.7729
60.0458
62.7418
58.7464
57.8789
53.0336
55.9556
56.0259
56.3139
53.6465
53.3314
50.3438
52.9952
48.1112
47.9886
52.6442
46.2830
46.4873
46.1877
44.6489
48.9077
47.5120
50.9269
45.6144
46.7432
48.8965
52.9248
48.6686
48.0975
50.8140
46.9770
52.1455
48.8221
46.4646
48.2559
46.1282
44.9620
44.5368
48.6283
40.7465
44.4756
43.5173
39.5432
43.6633
41.3478
47.9899
51.9074
50.4091
55.4733
51.0279
52.4956
47.1136
48.8762
49.8182
47.1793
49.7856
48.9455
49.3376
46.9483
49.8620
52.3567
50.2944
48.5247
49.1932
46.5192
49.6202
43.7512
50.2827
50.4076
52.3997
58.2238
49.7166
46.3778
52.4129
49.3882
48.9031
49.3792
51.0059
49.7505
45.1161
47.6764
49.2333
49.0381
48.5855
47.1431
55.0875
43.5653
47.7137
45.3637
47.1070
50.1993
51.8682
50.7304
49.5189
51.1568
54.1082
52.6717
49.6594
53.0091
49.2231
42.3237
50.7631
46.8269
50.0665
52.0636
55.2254
57.8035
51.7457
53.3643
47.6995
50.1649
51.6431
48.1206
52.0104
47.5726
48.6960
53.0613
48.3174
45.6584
43.2530
44.9999
46.8628
45.3305
43.7484
46.7742
43.0965
50.1505
49.6485
49.4124
49.2143
48.1830
50.3230
49.2795
47.7135
49.5690
48.6898
47.7095
49.4915
47.1235
47.9895
49.3753
48.6019
51.5460
49.6994
52.9222
53.0179
51.9614
52.0555
53.3249
52.3495
53.9867
54.7119
52.2271
46.1373
45.1966
47.5003
44.1024
49.7000
41.1623
43.3238
43.2966
38.6961
38.2541
40.2834
40.7940
37.4529
38.6666
39.0824
42.3669
40.1998
40.2314
38.3002
38.9420
39.9079
41.1261
42.7904
41.5244
36.8897
55.3060
49.5063
49.6420
55.0794
42.7405
46.8724
42.5643
42.4484
46.3144
48.0900
47.4104
43.8771
48.3454
48.1796
42.6309
44.8313
55.2855
55.5909
56.8120
50.1058
49.8984
43.6989
46.7026
45.2500
51.9107
50.2696
58.3110
52.0454
50.3386
49.5462
47.5111
52.2318
56.6143
55.7316
53.2512
53.7883
49.6032
47.5077
47.6126
44.3688
46.6953
48.4255
50.8665
50.1189
49.5057
48.6380
50.7121
47.6833
48.6584
45.4213
48.4868
51.9828
43.3796
50.3404
50.2499
49.8057
53.0717
52.9784
55.0072
54.7982
55.0985
54.8820
56.8895
55.9011
52.9112
52.4149
54.6671
49.2440
44.5414
50.4127
51.5011
49.6223
49.8952
50.4573
54.4463
48.4404
50.1345
53.0062
51.1933
51.7413
52.4386
56.5697
54.8655
53.8355
54.4904
50.8030
45.1906
49.7052
47.4891
49.8479
48.2877
47.8102
46.3240
48.2685
53.4862
54.5367
51.9240
47.1865
51.5850
47.9522
47.3466
46.3061
45.2607
47.8565
49.1936
44.9624
49.3752
50.0840
46.0348
52.4890
48.5309
49.8339
44.6755
43.6434
49.5331
46.8812
54.8231
52.7009
53.6431
51.7411
50.7114
53.8596
52.1759
47.7328
46.5449
48.5842
48.3034
47.1698
48.7610
49.6586
50.1215
47.5583
46.4310
44.3037
46.2828
44.8073
45.7229
42.1440
44.7973
40.6524
44.2537
46.3957
50.8200
39.7028
45.5184
44.6210
47.4403
52.6474
50.4118
55.7827
49.4544
48.6354
49.5921
54.9440
49.0319
47.4881
52.5528
55.4153
52.2139
54.6723
50.2981
48.4044
52.1001
51.4166
49.1791
47.3589
47.4598
48.6504
49.9691
50.1350
53.1383
54.4457
51.1076
49.7909
52.2796
52.4354
57.2351
51.6136
51.0701
48.5217
49.0414
49.3036
48.5624
41.6417
40.0331
44.2149
39.2888
41.3915
40.9044
41.1309
42.4662
41.9156
40.9014
40.7139
43.6696
47.0625
45.1744
45.4879
43.8477
45.7561
49.0432
52.1865
52.7981
46.2105
49.6036
47.6625
52.8180
47.7473
48.2602
47.3362
42.9337
47.7019
44.2314
40.0287
39.6364
40.7074
40.6598
40.5320
32.3978
38.3549
39.6543
40.2488
39.1595
40.6959
39.2465
38.5357
38.3772
35.7259
41.8863
39.0700
38.4088
42.2074
36.0452
42.3404
39.9686
39.7712
41.2624
40.1429
43.2062
44.7175
42.8993
44.3441
44.8847
44.8067
44.4807
48.8227
47.7442
47.8758
47.3396
48.1432
50.0713
45.8962
49.1738
48.8091
49.1790
45.6697
47.9669
50.4359
46.7180
45.6581
43.6928
44.7154
51.3458
53.1874
49.5734
48.8012
51.3403
51.3722
48.0850
50.2694
51.7457
50.3424
51.0248
45.2232
48.5346
44.4685
46.8025
46.9770
47.0360
46.0262
47.1882
43.8638
43.3894
43.7967
45.8321
46.8213
47.0565
48.3001
45.3117
47.6942
47.3286
45.9437
43.7035
42.9883
46.5423
46.1978
45.4789
45.2012
46.4458
43.2721
43.5584
44.0394
44.3736
41.4523
39.9964
39.5763
38.0852
38.5541
38.7294
35.7167
40.4853
40.9978
41.6942
36.1200
36.8026
41.2506
38.9500
35.3962
38.3870
37.2583
36.7384
37.4037
37.4963
37.8907
38.3459
36.0046
34.8461
37.1510
35.0286
34.6119
35.3037
34.1144
34.5362
35.8992
40.9086
39.0468
37.2207
40.5023
39.9260
36.4184
38.1671
40.2497
38.6854
37.7648
37.6699
35.7877
40.2831
36.9038
38.1221
39.9046
38.3558
39.6668
38.1798
39.8140
40.0140
41.3691
41.9294
42.8144
42.6316
42.2115
43.2637
46.3067
45.0204
39.4378
43.4244
44.3579
45.6688
43.7627
41.6332
45.9187
39.0497
42.9772
42.2480
39.7812
40.6602
44.1100
40.9703
41.6505
39.8212
39.1516
41.1608
38.9010
40.6074
40.2982
36.9923
39.2450
43.2493
41.8496
42.9059
45.6429
43.1397
42.7581
39.9652
39.5741
40.7367
40.8749
41.9509
40.9665
41.3994
43.3768
38.5144
39.6731
37.3295
37.8015
38.0559
36.8955
37.3337
37.8120
37.9447
38.4929
37.0984
39.5193
40.4014
40.5643
40.9737
38.6917
40.5482
38.2312
38.4966
37.3135
37.1391
37.0181
40.2970
39.1651
39.5912
44.6934
42.4900
42.4693
41.2449
41.7427
41.9397
43.5247
42.9147
41.2226
43.5056
39.6469
43.3289
44.3026
43.0230
45.1838
46.6985
47.5897
45.4535
47.3745
46.0582
48.2176
42.8873
44.9467
40.6823
43.7497
43.4178
42.7125
42.7720
42.4707
40.8391
41.6837
44.5252
41.1619
36.7075
38.7175
39.5792
40.7473
41.5250
40.8087
40.1591
40.1261
40.5557
39.6908
38.9622
40.4353
43.2538
42.9273
42.7296
40.6153
44.5310
43.4312
43.4127
42.6392
43.5938
42.1165
45.1912
44.8466
45.5993
43.4268
46.8258
44.7599
39.8892
42.1467
42.5921
39.4526
38.8147
40.1944
41.6266
42.0800
45.6387
41.7515
43.1792
39.1563
39.3309
40.7008
40.9580
40.6891
43.4882
42.6744
40.9230
43.9281
43.2735
41.0584
42.0387
43.3005
40.6801
39.0046
40.1850
39.5049
38.3456
39.4620
38.0138
38.9289
40.9425
41.4675
44.9332
41.3249
40.0668
43.9104
41.7660
40.6728
43.6876
41.8342
44.3206
42.6180
42.1462
44.5965
47.2807
44.4619
45.8353
45.7080
47.1229
46.2569
44.7082
48.2954
46.4137
46.0359
47.4417
46.0062
48.2007
44.3086
46.1431
46.8726
44.2320
46.1911
44.3843
45.0863
44.1498
44.5393
43.5782
46.7763
48.2668
49.9337
48.2121
48.3323
47.4019
43.3839
43.8423
43.5840
44.6659
46.7301
43.5040
44.8721
46.1110
44.2936
43.0630
43.7012
45.0355
52.9942
50.0636
52.7836
51.8238
48.7195
49.3080
48.9919
46.7937
48.6725
51.2056
51.2681
51.5421
52.0648
51.9370
51.5905
47.9634
50.3263
49.1219
50.6618
53.0495
48.4056
50.2442
53.2223
46.9261
50.3231
47.1534
54.3245
55.7625
52.4739
56.1503
58.3066
52.1171
50.1677
44.4182
40.0475
40.0978
40.3309
42.3658
46.5222
47.3986
46.9874
49.7047
50.6381
54.9061
56.3823
54.5265
51.5282
54.6464
55.3604
56.3362
56.1153
55.9304
54.7575
50.2269
55.4765
49.3179
50.3198
52.9700
48.1915
48.0653
44.9764
44.9653
49.3054
46.0151
48.8025
45.7899
43.4318
47.5465
48.5078
50.5680
47.5027
43.6257
47.9030
44.1551
46.2463
45.8212
48.3437
50.1148
44.7774
47.5952
46.0107
48.6668
48.1326
42.8287
47.2147
39.4040
38.3697
41.5564
43.2775
42.6377
45.0650
47.3823
47.1981
49.2329
48.6340
45.7855
43.9580
43.7347
44.9860
41.2209
38.8199
37.7289
39.4952
40.9286
40.5543
41.6573
41.7150
41.9134
47.4185
45.1613
46.8622
45.3788
44.7003
48.6674
47.8133
45.2797
43.8023
48.1934
42.4035
47.6242
48.7401
47.3678
45.3287
46.9357
49.4312
42.8701
44.4196
47.1015
42.4567
41.9214
43.3320
45.8108
44.3698
42.2268
42.0276
42.6711
43.9595
43.2694
45.1878
42.7473
43.1595
42.1021
46.1746
43.8718
41.4882
42.9876
43.2999
44.9636
48.3659
45.2445
46.0373
43.6725
44.0472
46.0950
46.3253
43.2862
44.1646
42.5273
44.0457
43.6131
39.8111
42.3339
39.8752
46.2998
42.2583
41.4161
42.8063
42.5499
46.3360
43.8586
47.1890
49.4994
45.3122
48.4306
46.0106
42.5101
42.9320
46.0096
44.1599
45.8699
43.0091
48.6882
46.7094
48.2608
50.6660
53.7234
54.7848
50.6771
51.5202
53.0004
51.0794
49.7188
46.1721
48.8980
45.6447
44.8472
43.6423
46.4658
47.8205
44.8474
46.4965
45.7882
43.1960
51.7726
49.0699
49.1659
48.6464
50.2485
50.2486
48.3870
51.5212
48.5481
49.7599
49.5605
48.9585
49.4619
49.0546
47.4151
46.1203
48.6615
45.1565
50.9519
43.9224
45.5569
41.1724
43.2508
44.8963
40.7075
39.8193
43.6996
43.4723
43.4172
51.3615
42.9395
43.6066
42.6014
43.4561
40.8538
42.1231
45.4440
46.9517
42.6899
49.6524
47.2710
51.5955
43.0728
42.7037
41.8744
50.9793
45.4204
48.2585
50.7729
51.7503
45.8710
45.8557
44.1917
40.2218
45.3637
39.8391
38.5336
41.6490
36.8120
38.8503
41.6378
38.8401
38.4665
42.8566
45.4681
46.9732
49.4511
47.3382
47.6865
46.5400
48.2957
45.3645
42.8719
47.4212
43.7980
49.5010
46.8410
46.2213
45.3616
43.3916
45.1706
44.5904
40.4978
46.8497
43.4022
44.2245
43.5825
41.6331
42.7369
45.3799
47.4447
42.7791
45.5534
48.8213
45.3294
40.3092
42.5459
39.9803
42.0023
39.4588
39.8237
41.1997
40.2653
38.7545
39.5487
38.5358
39.4501
38.4677
39.4841
40.1817
41.4484
39.9509
41.0718
40.6720
43.4786
42.5693
41.2223
42.2286
41.5497
41.7774
42.4585
43.5743
43.4796
39.7437
39.6672
36.0900
39.5254
40.0380
40.2549
37.7190
38.5069
39.5101
43.0174
38.4487
39.8305
36.6423
38.9595
39.1587
37.5251
35.3067
36.9004
39.0163
39.4882
43.4112
42.4753
38.0244
40.1114
40.4988
38.9779
37.8713
37.6858
37.0572
37.3649
38.4548
36.6458
38.2736
39.8364
42.0119
40.2685
44.8132
41.1923
43.1654
41.7767
40.7891
37.0261
39.5073
41.4776
36.6809
35.1477
38.8252
39.4200
40.0964
38.6348
33.6673
34.8740
36.7709
35.9489
37.6524
34.8569
37.4273
38.8452
41.1807
39.4795
39.4984
42.6250
43.0825
40.2937
44.0514
43.6724
42.4785
44.3131
42.8590
42.2515
42.2754
41.7135
41.7689
38.0792
39.6604
42.3452
39.3386
39.4793
40.5624
42.5282
42.4590
44.3894
44.8637
43.5293
44.6360
45.7181
44.9084
43.4772
43.7596
43.2042
43.7382
43.3732
42.5705
43.5508
44.1491
44.0695
42.8288
42.3769
44.7000
45.3268
45.2702
45.4142
46.8176
44.2380
48.1640
47.4360
48.0534
49.2805
45.0242
47.3358
45.1750
46.0187
48.5885
46.4455
47.4834
48.8201
46.8165
44.4532
46.0910
45.3739
45.9229
45.8209
44.7760
46.6591
47.1317
45.7960
44.6566
43.7375
41.6539
41.1897
43.3522
42.9082
41.6107
41.1603
42.9277
43.4517
45.7146
43.7041
46.3458
42.7306
46.0894
45.4307
40.4525
46.1968
44.2591
44.4829
44.2729
44.9547
44.0852
41.2958
40.3777
42.2880
42.7807
38.0413
39.9121
38.8323
41.7303
37.8971
39.8669
42.3905
42.7448
45.7116
42.1008
44.0441
45.2081
44.7589
47.7832
41.8437
45.9799
45.9140
48.9900
46.3966
46.1579
42.4908
42.2345
42.3432
39.4391
38.6079
43.8096
44.9497
43.1154
43.6971
45.0279
45.5928
44.8629
45.9651
47.2947
46.4242
45.9447
48.2562
44.6081
49.8655
48.4849
47.9390
49.0585
46.5369
49.2390
49.9103
48.9700
50.3394
48.9533
48.1620
51.4318
49.9497
49.3557
49.8603
48.3599
49.4277
49.2130
49.0479
46.3522
45.0209
44.6072
43.1617
43.4662
44.1236
45.5769
45.2722
46.1663
44.3315
45.5438
47.9941
47.5251
45.2247
46.7734
59.4741
44.9328
42.3704
46.7353
44.7250
45.1919
51.8923
48.0176
45.9308
44.5315
46.9983
44.2676
47.8232
48.5038
47.8608
48.2312
44.3195
46.4665
46.2269
46.1344
44.9887
43.3414
41.0941
41.8220
41.3809
43.0293
37.3818
39.8284
38.5665
37.9551
35.2236
35.6376
39.0462
35.8317
36.2977
40.1953
39.7125
40.8307
38.1265
42.0804
38.8420
38.4172
36.9743
40.4420
39.2293
39.8397
37.4354
39.5650
38.7095
41.8124
40.9898
39.3272
43.0577
43.2990
43.8074
44.4363
42.8987
44.4236
45.4614
44.6159
45.1841
44.8338
46.9484
45.3989
45.1988
45.7953
45.4933
45.7252
42.9669
43.1950
43.0096
42.1956
44.7741
43.0001
43.1458
44.5892
44.3851
43.4674
41.7106
40.6969
40.3265
44.1152
45.0489
43.4805
40.3028
41.2942
45.5257
40.8576
39.9672
43.7098
39.8192
38.9453
40.9068
41.2541
39.2836
38.5953
38.2520
39.1400
42.1572
41.5094
41.8258
41.3899
42.3443
43.9090
41.0249
41.2130
42.3064
41.0920
42.5792
41.9041
41.0691
40.7566
41.9491
41.7296
42.4074
42.4246
41.9470
42.0090
42.6834
42.8697
44.6357
42.4373
43.2152
43.7047
43.1431
46.6913
45.2150
45.3558
42.9853
41.3519
43.7443
46.3565
45.0041
46.2877
45.9160
45.2937
49.2958
47.2846
45.2977
41.1795
41.7981
38.1215
41.7336
46.7245
45.9721
41.9015
39.1174
42.0193
41.5703
44.0302
46.5975
58.3611
47.3319
55.0202
60.1314
59.9655
54.4809
56.0239
63.6326
43.3878
47.0929
43.3426
41.2261
41.8617
41.6783
42.1716
41.9696
40.5471
40.7092
40.6636
41.8104
42.7235
44.0806
45.0881
44.8750
44.4371
45.9302
44.4620
44.0197
44.3275
43.5815
43.3229
41.9318
42.2797
42.8732
44.6062
42.8411
41.2743
40.9574
44.4359
39.1707
39.5602
39.8799
41.4511
40.2406
44.4386
42.3295
43.8627
42.7102
42.0538
42.8198
43.8674
49.0049
60.8097
56.8203
52.3773
50.8562
54.0967
51.4210
52.9676
49.9361
46.8011
51.2337
57.0098
52.5361
48.7486
46.6579
43.8164
42.1272
41.7372
43.9568
43.0579
44.2211
45.4197
49.5920
46.0828
41.4634
42.5444
44.5382
54.1495
55.9903
56.0557
54.6863
53.1754
49.9420
49.4861
45.3013
52.2209
54.3737
55.1700
51.9064
43.4388
56.9192
60.4057
60.9152
57.2030
58.3662
61.3958
58.9130
62.4009
61.8487
54.0361
61.7678
59.9584
64.8313
63.7987
60.6312
56.7197
53.6861
48.2051
46.1064
49.6727
49.3879
48.7257
49.1384
51.3783
49.2653
47.4859
48.2328
46.0178
46.6737
47.1176
43.8976
48.0204
49.1865
51.2096
47.0729
48.0343
51.8943
46.1811
50.9263
50.7433
48.6815
47.1620
46.0522
44.7998
42.9744
50.7357
47.3088
46.7031
43.0548
48.3903
45.7010
47.2064
45.0448
46.9684
44.6924
43.2586
43.7192
45.7367
43.0467
45.4497
46.1664
46.3892
45.9767
46.9524
46.3108
45.3244
47.0690
46.4024
44.7885
45.0297
46.8018
46.5452
47.5254
44.0161
45.5115
47.9495
45.6364
44.4921
44.6415
43.6005
41.2325
41.9094
43.7268
45.9797
46.2919
44.7352
44.9411
41.9983
44.5331
43.5035
44.7476
43.5970
44.1877
44.6946
45.9476
44.2596
46.8516
45.2179
47.8926
47.6792
46.9936
47.1956
49.9550
48.7314
48.1437
49.4597
45.7235
45.0845
46.3592
46.3651
47.2121
47.2218
47.6828
46.2402
46.7302
45.6731
47.0290
48.3893
48.0088
47.0193
48.5502
48.0094
49.4303
46.5580
47.3089
49.7994
51.1412
47.5346
52.4286
51.9068
50.3374
46.8815
48.3131
50.3476
50.0277
49.6983
48.6185
48.8704
53.2391
49.6838
50.9253
51.7407
52.1362
50.8977
51.0927
50.3800
48.8417
49.1962
51.1712
51.0298
52.3966
51.4179
49.0346
50.7509
48.5386
51.4761
49.5934
48.8563
47.7147
50.9336
48.4998
47.5348
49.9689
50.1054
50.3942
52.7430
47.4750
47.8418
50.9189
54.3598
54.0284
55.3906
52.8204
60.2358
56.0782
58.7575
47.0625
50.7552
54.0545
47.5063
50.2210
46.4290
47.0127
52.1901
53.6459
52.1121
48.9748
54.4846
52.7966
56.3287
59.9987
59.1746
66.4200
63.0899
60.2141
52.5459
53.8187
48.5150
47.1624
51.8499
43.4384
46.2514
46.2506
47.2123
43.4265
54.4016
57.3425
57.5969
59.6652
50.1093
47.4262
48.9287
46.2918
58.5756
60.8259
62.5412
66.0301
59.6506
69.2399
60.8215
55.6549
55.1389
58.7126
58.1248
57.1569
61.5940
56.8412
56.9467
50.2501
56.9450
61.1062
59.5372
57.1088
70.8160
56.3916
54.3087
57.4290
52.6918
56.8884
54.6498
61.8893
56.8411
50.6863
44.6560
39.4038
40.7210
40.3550
39.5043
56.9873
43.5511
54.2063
48.9138
45.7221
55.7093
48.1104
46.1920
48.9391
52.0577
45.8800
45.7155
41.3791
45.9409
43.3215
46.8566
43.9850
38.5041
44.0789
45.1884
49.1315
49.3891
46.9413
48.6024
50.7317
46.5034
48.7875
45.6918
46.7598
48.1142
50.4252
49.4671
47.2262
42.9617
51.6958
54.3401
47.5950
50.0208
45.8817
47.3678
46.2974
50.2591
52.4372
51.5496
51.5934
52.6820
52.9454
49.6188
49.4770
49.2840
50.5999
50.6122
51.5227
51.4759
54.3276
52.9043
49.9498
47.0498
46.6340
47.9150
47.9055
44.8647
44.1600
37.8028
38.7715
47.7902
53.2133
49.8888
53.2454
44.4522
42.3084
47.0293
50.0762
49.7277
50.7456
56.4071
55.8971
54.2947
48.2943
48.1035
50.0374
57.6179
55.4973
59.9743
56.7718
53.6650
51.8613
52.9850
46.6035
48.7534
50.6305
53.9017
49.0350
47.3835
49.0171
49.3136
50.0509
48.4403
45.4018
47.2448
48.7810
50.5300
48.2215
48.5354
49.7401
47.6888
51.2805
56.3717
49.9356
52.8751
53.9533
51.6816
51.8172
52.0810
51.5652
51.1468
48.5673
50.0588
47.5048
47.7062
51.3900
50.7820
51.3614
61.9446
62.9529
55.4206
52.1645
49.5563
51.9808
49.8987
55.6595
48.4530
48.8672
48.5449
40.4448
41.4933
41.4161
45.9690
42.8891
44.2933
44.5971
44.2661
44.8317
44.3238
46.9343
46.5510
46.6672
48.5390
45.1200
46.2426
46.2173
49.0498
46.6034
49.7539
42.7270
44.2916
42.5101
44.4194
44.8993
44.9947
43.0949
42.4447
41.5110
41.7466
46.2541
45.0169
43.9260
44.5984
45.7555
42.3085
43.2206
44.9167
43.9488
45.3929
44.3278
43.7257
44.0481
44.4511
43.9796
46.9249
45.5615
45.1961
46.1137
45.1852
50.7272
50.2160
47.7127
52.1094
50.6987
50.1480
51.5785
53.0753
51.5175
50.6883
51.7654
52.8156
53.6362
49.6667
52.6190
49.7150
51.7011
50.1601
48.5294
50.6658
50.9202
49.5664
48.7224
48.2500
50.1850
51.0165
54.3123
53.5987
47.1660
44.1504
48.9927
49.8943
51.7362
51.8057
45.6147
45.7324
47.3618
48.0886
50.1599
46.7360
44.6631
44.9648
46.2551
43.5551
49.0756
49.0256
45.9425
54.4696
52.8833
55.7548
50.1776
47.9788
52.2412
52.0190
55.0136
48.6018
46.8735
48.5533
46.4554
46.1742
44.5052
43.9093
46.7673
42.5587
45.1953
44.4084
46.5332
43.4272
40.6340
42.5214
43.2399
42.6244
40.4446
41.8378
42.7276
43.5621
45.0422
42.5713
45.2279
47.5193
50.3002
47.8798
46.9254
47.9781
48.0976
49.9938
44.0341
42.3096
48.0119
46.3990
54.5619
46.1752
45.4123
44.1442
44.5022
46.7180
47.0800
49.9758
47.6962
47.8588
39.6679
38.4485
47.6546
47.4890
50.4381
50.3074
48.2210
45.8992
50.6583
53.3045
54.8720
50.8522
50.0618
50.5416
53.1276
53.7293
51.0874
51.8388
45.6522
53.2850
51.2297
53.4334
52.7852
49.6153
51.9856
53.3969
70.0382
70.5412
71.1507
74.2940
63.3209
58.8188
70.1006
61.9040
63.7816
66.4545
65.6195
76.0382
61.2211
55.6175
59.5959
64.8304
75.8689
62.6497
62.3493
66.2134
55.0740
47.4584
53.9155
47.1893
53.8726
49.9813
62.3825
56.5803
65.6688
59.8600
62.4050
68.7953
62.9810
65.9501
45.7950
48.5375
42.6909
52.0887
57.3082
57.3233
61.1780
58.3822
55.3698
55.7730
61.1475
48.0952
46.5217
48.4189
54.5847
59.7530
58.4923
56.1494
60.2460
57.1422
56.0360
53.2624
63.4086
70.2514
56.9756
77.0247
67.3689
73.4338
66.8038
75.1045
71.1503
72.7282
70.8828
63.3514
75.9437
70.1074
72.9722
72.8317
65.4799
77.7152
79.5763
75.1633
72.1269
67.9272
61.3672
75.0154
62.4166
49.9834
58.3078
56.0843
72.8453
63.4466
60.6297
80.0218
71.3556
69.6086
68.4941
65.1963
64.4522
54.9716
58.8123
57.0325
70.4489
77.8483
79.0949
71.6280
78.2822
74.0410
76.6987
75.2149
73.2686
65.5517
68.4782
66.9483
64.2027
64.4278
53.9943
61.1500
65.3166
62.0736
54.2552
54.3428
48.9997
48.7991
46.8602
45.1458
45.2287
42.9308
47.1244
43.1053
43.6828
48.1065
68.0937
59.8320
52.3110
56.5752
62.5452
63.0550
65.4981
64.9344
58.0999
61.6215
56.8440
59.8611
60.1641
74.0687
68.2158
77.0349
69.3551
65.0549
65.2158
50.7179
49.4046
57.1653
55.9673
56.0400
65.0080
61.8854
53.0199
54.2331
57.7619
53.7576
61.0498
70.0072
62.7991
68.9827
68.1224
61.0558
57.0914
66.2575
70.3489
66.0410
74.3438
59.0664
70.0633
57.2807
63.3068
53.1030
66.9192
62.3177
63.9720
63.4396
59.0356
60.6103
56.5562
48.3360
57.1126
59.4900
44.0937
43.2073
47.3384
50.4900
55.1043
58.5221
57.6371
56.9811
56.6834
58.2779
53.2836
59.9288
57.0494
58.0652
53.4116
58.1332
57.9622
59.5051
60.2670
57.2508
55.5294
60.2937
53.0737
53.7028
61.9288
54.2563
53.3263
51.5708
54.9370
64.3787
57.5367
64.0941
66.4175
62.5311
69.6737
71.3041
73.7002
64.7727
60.8282
59.5366
69.3055
62.9250
66.1917
67.3532
54.4082
59.0626
63.0624
61.8265
64.9183
70.7958
71.8287
70.2022
72.2895
74.4092
69.5259
66.8833
61.8264
58.4327
58.8484
53.2420
55.3804
62.0020
61.1945
59.7460
58.4167
60.7645
61.8548
75.3146
69.7556
60.7698
58.9599
70.9413
67.0808
74.1401
64.9572
70.2120
65.4889
58.3965
57.2298
52.4138
57.7038
53.4814
61.0474
64.6533
65.0283
58.4678
61.8637
58.1263
73.4962
73.0523
76.6744
70.4507
71.7381
67.6845
58.6369
61.8095
59.5728
58.6489
58.6826
59.3583
64.5203
69.6211
57.7767
57.1090
59.0706
51.8914
48.3929
53.5645
59.1639
60.9143
65.3384
63.5168
60.8014
69.5642
69.4324
63.4891
64.8755
61.2151
58.4088
54.6413
59.1290
63.9199
59.0895
62.3715
56.7434
61.5053
66.1327
66.8759
74.0233
71.9547
69.5345
73.0959
65.4042
70.6029
68.2316
63.6102
71.2980
73.5002
62.8283
57.0957
53.4403
60.6380
52.1526
62.2405
74.2704
73.6950
73.7541
61.3138
69.7918
60.6813
63.0467
70.1346
72.1838
68.1916
69.1517
69.1984
60.8439
69.8600
65.2710
65.9042
62.6261
75.7916
70.7515
73.9755
70.2934
71.7395
60.9922
50.3996
55.3792
50.3899
51.9012
57.9288
61.1282
56.7249
67.0096
56.8027
47.3470
47.4330
53.7065
53.2938
54.2189
58.1885
67.1313
67.3327
69.1610
68.1601
63.0611
67.5886
43.6257
47.3485
51.6311
46.5110
56.6326
67.6921
68.9047
60.4289
63.2018
64.4619
62.0173
69.4953
62.2280
61.6438
63.9459
64.7656
73.9222
67.6537
63.7127
66.5473
68.9929
62.8244
57.0665
57.7400
78.1429
69.6499
53.3095
62.9910
64.0632
59.0217
70.6188
62.2165
64.7549
74.6632
73.0892
64.0281
59.0753
55.8752
58.7185
68.9252
70.3141
70.1832
71.1471
70.6347
73.2679
66.4027
63.1263
55.6591
58.1051
61.3076
65.1360
58.2724
55.6575
58.3381
61.5990
54.6644
57.2244
67.7108
67.5231
67.1792
67.8833
69.6222
65.3989
65.9293
68.1406
71.8057
67.9684
63.0653
60.9076
65.7100
59.0726
58.9247
59.8885
67.1977
68.4139
63.6807
60.7387
62.3947
60.2292
61.8011
62.2071
59.3119
62.5025
56.5960
55.2451
60.3493
57.3276
59.9937
65.3635
65.0755
63.1759
53.5555
60.3580
61.4888
55.6016
64.4143
70.3650
66.1325
67.2767
65.0998
66.2236
69.9022
67.4313
64.4794
60.7977
64.6844
65.6090
63.0020
63.1238
60.2563
65.4287
69.0488
71.4175
58.1236
59.6992
67.2590
64.1587
70.4027
65.4986
61.8596
64.1389
62.4934
63.0899
59.0252
61.4256
53.7243
55.1432
54.3171
55.8353
54.8230
52.0062
53.6004
56.5305
63.7394
59.3592
53.8001
57.7193
54.1435
59.0200
59.1092
56.9055
46.8798
52.8112
47.7701
45.0393
57.0798
60.0914
58.2246
66.3406
54.1295
55.7459
52.6295
50.5300
49.0710
51.2531
61.7043
55.5577
51.9807
49.7336
47.2468
49.5030
53.5501
68.3763
60.8659
67.3191
72.1993
52.3929
54.3120
54.5113
62.7549
65.4775
60.2519
61.5185
60.1460
62.4948
60.7510
64.4221
66.8548
66.3488
59.6507
62.0454
60.2830
61.6648
62.7712
58.1017
61.0409
61.4976
58.6335
62.0467
64.5707
55.7002
51.2336
65.9650
70.0519
58.5583
56.8929
48.4918
48.4794
46.1272
47.1945
49.7234
52.4355
60.7484
65.1422
50.9776
51.5653
49.8506
49.5680
65.5643
63.7737
60.1278
62.7970
47.3086
49.1012
50.8239
54.9381
55.7570
52.0032
51.0230
61.9810
62.4738
63.4519
47.8061
49.3518
51.4786
59.5678
60.8914
62.6882
56.4121
57.8555
56.5079
58.7123
59.0820
65.2770
66.3152
67.5661
68.4330
63.4860
58.3242
57.1347
57.4597
59.8027
60.8102
66.0274
66.9412
62.8007
67.2907
60.7815
47.1887
51.3991
59.8046
49.2966
65.1106
61.1050
59.1706
53.7534
54.5552
57.2330
62.9020
61.2641
60.2291
55.2490
62.3860
58.7678
58.1946
58.2258
59.9137
46.4154
69.8198
71.0863
58.9958
57.9986
53.5819
50.6223
55.8228
52.9008
45.9188
44.5912
47.8335
44.7262
52.7185
55.4068
55.8502
65.4856
52.8763
49.7303
55.7129
67.0451
60.6281
55.6029
55.2614
51.8525
57.8692
55.7701
61.0221
55.1891
63.0822
57.7379
63.4755
69.2986
76.5956
76.8015
82.7206
82.1300
85.1224
87.4573
87.1234
83.8484
84.0529
87.0602
83.1615
79.6465
79.2567
84.6185
83.9062
83.8734
70.2820
87.4274
87.6855
86.0965
84.4506
86.1491
79.9679
85.1538
82.5939
72.2873
73.4397
76.3693
72.2759
82.8592
84.5092
81.8159
80.5050
82.2071
84.9118
75.1979
75.6397
79.2271
66.0417
58.6882
60.4316
53.9193
65.2993
70.6206
67.9923
65.2510
69.6289
66.6721
74.0859
49.5356
60.0726
60.6241
58.5506
61.6026
56.8829
50.1935
61.7055
65.8087
54.2001
49.7134
64.5431
54.1727
57.4523
58.3288
65.2988
62.1033
52.6836
60.0815
61.6626
71.4924
61.9589
61.2821
61.1085
67.1805
64.0558
66.0658
62.5621
60.4137
55.1680
51.9467
47.2653
53.1676
54.8518
55.3217
59.3151
58.0065
58.7142
62.8977
56.0042
56.6586
56.3080
63.3809
63.7103
61.8892
66.9096
70.1377
76.3941
74.6170
75.9601
77.8013
69.3599
65.2401
72.8458
72.4508
70.5778
78.2272
65.8226
66.8505
68.6318
71.5233
68.8644
70.4631
80.6631
74.9116
70.4642
65.4405
70.4401
68.0674
72.3811
74.0602
64.9766
66.9266
64.2178
70.2536
72.1756
69.9731
55.5658
56.3153
52.6975
54.4132
56.3914
60.7221
59.8767
61.2941
70.5459
73.2184
64.3631
62.0626
64.9490
71.5988
67.0881
55.9966
56.5274
61.2847
64.2363
61.5286
60.9900
65.3636
63.5299
50.5500
58.9000
51.5612
47.2595
51.0573
50.2300
56.7193
49.5005
42.5459
47.6417
50.6542
56.5785
63.4721
56.7912
49.3271
71.3690
63.1224
60.1360
60.8566
62.3461
65.4703
56.2796
55.3797
73.7871
56.6654
75.0198
59.8600
57.6358
60.0125
68.4379
57.8402
62.6743
64.3881
54.7150
50.3393
54.9866
45.8541
44.8744
44.0778
43.8094
44.6101
44.9309
43.2938
42.7177
44.5078
46.0644
46.5948
41.8287
39.4400
41.6424
40.6536
38.8109
39.5538
40.6601
38.7148
43.6916
41.6872
47.9369
46.7797
46.2562
46.8527
43.6559
57.0762
61.5862
54.7044
49.9492
54.3158
52.5544
47.4482
45.6860
40.7608
48.1088
45.5680
41.5219
46.1633
46.5194
49.1723
42.4484
42.9579
49.6440
48.1526
47.2776
47.8972
47.6653
61.1811
65.3066
61.0075
56.1877
49.4827
48.6700
49.5603
47.5186
48.0807
52.9392
49.7212
58.0803
57.6520
54.8883
56.5864
54.1940
55.1706
56.4852
55.9458
55.5359
53.6212
53.5509
45.2586
52.2107
51.5336
45.7927
47.5278
50.1286
53.1117
48.7842
46.4891
52.5732
53.3200
46.2522
40.4594
45.2233
49.6998
43.2188
47.0607
57.6419
60.2053
50.2156
53.4341
52.6981
50.3329
59.7025
63.8797
55.2737
47.5718
45.8307
55.8868
53.4732
58.7270
53.8616
55.6063
61.4703
63.1649
64.1179
65.1964
65.3354
57.5636
55.0025
50.5034
58.7813
47.3793
56.9215
58.4775
55.4617
53.1139
56.8444
63.0951
60.4781
71.5514
68.4085
66.8162
59.3663
59.9681
63.7776
64.4630
66.2655
68.3828
78.5485
80.8484
79.3727
77.4165
73.1604
71.8480
82.0381
69.7257
59.0100
62.1564
52.3016
61.5042
63.3990
62.6853
56.1918
58.9570
58.4606
67.8131
65.2632
72.1405
55.0227
65.5923
56.6239
53.4764
56.7700
70.9218
62.3839
70.9019
70.1283
72.0188
75.7342
74.7246
78.4778
75.0620
76.4286
75.3451
78.7591
72.1804
59.3091
56.0683
58.2911
56.2690
59.6343
58.8161
60.4523
60.4164
56.7259
54.5807
54.2371
56.4029
51.4723
52.3047
50.4941
53.4241
56.3667
58.6697
51.2668
52.9698
56.3340
55.9896
54.5720
52.7408
47.9689
48.0172
45.1754
47.3741
47.5427
48.4547
49.5749
50.2321
46.1894
47.1441
39.6321
46.8310
51.9583
60.3109
51.1359
51.0278
49.8563
55.4716
45.7783
51.0652
53.6910
59.3212
56.9766
58.1223
59.4601
58.8856
61.0469
64.3633
64.3184
65.4228
55.4651
49.6153
49.4705
54.8814
61.9297
59.8477
64.2579
50.6959
48.6256
55.6401
54.8119
58.8539
57.9746
62.2390
63.9493
66.9010
60.9451
58.0984
58.4259
60.8456
52.2260
47.3082
53.5450
51.6747
60.3598
55.0042
53.9224
55.6442
53.0274
52.1943
51.4753
53.0854
51.0014
58.6305
55.5225
55.8750
60.6449
67.1646
59.1105
62.7811
58.1250
58.9790
63.3292
60.0949
63.4383
63.0941
61.9485
60.1726
59.7613
59.3124
63.6692
49.9778
64.5826
44.3304
46.5043
50.8038
50.7517
47.7175
54.7473
59.8450
64.0479
61.2097
62.6546
58.2822
56.2996
49.3082
61.1187
60.5927
51.8901
53.7667
66.8991
63.7932
61.2643
71.0419
68.3550
67.6520
72.4974
66.0309
66.2721
61.5402
70.7851
70.4544
60.9600
62.6830
58.9671
54.4268
55.1705
57.2436
55.1762
52.4644
48.5176
54.9647
46.9708
48.9571
51.1590
50.4464
50.8313
50.6061
47.2944
47.2823
52.5162
53.9759
54.5648
50.5943
53.1877
51.8749
51.1729
51.9512
54.3409
49.8266
51.2482
49.5238
51.1558
48.2245
52.8629
62.6055
62.0408
59.6024
59.4164
52.3368
53.0011
53.1472
58.3394
56.8021
56.2517
57.7594
58.6310
60.0413
59.2640
44.7614
55.2698
56.5410
47.7782
47.9679
49.8478
50.4683
48.3070
45.1710
50.3567
50.9783
51.0727
54.4492
56.2429
55.0020
53.3412
58.5691
50.7206
54.2042
52.1605
47.4274
54.2081
54.9772
49.6886
49.9824
46.7627
48.7740
49.6051
47.8938
49.5959
52.2029
47.3078
46.5910
47.3020
54.0534
57.2023
52.1399
51.0389
53.3309
52.6278
50.4331
54.0180
51.0305
55.6539
53.9971
49.7265
49.0363
48.0861
47.6753
54.7819
48.9040
50.4031
48.0468
49.7734
52.3401
48.3707
54.9791
48.2947
53.6414
54.1216
51.3617
55.0467
53.1087
65.8071
49.0915
46.7395
47.6610
50.0961
44.2695
40.7723
41.9976
38.1336
41.0580
44.2370
43.2440
49.2144
52.6026
39.0696
51.0088
56.2204
52.8214
50.7275
51.0612
63.0095
59.2997
51.5431
65.7113
77.6557
65.4291
72.1165
62.5021
64.6434
71.5556
69.9405
71.0846
64.4519
57.2391
61.8099
57.8565
64.8620
61.6734
64.5596
63.6446
67.7956
69.5870
72.2534
65.7263
65.2671
54.9699
59.2790
61.3093
49.5112
58.6721
58.8295
62.7012
57.1405
59.8610
61.6066
57.2710
64.8324
61.5521
50.9957
50.6511
50.0869
51.1806
51.9853
41.4900
47.2815
53.6357
53.4090
50.6425
55.4323
46.4259
51.1220
54.1458
43.2078
48.3121
48.0126
48.9544
46.7442
48.1815
44.7078
45.4452
48.2485
47.4519
47.4443
47.3726
48.3766
46.5111
53.0491
46.4452
47.4588
59.4030
61.4789
57.9600
67.3466
64.0357
64.4517
55.9285
52.4790
57.2980
53.1580
51.6345
53.6284
66.3540
64.4700
64.4022
66.2662
62.7591
51.6219
50.2400
53.3124
52.9534
54.2481
50.4351
60.3403
63.0740
50.3715
53.8287
59.9800
64.8229
63.2192
58.2355
48.6124
55.6179
54.6913
61.6708
63.3677
52.4100
63.8454
64.5170
55.5752
67.3570
56.4944
59.3413
58.4218
56.4118
68.3031
69.4384
61.1865
59.4861
53.5618
61.0261
54.9083
55.6353
57.3983
68.0310
56.4716
63.0525
61.5611
58.1205
59.6015
61.1744
59.7632
64.9429
67.1752
56.2618
61.1174
53.1404
58.0582
55.7966
64.6289
59.5929
62.8383
63.4041
66.3836
64.6418
66.4571
62.3358
66.2240
59.4734
73.6816
71.9296
70.6103
69.9224
65.6899
66.1633
68.2158
66.8886
57.0688
60.2147
63.8117
59.3169
58.2028
57.5332
60.4650
54.3370
56.7402
59.5274
60.2799
56.0205
60.0400
55.9401
55.2679
63.5887
61.2752
77.7435
74.1272
54.0098
55.1005
51.5729
50.9048
51.3793
53.8588
51.8982
52.6978
50.3491
51.6606
51.7525
53.7838
58.5226
54.2184
55.8292
58.7794
58.2120
55.5844
59.9812
56.5240
67.4772
73.5020
63.9091
62.8311
62.8756
57.5894
62.0534
66.6396
65.1417
75.1259
75.6115
67.9450
80.4251
73.5745
50.9857
51.2046
48.6171
55.9424
58.3808
65.6426
63.3141
66.0391
65.3685
63.1044
61.2431
47.0268
50.1858
44.6645
56.7267
57.2782
51.0126
53.8637
55.8204
63.3582
56.1902
59.4146
49.3314
54.2334
56.7136
56.4986
62.7928
57.3217
51.9908
59.4673
62.0057
57.5915
56.6332
61.0553
61.3352
64.1338
60.9815
62.2838
63.7113
61.0154
57.9349
55.7799
45.8935
52.3600
53.1027
44.6972
51.4249
49.3458
49.8992
54.1355
50.0124
48.4939
54.1949
52.8584
48.7668
49.3938
45.9253
54.4347
50.1267
59.5399
59.4675
59.7465
57.4059
54.4990
57.1560
56.4212
60.7642
67.2987
65.4923
67.1198
72.4821
62.5844
61.1078
52.0080
57.3674
62.2925
53.4723
62.1404
61.5910
60.7176
60.4769
53.1233
55.9831
54.6339
64.3281
59.3086
55.9238
57.7548
55.5893
60.1272
61.9338
68.4369
63.6504
60.9584
65.3261
64.9105
68.3746
64.7460
72.5227
74.0709
68.5488
72.7988
62.0866
65.5878
66.3853
75.7123
72.5383
63.7975
62.8769
67.0877
67.4283
59.5009
55.0585
60.2966
52.0964
56.3483
55.6163
62.2478
59.7591
63.9273
65.6999
64.5144
69.6085
75.6451
79.7962
75.1054
75.1285
67.1722
67.2678
60.3908
74.4161
62.6199
62.1762
58.9190
60.9473
65.6957
65.4208
61.5088
66.4358
56.2619
54.5589
62.6472
55.5735
61.1303
63.2823
57.2064
57.6792
59.5347
56.8202
57.3823
60.0191
56.2995
53.8020
55.1095
53.2679
54.4349
56.3928
52.2132
54.4688
58.4348
56.0183
51.2605
52.6734
52.7119
60.5933
58.1647
60.2043
58.7356
62.7038
63.8241
62.2942
62.0689
64.4617
70.1749
61.7076
60.5436
69.8154
58.1070
61.4099
62.2203
60.5170
65.2200
67.0292
73.0547
67.8853
70.6911
66.7048
66.3762
65.3628
61.1214
64.8562
58.3781
58.8602
45.0591
42.6400
46.9249
51.3255
48.6822
50.1042
51.5507
78.1940
72.7085
76.0224
49.7314
48.5204
44.0463
45.6595
42.5634
37.5937
43.9012
49.0218
45.7674
48.5424
44.2328
47.4536
43.1772
47.3015
45.6485
50.2096
51.6720
56.1536
60.1468
60.8245
51.8866
52.8379
53.7957
54.4120
48.0329
53.1328
53.2882
57.8384
47.3452
54.4872
53.1600
64.4087
57.6660
60.9919
64.2924
61.7336
66.1407
61.6123
60.8517
56.6454
66.7179
61.8405
65.7042
68.8293
71.3159
68.9477
69.9118
72.5421
65.0346
59.4842
64.0163
62.1121
59.7738
53.5155
54.4941
53.2199
52.7771
54.0254
57.1164
65.0926
64.5352
63.2589
61.7133
64.2204
62.3245
68.0572
66.5700
62.4518
61.6075
57.9346
64.8664
57.8975
60.2437
62.0717
63.2619
65.0288
60.6238
78.4328
69.4226
68.9176
68.0985
64.5596
63.2072
64.0744
64.8773
63.9805
66.4735
72.1413
72.4800
53.5543
48.0670
73.3663
74.4541
73.0658
62.5080
55.9475
58.5940
56.1076
63.1181
62.1473
65.2378
65.2199
64.2771
55.7504
55.9271
54.2916
51.9689
65.2502
62.4454
63.8610
65.7943
67.1503
63.1805
55.8616
57.4287
62.1985
67.0191
64.7337
64.3104
60.9559
54.7172
55.2070
63.7539
62.9814
63.2541
61.8062
64.8611
64.4773
55.5327
59.0625
63.7439
67.6546
56.1406
62.6748
65.1709
52.5754
61.6184
58.7558
58.8296
59.1854
60.1870
65.0356
70.7477
59.5082
72.3634
61.0471
71.7845
63.7922
61.4766
54.1291
59.0857
57.8038
60.4105
60.3514
53.9775
50.6067
51.6882
61.0213
58.6162
61.2782
70.6660
47.6402
60.6102
56.9045
63.0597
56.4937
56.0100
45.6839
56.8072
61.4075
60.5545
52.4761
55.8108
50.1303
57.8009
56.1925
57.4314
54.8030
53.2931
55.6962
57.1149
42.6986
47.3874
49.3000
45.9135
69.8403
58.6198
69.5765
61.5314
62.1666
67.4934
51.8551
54.0042
52.8492
55.5855
60.4260
55.5889
61.1904
49.2281
61.8847
64.0226
64.6881
62.4236
59.3029
53.1246
55.1374
50.9515
55.5762
49.1312
41.8128
57.1216
49.3773
63.4748
50.9653
51.9299
60.0696
51.3435
44.0048
47.1821
55.1525
53.3633
47.9422
50.5571
45.2474
55.2433
55.5864
49.5590
44.3410
44.7324
47.9406
47.8415
45.2606
48.0194
43.6692
49.8953
48.0260
48.6250
48.2678
46.1896
48.9093
53.1646
52.8737
57.9109
46.0334
49.5271
42.0394
47.6300
55.8592
47.4711
58.6318
51.6128
54.4864
53.5389
44.4061
44.4455
46.3234
40.1709
51.1685
49.5053
51.1003
51.0074
52.1082
46.2184
47.7991
48.4829
54.6454
53.8053
47.1538
49.8276
48.9168
46.8278
48.6828
48.2184
45.9599
45.8254
43.8109
40.7328
41.0937
42.8762
43.5278
40.0758
39.7946
41.5930
40.6703
41.7003
40.7452
41.5630
45.6846
46.7629
48.0270
45.1053
43.2864
42.7499
42.5010
44.5933
40.7967
40.3496
40.6537
39.1729
36.3135
38.9997
38.5562
38.8981
35.6240
35.9824
40.1376
42.0260
39.7482
39.5029
41.5305
37.3076
38.7002
41.4596
40.8237
44.1597
41.4157
40.1115
37.0508
45.1963
42.9462
44.6718
51.6728
46.2370
44.6262
46.6746
51.5408
50.9432
52.3775
53.7304
54.3253
51.7766
48.2761
40.8728
40.1389
42.8151
47.4294
46.4230
42.5697
51.1590
46.2198
46.8069
50.2389
47.3891
51.7217
50.7072
51.6427
57.9097
49.5446
55.1565
41.4941
40.3178
40.2982
41.2207
60.2157
50.4666
59.3339
66.8037
61.2182
68.1202
66.5990
66.4959
58.7237
71.2322
59.1802
60.7545
60.0631
52.7102
53.1297
52.3463
49.3337
48.3315
46.7422
49.9994
48.3191
43.2276
42.4449
45.0689
42.8109
41.9639
40.0332
40.5432
43.8051
40.5297
42.3193
45.4155
46.9127
45.7574
47.1828
49.1185
46.3869
47.4721
46.3545
44.9595
44.7297
44.2423
49.2196
47.3856
51.1276
46.9416
46.7561
47.1025
48.1432
49.4184
48.8833
48.6004
48.0350
44.1760
43.2600
44.9534
42.4109
56.4517
46.8396
50.6883
54.5330
64.6383
62.3457
56.0886
53.8207
51.4459
47.7779
50.9434
56.7963
59.4090
53.4660
54.1624
56.5587
57.7647
62.5974
54.9322
61.9555
62.5608
64.7053
59.7836
64.2263
62.6242
61.7198
62.1068
66.2515
63.9532
53.0364
59.3524
60.6748
56.2034
53.4627
63.0103
55.0797
56.0693
60.0358
61.1682
51.7732
55.4623
52.0822
59.7130
55.5471
58.1010
55.8963
61.3317
62.2191
69.2346
70.7952
56.9268
58.8590
54.5390
55.5994
52.9791
47.0013
52.2855
57.8964
53.6972
55.9052
53.0723
55.9072
64.0162
65.3713
58.9771
62.6865
57.3688
56.0617
69.9347
65.4407
52.0306
61.3584
57.1615
53.2801
49.7616
52.0702
56.6297
57.4471
63.8784
51.7842
48.7140
51.8664
58.3913
52.0693
58.9742
55.5677
56.5744
56.2386
54.8685
59.9134
56.8526
54.2422
54.0146
54.9829
53.2496
62.9116
58.8162
62.3211
51.4250
60.3114
62.2646
71.1218
66.1942
65.3030
66.5259
64.8291
67.5643
68.4485
64.9465
63.0335
60.7030
69.1816
63.0869
68.9443
69.8012
75.0124
60.2907
57.2801
59.7783
57.7170
52.9731
61.4480
70.9774
65.6888
64.4037
64.7740
54.3514
51.3690
64.1494
63.4155
54.2283
58.9233
59.8932
61.1594
58.4490
61.5775
66.2489
61.1834
79.2622
68.7992
64.7064
68.8081
70.6834
61.1817
67.2367
65.2572
62.5019
61.2317
55.0891
58.9924
59.3542
70.0988
64.7352
62.3600
55.5694
54.2971
59.6485
59.7644
63.0714
60.0756
61.3709
59.7637
65.5071
56.8869
64.6673
62.2179
57.7237
64.6278
69.3241
74.0609
75.3135
73.0000
80.8414
81.7504
80.5773
72.5599
70.5190
66.6237
61.7710
59.6999
62.0348
61.4921
60.3717
70.2896
68.7665
65.9776
62.2891
55.6461
64.3664
64.8686
63.3664
64.4891
64.7822
64.9121
56.7161
68.2404
65.4766
61.3749
49.2894
59.8047
57.5557
53.6331
55.1840
56.2266
54.5681
59.3674
48.6754
57.7478
52.2059
50.8343
67.3081
57.5737
70.0867
62.7826
60.4511
60.1457
64.5841
65.0780
65.2104
68.7822
65.0819
68.5859
73.7718
61.2747
70.3928
58.6982
58.7555
58.4910
54.6239
54.3271
61.2883
63.9072
63.6756
57.3877
65.3394
71.5706
63.7349
68.7423
80.2852
75.9912
72.3461
72.1687
78.3916
74.2635
73.0993
64.2653
67.4078
66.0679
65.9320
54.5745
50.9434
76.9140
59.3040
78.5878
64.0687
61.0926
62.5304
66.6851
71.7657
69.3259
67.1809
71.7626
60.5032
60.0614
57.5510
59.4405
57.7323
58.1424
77.3053
86.5794
76.1485
74.2716
79.0324
63.4159
73.6291
71.9267
73.7146
63.6040
73.4062
62.8514
54.0444
61.4094
53.6668
68.9366
58.1909
71.2589
62.5600
57.4372
59.2891
58.1665
58.8321
61.0956
63.8472
66.1909
60.0613
57.7319
71.0265
67.2883
69.9398
64.7096
79.9666
70.2696
73.1350
71.3248
78.8644
75.8417
81.4871
80.4233
76.3999
80.4375
82.3664
70.0365
73.3204
72.5405
71.6133
75.0905
62.1206
66.2246
64.4049
64.4409
65.8114
66.7237
56.2089
48.6575
56.0531
59.8816
60.4589
65.9409
68.1443
68.8734
68.8403
62.1094
70.3353
59.1237
57.9605
55.4411
61.6495
50.0554
54.9857
60.1970
53.3012
52.7382
59.2439
58.9808
51.7881
58.6591
49.1575
47.7585
46.5278
46.9276
48.4545
56.6234
48.7302
45.2875
50.3497
54.9215
54.2482
55.4754
54.7358
49.1182
61.7487
61.2133
55.4787
62.9025
56.5416
63.3858
58.6958
56.4691
53.9334
54.8371
47.1690
46.9966
56.1044
49.3522
49.3743
52.0173
47.3786
52.1226
52.5984
48.0483
53.2286
50.5330
48.6298
48.5115
47.3183
56.7417
46.1788
50.0437
52.9540
58.8573
51.2018
47.0718
56.5715
50.5769
54.1305
59.1888
47.0838
60.2080
60.8538
63.1829
49.5976
53.6635
61.6527
66.2800
59.5800
59.4488
60.3899
62.8637
67.9158
60.7093
61.6503
59.7754
64.3342
60.5978
62.6405
61.4721
62.2506
66.4886
60.2612
58.4925
62.2183
64.7535
51.4660
53.4822
50.6723
57.9312
63.0521
61.4986
51.7439
44.3099
53.6005
66.3307
63.2503
65.9180
53.0490
65.7855
72.9332
64.2702
67.5674
64.0601
68.7353
57.7573
71.8213
62.8595
67.2918
69.6661
59.6577
52.4599
50.9850
58.7561
68.4904
79.7099
73.4530
78.5961
94.6859
81.2116
71.5523
73.5541
69.9197
85.0524
83.9229
98.8938
71.0206
66.1328
65.1065
67.4914
58.1131
58.4227
62.9262
59.0567
55.8194
57.6526
65.7479
70.8104
67.3993
52.5040
55.9516
53.4260
52.6186
69.8275
70.7512
69.5153
71.9165
70.3547
64.3852
68.3582
70.5342
68.2633
69.3147
67.8748
67.2505
68.7566
67.4833
67.1463
65.8458
61.9480
69.2261
67.2818
61.5659
65.1963
69.1047
74.2549
77.3883
60.3162
68.3512
66.8130
74.4428
71.3798
70.1025
75.5256
66.6015
58.7390
67.3846
82.7358
73.5909
69.8613
76.5007
64.4244
64.2770
72.6402
63.4413
61.5587
45.3032
53.4202
45.7501
68.3573
52.7498
51.9472
57.2759
42.2477
42.6772
67.9007
66.0411
67.2403
67.5703
50.0280
57.4122
52.6794
63.9302
56.6093
58.5629
64.3922
60.1467
53.7172
58.2135
50.9620
59.0960
54.7602
49.0073
50.5578
50.6497
51.9225
51.8030
51.2280
60.6586
54.6389
55.7381
52.2770
56.9219
53.5257
55.5889
51.0503
46.9257
63.9917
60.9629
57.9382
68.3280
56.6259
62.8653
54.2536
51.2014
47.0158
73.6087
65.3238
63.6044
71.4574
81.7597
69.2450
71.5839
69.3010
59.1085
62.1948
55.8438
57.4762
63.0703
62.2918
75.5164
80.0714
60.5736
82.8663
65.4542
60.1320
70.6207
71.0279
71.8236
59.8261
57.8136
63.7098
59.6104
64.1585
66.8380
65.9232
60.0002
49.2728
57.5272
70.0472
73.2695
65.1925
72.9536
78.4239
69.6305
66.3447
59.0348
64.1390
68.5337
62.7856
68.9097
62.0629
62.7183
61.6787
67.2644
70.5891
75.8564
65.2402
59.1008
73.0204
76.1872
71.3831
65.4153
69.8580
77.2503
75.7522
75.2528
67.9217
70.3669
60.8882
60.4857
64.4142
55.2403
52.8123
59.7323
57.5211
56.7636
61.1150
53.3626
66.3968
63.9757
63.2454
61.8211
57.4224
56.8643
47.2277
43.0764
40.3585
39.3822
45.8568
46.1461
50.1747
50.0898
59.3720
50.4403
65.6482
55.0929
66.2925
55.0151
55.4975
50.8762
51.9721
52.4588
65.2705
58.6112
44.1388
58.9259
66.1412
48.9017
52.0068
58.1390
55.7186
64.2337
75.3888
66.9161
63.6077
63.5202
53.4201
57.5847
59.3298
57.5932
65.6513
59.5181
60.5197
59.8797
55.4386
52.8374
51.7362
56.7880
58.1141
55.7572
55.8463
51.7531
57.0440
52.7093
52.5592
51.8296
50.3262
54.7090
67.8994
64.0097
68.3282
74.3731
63.2318
59.2932
66.4057
59.6916
70.8306
77.6679
65.0481
69.9322
67.7072
79.3568
75.4331
66.1321
70.1594
57.4403
69.4877
59.3755
58.1875
48.2984
44.3755
46.3029
52.4492
42.9564
41.5763
43.2335
40.6230
40.5896
42.6103
39.4894
43.0782
39.0871
39.8379
40.0221
38.9392
38.5830
34.9814
37.8648
38.9438
40.3600
39.8025
40.1624
45.8876
44.4947
41.0383
39.4744
39.5097
38.3690
40.8468
38.1388
39.4010
38.5859
41.2825
42.7993
39.5328
37.3732
39.1487
36.8537
37.7763
40.1238
39.8152
38.1566
38.1713
38.8114
41.8967
36.5293
36.4952
39.6353
43.7003
50.3937
54.5594
46.4967
46.5309
50.1646
51.3564
52.6739
51.6657
52.9713
50.7026
48.7151
52.5229
42.8021
46.3392
47.0051
50.3396
51.2607
48.5824
52.2922
53.9921
51.8006
52.8964
54.0194
54.3368
54.2474
53.9103
51.0009
55.0565
55.4611
53.7603
54.4003
53.5755
53.7993
49.8240
48.3158
52.8223
50.6623
51.5748
51.3374
53.4656
50.5570
50.0306
50.4035
48.6061
47.1280
49.6499
47.7097
48.7153
49.8602
54.6325
51.9815
50.7492
47.4408
49.7170
45.9954
47.0154
47.3108
50.1088
48.2909
46.8197
54.5382
55.9204
51.6178
49.4892
49.7250
50.4793
45.4679
49.1219
48.7954
48.4225
50.2052
52.6241
48.8737
49.5154
50.1606
51.0587
52.2489
51.1464
51.4601
50.9402
54.3525
56.5423
58.2703
59.0136
64.9763
67.2332
64.0716
61.1207
58.9018
63.6106
55.7703
57.7077
53.5115
57.2361
58.3913
57.6431
59.1943
58.5394
63.9261
55.8653
54.3760
56.2480
56.8193
57.8716
54.3923
53.3126
53.1840
53.4908
51.0822
52.0127
51.5002
48.5144
47.8443
47.0597
47.4750
47.1602
46.6369
47.1840
51.4162
51.1274
50.7406
50.8752
51.2638
50.9612
50.6796
49.4812
51.3978
51.8854
49.6560
48.4873
51.8465
46.4313
46.3339
48.6426
49.3463
47.0976
51.7044
53.1944
50.9780
55.4644
57.0546
50.4123
49.4657
55.0733
52.0264
50.6966
48.3506
51.3265
50.7391
52.1354
53.5425
56.1055
54.6391
53.4931
51.9108
53.6291
52.7484
54.6003
50.4085
52.2392
56.1742
55.3865
55.5127
53.9106
52.3105
55.4063
54.6736
54.4906
53.3833
53.6110
51.3051
51.2507
48.3926
46.5641
48.2172
49.9835
50.4797
50.4813
49.6355
52.3088
49.1867
55.5205
51.8476
58.2357
55.8548
57.5390
59.8841
54.2814
56.5122
56.7534
57.8670
59.1502
61.7286
58.8805
62.8497
59.7532
58.3824
63.8043
63.1873
57.2451
58.2944
56.0668
53.7057
57.0107
54.1117
52.5846
52.6332
53.4824
53.6244
56.2437
52.9759
57.1288
55.0391
55.5910
56.8577
55.8316
55.6882
57.2842
57.2989
55.8903
56.7494
56.5721
56.5495
60.3781
60.9432
60.0723
59.6492
57.3061
56.9914
57.0343
53.6482
52.1963
53.6384
53.4965
55.1713
49.6373
51.8216
55.8548
53.7266
54.9879
49.9589
51.2984
50.0512
44.7058
45.7587
46.3973
45.2881
41.3685
44.9786
45.9065
49.3087
41.1861
42.4019
42.9882
42.2059
49.6235
49.1208
46.3608
47.1848
42.3624
45.7247
47.1471
47.1544
48.2740
48.7971
47.2071
45.8924
46.3069
45.3819
48.4458
47.8450
47.7063
46.4920
45.9443
48.0842
53.9706
54.1448
47.3049
52.0423
51.8767
48.4278
48.7769
45.5083
48.4348
50.5872
52.7949
51.7149
56.3210
63.8668
64.0862
56.1814
52.2287
57.9343
58.1085
54.6235
57.9035
57.2689
54.9517
53.6046
55.2090
56.0700
56.6608
52.6100
57.8843
56.7585
54.4539
52.5305
61.1905
57.3451
55.8188
62.0926
56.3961
61.8190
57.0775
65.1261
68.7941
68.8415
54.6007
45.2080
55.9665
62.1237
72.3963
59.0193
58.5637
56.7613
63.5754
62.5140
60.2929
60.5007
55.7650
59.1616
63.2580
62.4224
61.7271
58.7372
57.2679
54.2815
55.2137
62.9279
51.4291
55.6695
51.2033
55.5790
56.2595
48.1425
50.1012
56.8995
60.3933
56.9864
60.1756
65.0154
64.5541
63.9814
48.1980
54.8162
54.5502
50.7656
51.3773
63.2886
61.7547
59.5231
61.0833
61.4989
63.0396
64.9821
64.7674
63.5646
67.5362
62.5361
60.4515
62.4147
62.7694
62.9520
59.5006
63.5235
62.2041
62.3555
62.0826
62.9289
60.1856
62.6448
63.4711
59.0961
61.2694
67.7677
50.1741
57.1666
58.1757
63.5003
62.3310
66.9866
57.2037
59.0270
63.4589
47.2948
43.0921
48.2098
51.4917
48.7700
45.4479
49.9956
42.7958
44.6872
45.2068
59.1353
53.5059
48.6387
53.3742
56.7030
49.7631
55.1771
48.7781
50.7190
52.3492
46.8786
47.4359
42.7339
55.4143
51.8480
50.5837
46.2949
43.5773
45.4829
45.6452
46.3535
44.1092
38.7005
50.7850
57.2780
50.5219
43.8309
41.2668
56.0260
50.1783
54.2064
52.5391
58.9705
59.1093
61.1358
53.5106
61.4370
55.1625
56.6244
58.5323
55.4044
54.7858
53.6265
52.5224
52.9707
53.8303
52.9048
50.2794
52.4308
47.6476
51.9818
53.1099
57.2118
56.2348
54.5565
55.9096
54.3398
48.8624
49.2065
50.8433
52.7345
55.5897
55.1458
50.5396
50.7184
44.0610
48.8802
45.3209
40.6986
43.8608
42.1842
50.2027
44.3254
46.4942
47.3437
44.4409
43.7357
47.6972
50.7725
46.0862
44.0588
56.9458
71.7733
72.8916
64.2245
55.1066
62.9145
60.7859
60.7707
61.1248
65.1526
57.6209
60.3907
62.4943
55.4391
49.1768
47.0701
51.6110
54.4247
52.8685
56.5775
49.8099
49.7085
56.2912
46.2237
46.7299
43.2479
54.6783
53.4615
47.3188
49.1681
57.7364
51.3646
55.8047
51.3665
46.3285
45.8026
47.3939
46.5452
48.1276
49.8290
51.5961
49.4898
50.6536
51.2776
49.7302
51.9557
55.2459
55.6846
49.8293
49.0158
46.4058
46.8093
48.7452
44.4499
46.2065
51.7830
45.6418
45.3614
46.6824
45.6187
44.3981
42.1464
45.7718
46.2888
44.2726
45.8199
40.5985
44.2238
51.7340
47.2301
52.5545
52.2326
48.3026
49.7478
46.9849
49.3979
52.4824
47.8567
45.0199
44.2517
44.5854
42.4229
43.9698
46.3630
50.5298
54.5247
54.1448
58.7797
53.4861
61.3838
70.1183
71.7635
64.2729
48.7721
48.5247
63.4435
71.8774
67.5497
64.6513
61.9062
65.8302
58.3632
60.8747
53.4721
55.2814
54.1762
56.4138
53.9537
53.9986
59.1607
48.7406
52.4886
53.6355
58.1580
50.9342
38.5386
41.8744
39.1669
52.5746
49.3657
46.4892
52.2682
48.5496
38.1355
44.0022
54.0159
54.9137
46.5907
47.9998
56.0955
56.7121
50.2351
58.4373
63.1523
55.1359
62.4134
58.6173
57.8169
56.6250
63.1732
58.5749
53.7552
55.9118
55.6188
42.1350
44.3276
48.5888
48.4974
49.1961
54.9505
57.4372
51.5013
58.3883
56.0946
59.0250
62.1103
68.4155
70.1369
74.1365
63.3641
65.3217
71.4680
71.7461
70.0113
65.8173
72.3548
71.9983
63.2361
63.5333
62.7593
58.3119
57.4526
50.6181
52.0866
49.7929
51.9588
64.2902
61.7661
59.2195
53.5462
58.0890
53.9787
52.4635
51.0279
45.0085
52.0455
58.2249
58.0842
52.1091
51.5561
58.8479
50.3809
65.0673
63.1340
50.1612
61.6669
49.5878
51.8319
52.6859
51.3440
55.4007
53.4720
46.3753
50.1003
51.6896
52.6986
57.4016
51.7417
60.8506
56.3526
62.4965
59.9079
68.1553
70.0259
62.1098
66.6409
63.1280
76.6364
67.3912
66.6891
65.6453
80.5039
71.5966
84.3648
77.3650
78.3093
82.5882
78.8433
72.2833
67.2385
69.3068
71.3582
63.2512
65.7755
66.8776
60.8510
61.7968
54.9454
59.9003
61.7751
60.1713
61.4370
67.2295
74.2077
67.3383
74.4603
67.8573
76.5611
68.7429
71.1241
57.5604
63.1338
57.9193
57.6486
51.6949
62.0052
63.1711
59.5783
59.1600
67.4358
61.0048
69.7845
67.6532
76.5954
68.1864
73.1545
70.1398
76.0910
76.5101
68.9444
74.0772
66.3475
55.3102
54.6353
51.0924
66.0670
67.4122
72.1804
70.4828
73.1283
79.7916
78.8703
61.8744
65.6037
63.0405
68.0227
65.3046
63.0652
64.7931
60.4529
64.9069
59.9265
69.1835
69.5042
74.8993
69.4035
66.9351
63.0982
70.8896
64.9291
62.9511
57.1743
56.9130
51.8885
45.4440
57.0319
55.5063
54.9576
55.3459
51.2953
40.6739
39.6967
39.9310
40.2453
42.1688
41.0513
38.3615
38.9256
39.6523
39.9447
38.9357
40.0418
37.6809
46.0241
59.7767
65.4005
60.0886
48.8176
60.2095
58.9866
51.5117
51.7186
54.0837
54.8184
48.7991
65.9327
81.6604
73.6553
63.1603
58.1115
70.1088
68.7825
63.9960
61.2611
82.2588
66.2562
80.6767
77.7059
77.8521
75.1308
78.9143
65.2087
65.4227
66.6242
60.5880
54.7759
61.0742
49.1280
67.1937
71.2601
46.9381
63.5203
67.5727
65.0635
76.1982
74.1775
75.4607
75.7915
60.7761
59.9147
54.6316
54.5331
56.0369
66.9768
62.6891
51.7235
60.5769
61.1613
62.6121
63.5972
65.6836
56.1726
62.2737
53.9960
60.6684
60.2225
64.5050
63.9069
58.8965
59.3228
61.2649
70.8593
59.7693
55.9561
72.2099
67.9709
66.2092
80.0288
75.2135
71.4370
84.6116
76.4875
71.5145
79.6057
82.5675
72.0477
69.4174
75.4236
70.7129
67.4191
75.6687
75.5172
74.6286
66.3336
75.7653
72.2482
71.4782
77.2925
79.9768
67.0631
67.2684
61.3199
70.5094
71.1033
69.1715
73.6493
79.4182
72.4523
81.0620
70.3715
49.2292
45.5167
50.2342
49.0264
48.5481
49.8055
47.5037
52.6318
64.7926
61.4867
61.9543
67.0528
82.1151
75.3397
75.5794
67.2757
72.1855
72.8042
78.9847
87.9573
70.2326
70.0127
73.8405
73.2841
52.9649
45.5749
49.6928
46.8572
47.1478
43.0446
45.0891
49.0841
64.4451
55.3981
57.2235
54.0315
54.2568
56.8793
57.8727
56.8872
55.2859
54.1132
53.2431
53.1928
57.5448
51.8490
54.0618
57.3068
57.9211
59.9696
62.3080
64.1392
57.9053
51.9270
53.4187
51.1660
51.9152
51.0578
51.1055
51.2928
51.2327
45.3017
50.1985
47.7931
53.6599
52.1147
52.7433
54.4585
55.8142
54.9986
55.9018
52.6376
53.6719
54.1890
51.3861
54.6767
50.6310
54.1187
52.7660
51.9489
59.1334
53.1116
54.2460
58.3464
53.3582
48.4103
51.8756
52.9136
53.0592
49.4646
51.4838
55.1244
58.7506
57.2608
59.6183
51.9737
55.5262
56.1461
57.2287
55.9027
55.1407
55.2925
53.5599
55.7395
51.9531
45.9578
44.2393
40.7146
39.7228
39.6785
43.5747
46.4039
46.7783
43.6563
46.6907
47.3890
45.0931
45.0186
51.3453
49.0080
47.3844
47.3334
47.9395
48.6276
48.3160
48.8624
47.6450
47.4130
44.8696
46.6578
47.6043
50.2147
47.4007
47.1077
48.4587
41.8886
46.1523
46.3729
46.5942
46.7527
44.6439
45.6243
46.5205
47.6193
45.0068
46.3843
46.7445
47.3479
52.4184
48.8022
48.8145
53.0183
50.7618
49.2029
51.5436
49.6870
50.6333
49.4792
48.9675
49.3697
50.7441
46.6156
46.6152
44.8549
50.4616
52.8050
55.8478
57.3420
55.4707
59.6917
51.4694
54.4826
52.9280
56.7190
54.8272
53.1576
51.6646
53.9231
58.1411
55.2915
56.5922
59.5651
63.3387
61.7697
60.7644
64.3183
59.4537
57.5139
59.8087
59.7652
58.1413
58.6147
57.0011
57.7611
58.1030
56.2608
57.5239
60.9836
60.3248
54.1274
50.5461
51.5143
54.0358
56.6226
55.0829
52.7464
50.7334
52.9932
53.4694
52.4232
47.5496
47.3060
49.3663
52.2017
50.3833
47.1793
47.5515
42.2603
43.8351
46.7789
48.5602
42.3919
42.9862
45.6923
45.9584
50.8410
47.1155
47.2827
49.3886
51.6373
47.5297
52.9311
52.5936
52.7843
50.6735
49.3852
49.5957
52.3316
50.5068
51.2658
57.0337
53.1787
53.1186
49.9200
49.6268
52.6425
57.2903
57.4115
58.4211
60.4777
57.9317
54.6862
51.4094
54.8866
55.5193
57.0083
57.6507
51.6867
54.2302
56.4071
56.5646
58.5611
55.9707
54.7952
51.8407
51.4861
48.8280
47.0468
45.4982
43.9165
48.7366
51.1650
50.0487
49.1525
52.8496
55.1955
51.4634
53.9669
57.9176
56.1102
56.4363
52.4423
51.2243
51.9285
51.7161
50.3265
53.0967
52.5060
50.9731
49.6242
48.8653
52.7960
52.5397
53.8504
49.1558
50.1115
51.3169
53.5486
50.9587
49.9084
52.8619
49.8892
48.9236
44.0155
48.2682
45.8937
46.7652
47.4195
46.5140
44.8605
47.4433
46.3851
46.7008
48.5357
51.8542
53.7686
52.5751
54.7761
51.9900
51.7703
45.8643
52.0178
48.1210
54.1225
53.7788
54.0663
53.6695
53.8859
57.6353
53.5488
51.5976
54.9626
54.4290
51.1584
50.1824
46.6322
54.6396
51.0532
52.7510
55.7074
52.4097
50.6802
51.0847
52.1064
53.3691
52.0920
52.3780
51.2068
47.7896
57.1505
51.8842
56.6017
56.0785
57.2588
55.6397
59.1989
54.9782
51.7899
51.1762
50.5219
51.5357
50.7793
54.8910
57.0686
56.0458
61.2986
57.3377
53.2421
53.9511
54.0682
54.7239
52.0865
50.0721
49.8857
49.8597
46.4460
48.2894
55.0843
52.3448
55.0209
54.4252
50.1760
50.7161
53.7846
58.5083
55.7524
55.6856
56.0170
57.8337
50.3696
49.1808
49.9536
49.4891
49.1456
48.0270
44.7281
41.4509
42.1958
42.9731
40.0027
39.8171
41.9860
45.5806
42.3694
44.1792
44.2689
44.4080
47.9288
50.9986
50.8178
47.9178
48.2103
49.8974
49.8516
49.7848
48.9019
46.7115
47.2178
45.2196
46.1745
45.4090
46.7456
46.2896
44.7236
44.3851
42.8929
47.0834
47.2812
46.3450
45.5446
48.0480
47.6520
44.0304
42.1982
46.1607
44.8761
43.0139
45.1835
45.9463
46.4376
47.9266
48.2784
47.3690
43.2293
44.3771
47.2769
47.6435
42.8328
43.6110
43.6501
43.6141
46.4672
47.6032
46.6953
44.7321
50.3106
44.1139
42.2828
44.6021
44.5263
44.2045
48.5120
46.4437
44.2375
44.8011
43.1535
46.1187
44.6469
44.7838
46.6825
46.0612
44.8173
46.8416
49.9071
47.5672
47.3926
46.9274
46.5319
47.2421
46.6362
44.8051
46.3677
52.4062
50.7730
50.8213
49.8666
49.9861
44.8098
44.8733
45.7637
47.4222
45.8616
44.5314
43.8203
43.8429
45.3173
43.3995
44.5052
45.3886
45.6686
46.4392
43.4325
43.0429
42.9735
44.9335
44.7935
46.4805
44.3604
47.3489
46.7204
48.3042
48.6305
52.1977
48.9478
47.9640
47.8977
48.3167
47.5302
46.8390
45.3766
46.3867
44.9723
47.2443
43.4621
46.9642
43.0202
45.6814
44.4651
48.6922
43.2120
43.9506
45.0638
43.3550
43.6704
41.0187
43.5519
43.7678
45.5903
44.0895
44.7536
49.2369
53.2229
50.6406
46.2044
46.9116
44.3498
43.0222
40.4091
46.5684
43.6824
46.2796
43.5193
45.2540
45.1270
41.3234
44.1409
43.7152
42.3989
45.6339
46.8236
44.3263
44.4996
48.7226
47.7821
49.6481
46.6333
45.8558
44.9506
47.2434
50.7330
47.9671
46.0880
43.9930
45.5419
52.5674
48.0933
43.6095
43.5568
41.1613
42.9236
44.5048
46.8367
46.7271
45.7437
43.5286
46.8159
45.4153
44.0880
43.5603
46.9903
49.2458
45.3551
46.1926
43.0013
46.3821
45.3263
43.3394
51.2254
52.8104
51.9647
52.8394
53.3063
52.1888
51.5620
52.0979
52.8005
51.8361
52.9130
53.9932
52.3294
48.0890
50.1147
50.0977
51.5097
51.3362
51.3563
54.0201
49.9000
51.7848
53.0328
63.5190
59.5911
51.6393
50.1510
54.8613
51.7776
53.9120
55.6625
57.6056
52.0472
53.4090
55.1968
59.4769
64.5731
61.8883
60.9953
57.8508
57.5335
58.3828
52.6235
59.9811
57.3528
60.7102
63.0876
60.1829
61.6507
64.4347
74.5423
62.7146
63.9020
71.9849
73.3807
74.9687
73.3456
73.4596
60.2081
59.2952
57.4350
60.6718
57.0724
60.5369
62.0160
62.0346
59.7758
57.8178
60.0947
64.0487
65.4749
51.7372
67.4585
62.4079
67.0428
62.8482
60.8830
64.8140
60.6541
67.1450
59.8256
56.9326
57.0886
60.7611
56.7008
53.1565
59.8235
71.6620
76.8100
71.9731
86.7743
75.0649
80.8516
77.5679
72.5439
75.7122
78.1765
77.1367
67.1992
71.3688
74.5437
67.6103
73.3394
77.7972
84.3819
79.1294
81.4026
71.8911
72.2380
70.0487
84.1342
72.3024
81.1938
80.4073
82.5041
86.3566
82.0105
84.0515
90.5979
84.5524
89.7498
88.0135
77.8952
75.8725
79.9531
78.7893
70.0025
78.5739
75.7578
73.7290
73.7615
66.5632
68.1440
60.0082
71.6893
65.4882
60.4169
66.4664
65.4953
71.0253
61.1740
57.8574
53.2708
54.2660
60.9870
50.9234
55.9917
60.3296
60.2414
66.8362
64.8950
67.2430
57.0156
60.5748
48.4257
51.8202
50.1075
57.7198
64.3167
66.6849
62.2420
63.9446
59.7829
69.1274
67.5540
60.5507
69.4895
62.5013
60.7726
68.1331
75.3291
66.1773
62.8462
65.3144
65.3932
65.6139
63.4844
68.1044
63.8776
58.4442
57.0425
46.6671
52.9064
60.9412
49.8770
44.1608
50.9060
40.9997
53.4893
46.8145
48.0003
53.7456
47.9667
59.2758
59.3384
59.2259
58.4850
53.8360
57.4924
51.6196
54.7353
59.7835
57.5991
55.2671
49.4889
58.0088
53.6794
57.2261
52.9359
58.3970
60.5267
58.8184
55.4663
57.5917
60.0635
59.5261
55.8081
62.3686
60.2325
59.1707
56.1975
60.4539
68.8828
69.2407
53.4580
61.5287
58.8289
60.5688
63.5033
65.6474
75.5927
66.1404
44.5510
47.0617
44.9693
58.1520
60.3155
58.1025
54.8023
52.1087
63.5133
66.4895
58.2671
61.6321
68.4516
67.8598
61.1710
72.3421
70.6573
69.2271
63.1355
71.8623
65.8451
76.5407
74.7167
57.1917
61.1900
55.2230
54.2052
50.6416
52.8469
54.9215
61.7169
55.6047
53.8947
67.8485
73.0698
67.1849
62.1586
56.1438
56.3677
59.2216
63.6675
62.2380
55.1767
59.0463
63.8530
46.6981
56.0216
51.9948
53.4826
59.5071
49.4536
50.0255
47.4134
50.0224
49.7661
51.7632
47.1237
49.6931
55.0472
50.5253
53.4280
51.5888
52.1723
53.7570
54.3487
57.1433
64.6565
61.9021
61.1134
61.7827
56.7491
50.4217
52.7266
56.7727
62.2263
63.5931
59.7054
58.6171
61.9684
65.8720
65.1277
66.8392
65.4898
69.4311
68.2578
58.3740
59.6759
72.2194
80.7318
75.2538
66.8365
63.3927
62.4574
72.9765
70.2961
82.5348
54.9340
48.8882
49.0966
47.1651
48.0648
47.6935
47.8133
52.8547
62.7630
52.9416
50.5590
59.7053
53.5944
50.8463
45.2153
46.1074
39.1522
36.9753
35.2863
37.9083
39.8674
39.1226
40.2709
37.4140
45.6095
42.0546
43.1505
54.9970
56.3043
56.2023
54.2800
55.0555
52.9240
48.8289
45.7168
51.2904
52.6022
59.8684
49.7605
54.5987
44.3742
56.4956
71.6555
64.4086
62.7010
56.7056
50.7371
45.9942
47.1079
56.0248
55.8187
61.6467
49.6181
50.3055
56.6508
53.9030
57.0221
54.4390
53.5976
48.9656
48.5680
52.5819
50.1901
62.0253
58.2586
53.4561
48.5372
49.4019
47.4839
46.5618
49.8420
52.3125
49.6610
50.2348
54.1699
49.7039
48.2751
53.4921
50.9033
54.8907
54.9528
55.2443
47.9140
47.1155
46.1068
48.3575
52.7653
49.9447
48.7190
50.5959
49.0806
49.7504
51.6299
51.8232
65.3871
67.3644
64.6678
65.8775
60.8429
59.0594
59.5761
60.0838
57.6392
50.5262
60.4547
60.3102
59.9836
62.0029
65.2622
71.0083
70.0866
71.7479
77.6837
74.0211
75.2473
76.7674
66.2866
75.7401
74.6115
72.2696
70.3046
75.2554
70.2917
70.1716
76.2108
78.4832
84.6142
78.9700
71.3057
68.4157
60.9783
65.7093
75.5821
72.8699
74.8815
62.4076
65.5592
55.4057
55.4630
52.6016
49.0086
52.4596
49.1460
50.4557
66.9985
65.1257
75.7056
77.1609
76.2564
65.0906
66.3724
70.1399
63.5107
65.6497
79.7735
73.2057
79.0755
77.0228
73.3905
55.0145
68.9049
62.5463
72.6253
65.1636
66.0282
62.9967
58.6319
56.0269
56.4748
66.9631
68.6347
56.0732
59.1871
57.9521
59.3755
47.5881
48.4784
51.5610
40.5477
44.8063
52.8554
47.7727
46.1301
49.1377
45.9636
48.0313
40.8389
41.1897
40.8959
43.3150
41.3823
39.1946
43.2771
47.9850
47.0982
48.3978
43.9539
49.3605
51.5377
50.3286
47.4889
47.1709
46.5041
44.8512
60.5136
58.1932
59.2358
58.6019
56.8169
51.8783
54.9479
53.7183
57.6422
46.7947
52.7758
49.2790
47.6613
59.0461
58.5743
49.9198
47.8244
46.1954
45.4942
52.6788
50.1569
36.8853
39.0638
39.0153
40.4846
39.9039
41.1317
41.7605
42.6005
41.5735
40.8614
46.2485
43.8413
45.4360
43.0628
43.7935
39.3025
38.4120
41.5113
37.5477
50.9841
49.0551
44.7335
44.6920
48.7530
47.5682
55.0956
51.8091
48.5429
51.7406
53.1055
43.0271
48.7834
53.1726
47.6979
44.8001
49.8401
47.2863
58.6124
44.7015
56.1689
54.7005
58.6843
56.5637
55.1044
52.2898
56.8284
54.5542
49.3672
48.1841
50.3327
47.6085
54.6982
52.7236
48.0776
50.5788
50.2582
49.7252
46.2369
46.8431
50.1542
49.5691
51.0420
50.5110
47.4791
47.0619
48.7980
45.9813
46.4662
42.1902
41.0600
42.8605
43.3029
41.3228
42.1901
42.8706
40.3958
41.0261
42.9318
42.4065
40.7339
40.6690
39.8987
39.7067
38.2599
38.2140
39.6349
40.4927
40.9177
41.1106
40.8878
40.9522
39.6786
42.3410
41.4850
43.3779
49.8984
50.0896
48.8326
48.2417
50.5377
44.4119
48.9393
50.5779
49.7535
49.5244
49.5038
52.1191
54.8993
52.9499
48.3286
49.8984
46.8516
49.7287
49.4984
45.9017
44.0182
44.5426
44.7637
42.4053
45.0549
42.8655
42.4620
44.6146
41.3170
39.9846
40.3797
39.7869
47.2009
47.4251
43.1638
42.4848
41.4469
43.1636
41.7030
43.5416
43.7315
46.2403
45.4296
42.8962
48.2185
42.8973
45.2471
45.8860
45.2224
49.3536
51.9575
42.0956
47.0044
42.7263
42.7008
41.9908
43.4305
43.9876
49.6403
44.6717
47.6473
47.0621
49.3583
54.2157
49.2457
45.2789
48.7090
49.5014
45.4555
46.8003
43.8280
47.0437
41.3343
41.0038
42.8694
43.5688
41.0601
38.3067
41.4789
40.5272
41.1706
45.1163
44.6897
46.1721
45.5585
46.6554
41.9702
46.5150
42.5676
47.7354
50.1576
50.3844
46.9980
51.2756
46.8014
42.8132
43.5983
46.3566
43.1002
40.4088
44.7782
40.6842
41.3544
43.8974
45.4513
50.2438
40.8982
49.8833
42.8773
53.6660
47.7297
47.2379
43.3347
41.9724
48.5638
51.6242
51.9246
61.5896
62.9649
49.8854
51.4253
52.6491
64.6225
66.2166
55.5471
53.0209
53.0358
60.3720
58.8333
62.7059
58.6769
58.8561
73.4775
62.5597
72.5590
67.9284
77.1087
70.5820
71.4008
61.5266
67.7710
68.2983
74.0720
67.6023
57.8025
53.5070
53.3496
52.1058
58.5152
57.4633
60.9117
67.4759
55.1326
61.4006
60.7715
59.3668
59.3174
58.0706
62.8586
66.5484
65.6239
69.8479
76.7693
74.7976
81.9653
72.0343
62.8548
70.2867
76.3303
75.4449
75.0614
74.3182
85.9124
73.1229
72.4245
60.4269
61.8477
65.1065
57.9982
57.9672
63.9046
54.4862
63.8997
60.0616
64.1398
64.2385
67.8143
65.8829
65.1711
56.2211
58.5187
53.1562
55.5622
45.6316
42.9170
59.3762
45.7442
43.1054
49.9887
51.7314
47.4159
59.5510
69.0627
59.4968
73.8429
62.1018
68.0971
56.3807
75.5010
77.2813
81.9491
76.5155
62.7319
58.8926
61.9363
66.1863
65.4850
67.6034
67.0020
66.5662
76.1394
80.1661
78.6641
75.5404
77.8026
79.2194
69.5525
63.2947
63.9344
70.0431
62.0473
64.0824
67.4220
55.2989
55.6011
59.0498
56.7156
49.0659
57.0581
50.5934
62.1164
66.0676
70.9315
74.5934
74.6839
61.7792
54.5851
69.6020
62.4208
69.6399
57.8221
56.5153
56.0927
69.2254
67.3954
69.1449
75.8313
76.7354
74.5332
63.4589
66.8416
75.5354
58.5983
60.2386
67.1825
62.9894
65.9468
55.0689
60.3207
56.5951
65.7537
52.2872
66.1771
62.8647
38.0011
44.4270
44.9676
50.5081
57.5331
51.6210
55.4503
51.9961
48.6968
49.9998
48.1943
46.4182
50.6785
56.8843
50.2091
46.1310
52.4895
48.5588
49.3179
49.5780
50.9305
48.1552
46.8880
57.2760
56.7863
65.4934
61.3101
64.7237
64.9198
61.3796
59.7770
58.8183
59.9399
54.4422
48.5287
50.6630
45.8486
44.4425
42.6870
49.0905
57.8111
49.5342
53.2889
45.2153
43.7373
46.2493
45.4697
40.4676
46.5931
42.1111
43.3599
42.1654
43.8876
48.1937
42.8129
41.7816
40.4099
44.9562
45.4500
50.0546
49.7610
46.0455
41.7385
45.0372
49.2102
48.7743
47.1263
46.5637
48.9708
51.9035
49.8095
45.4539
47.3468
49.3440
48.3453
58.9696
57.4316
57.3930
56.0412
57.0290
52.5211
53.9544
50.0916
52.6073
58.5413
55.6890
55.4390
64.4073
50.9804
60.3688
57.5175
58.8518
67.3994
65.8649
70.9235
67.8263
65.4896
70.3350
54.6279
61.1544
55.1611
54.0392
52.3119
58.3556
61.2564
64.3288
69.8849
74.9071
71.4926
66.8011
72.9306
71.5192
68.2822
71.4628
74.5929
70.2088
75.2869
77.9247
74.4798
73.4579
82.2117
72.5428
67.7379
64.5617
65.4911
61.4251
62.4539
61.5784
53.7555
61.3496
62.9569
65.5637
53.5266
66.3280
55.7514
65.7054
64.0454
56.7951
51.0958
58.6488
43.6907
48.0769
50.7209
46.5240
56.0223
47.3401
55.5244
61.4988
60.6422
55.5109
49.9739
48.7483
58.2631
53.8978
56.5912
51.7568
49.4788
48.0096
54.0558
55.3662
59.5238
54.0940
59.8038
57.1889
54.7241
51.5073
56.9841
61.4800
55.8037
53.0384
57.8686
50.9668
47.4219
47.5877
47.4024
47.7233
44.6175
47.7288
49.2939
49.5875
47.0219
50.7975
46.4594
45.4714
46.6814
46.6245
50.6094
47.1337
48.2935
45.2650
51.5460
45.8919
45.7729
43.8806
46.2935
48.8780
48.8999
49.9453
60.0887
49.5990
51.9029
47.5898
46.0277
48.9588
52.9415
66.6293
72.4307
66.7668
72.6890
80.8438
78.6999
80.1639
88.3906
73.2616
81.5047
86.3976
85.0603
82.1717
79.4442
88.8186
72.7751
78.5335
65.5585
69.6395
60.6000
65.2459
74.3430
62.7755
53.3016
53.5956
53.2473
62.6472
56.5251
63.3989
61.5454
59.2610
55.7570
54.5252
55.5417
56.7113
55.5121
56.5975
55.9392
52.7625
50.1375
50.2821
46.1680
50.1283
53.4397
53.3369
52.4420
48.5774
43.4685
49.6007
54.0245
53.7880
53.8046
52.2320
54.7924
61.8713
57.4232
54.6548
51.0759
51.9716
49.1139
49.8670
50.7655
49.3930
48.0653
48.3499
47.3912
48.2670
50.1447
49.9160
51.2034
52.7736
52.5797
47.8086
48.5264
46.6074
48.0166
49.1280
51.6766
51.4084
50.0745
46.9555
48.8375
50.5869
48.2773
49.3508
45.6775
50.0532
53.5428
50.4394
48.1283
45.1883
48.1669
41.3439
42.6420
47.3863
43.3313
49.0619
48.1914
46.2174
47.3408
44.3200
46.0357
47.2801
48.6393
45.8562
46.8763
47.0667
44.2075
48.5872
48.3828
44.4203
43.9362
45.4447
45.5505
46.0224
43.3166
47.4514
46.7127
44.1076
47.0366
44.3974
43.0472
46.5235
45.9766
45.4769
44.0613
46.2277
48.4566
47.6931
45.0587
41.0371
45.4847
46.1986
47.2491
43.6719
45.1004
49.9203
47.4911
48.4345
45.7417
46.3640
51.4339
48.9106
51.4738
50.9184
59.7755
59.4430
63.4582
65.8978
57.2509
58.1690
49.4369
44.6205
42.5445
43.1673
47.2951
49.5755
46.7687
47.8712
45.5127
43.4331
45.3041
48.7251
44.5316
49.1457
46.9978
48.0841
48.0821
49.0379
45.0622
46.9092
48.0059
44.7935
46.3095
46.0631
41.9370
41.6926
43.5331
42.3072
45.7210
42.4615
45.1908
45.7846
45.5570
41.8408
44.4705
45.6417
46.7904
39.3857
46.0476
46.4649
50.9799
51.3505
49.0978
49.0601
49.2784
47.4996
47.9654
48.1317
47.2032
47.7000
44.8758
41.4987
49.2684
57.9528
55.8357
56.1936
53.7262
68.3244
71.7206
63.4509
63.3754
73.5867
70.6484
61.8339
66.0712
59.9433
54.9645
51.7511
54.4093
64.3303
57.7001
63.5297
64.8139
58.7577
56.8589
60.5847
55.5868
59.5320
67.7815
64.6152
65.6102
64.2051
64.2012
62.2420
56.9418
56.9054
59.5181
53.8884
59.9774
64.3303
59.9920
52.0838
64.0102
56.0841
64.0314
68.0555
60.3765
58.0014
59.8624
64.7783
60.0385
54.5500
66.2530
67.7220
59.0635
45.1586
57.1948
64.0463
65.5768
63.5270
63.4734
46.8318
44.2391
51.8760
53.3652
56.7675
57.2638
53.3172
55.3538
50.6133
59.9051
50.7139
52.8848
53.4503
57.9655
50.5047
50.3477
51.4565
55.6266
48.6716
57.7402
54.3625
51.3903
53.3915
56.1617
50.7357
51.9887
52.0097
56.2367
55.7835
44.7642
62.6386
63.3954
58.0943
63.8376
60.0434
52.9556
52.1888
58.4535
56.5975
66.4593
62.9280
62.5235
57.3674
58.1995
62.3602
60.4731
56.3061
53.7595
54.8009
56.6148
51.8560
50.8420
54.1828
51.4915
47.9667
52.3684
46.6255
55.2624
52.7046
57.7860
52.2226
52.4048
59.0729
54.6011
57.8703
60.2741
54.7575
46.1199
53.1848
50.3679
58.0184
56.3311
61.5135
54.1657
48.5882
48.3961
51.9188
57.9976
58.0118
49.8562
58.0567
54.0955
51.6020
60.0552
57.0004
57.8439
48.2140
49.1185
52.3272
51.4315
54.0301
51.2379
55.1462
60.2033
62.2769
61.7223
63.1681
53.3841
49.3692
58.6043
56.2603
58.7561
62.2447
61.1774
59.7874
59.4254
60.5420
62.3401
58.8553
56.1905
52.7817
56.8856
60.1517
59.8382
62.0687
58.8724
61.7022
60.6694
56.0364
54.9784
58.8673
55.1660
53.1908
49.2965
53.7315
57.5781
57.9297
54.2408
55.0174
62.3071
54.5725
52.5418
56.8794
57.5165
57.9140
64.6305
63.0892
55.2320
56.1540
60.4516
57.3337
56.3611
54.1568
60.6309
54.1634
58.4252
51.5778
60.0462
60.7734
53.2504
54.1038
58.1007
58.0023
56.3209
58.9438
60.6434
61.6903
59.9904
62.2767
65.6114
64.0333
68.3427
61.2483
65.6308
65.9051
67.6788
62.5453
59.1934
61.8635
59.3326
66.1492
55.4303
62.3097
53.8641
54.7502
65.4451
65.1924
69.5794
63.5158
63.2873
64.3077
63.1868
59.2957
61.8617
61.6237
56.9202
58.8194
57.6458
56.0529
53.8776
50.7363
49.2565
54.1745
52.7148
54.8147
58.3972
60.9129
68.3892
56.8651
50.7059
51.5178
49.7629
48.8534
47.7248
51.0589
49.9397
51.4233
57.5655
57.2538
57.1065
59.6319
55.0253
58.9110
50.1771
55.7390
62.0197
58.7049
61.9141
59.9703
61.0755
59.8234
58.1874
49.6565
54.4340
55.2829
54.0607
59.0905
62.2452
56.6828
56.9759
58.8912
55.3209
51.4705
54.7945
50.8247
49.9543
45.1021
48.3897
52.5082
52.0778
52.7166
48.2631
48.6761
56.6185
52.2363
50.4630
49.7520
58.4571
58.5190
60.3596
54.4045
53.3179
61.2230
57.2054
60.0037
56.9565
49.3239
58.2332
57.3805
61.8109
57.2399
59.0732
61.8077
63.7579
65.7343
56.4159
57.8908
57.2758
56.1477
51.1191
51.2341
56.2312
52.6581
63.0307
56.3415
54.3976
66.3484
52.3246
55.5278
55.4961
55.8527
44.5067
40.6530
39.4243
37.5886
39.8233
41.4823
36.8711
39.1984
37.5902
39.5375
35.4305
37.1966
36.6910
37.4800
38.1463
38.9881
38.8357
37.6206
35.4448
35.0058
37.4534
35.8597
36.9907
34.9108
35.5558
36.5961
37.1275
35.1889
35.3080
34.4917
32.9979
33.9438
35.9628
35.2028
35.1679
33.9922
37.0356
36.5420
40.2333
34.1449
35.4998
37.3826
38.4366
38.6303
39.8044
36.6519
40.6035
39.0947
35.0488
35.6609
33.3531
34.7528
36.1496
32.3581
32.7626
31.8333
35.2453
34.3891
38.8604
36.2246
35.4290
33.2980
33.3574
36.0369
35.6472
34.7282
36.0352
36.7578
33.6856
34.2600
34.7040
37.6490
37.9017
37.1390
36.6657
41.8000
41.2463
39.1656
39.5837
39.5208
38.5877
38.3299
36.1190
40.7017
39.9943
37.9495
38.3248
37.7629
39.7141
42.9995
39.7878
40.4913
39.2507
41.2872
44.7503
43.1048
46.6774
48.4950
49.4590
53.4029
52.9702
55.5068
47.7655
45.7068
48.7948
41.9772
43.1678
41.9156
52.6796
47.8794
38.3414
35.9607
39.2037
39.6294
38.5226
39.6646
41.0409
39.1588
41.1667
39.3740
40.2020
43.2375
43.6562
45.0289
45.3391
40.4281
41.9413
40.4834
38.6545
43.6810
43.5481
53.2016
49.4632
56.5384
53.2105
50.0756
51.3539
53.4813
49.3335
53.0010
57.4801
47.9767
58.1973
54.4166
52.2618
54.1225
54.5367
53.7456
53.5412
57.8741
54.4739
51.2051
46.0134
49.8899
51.7958
54.5877
49.9978
51.7897
50.9495
47.2820
48.3067
59.1305
48.7550
47.1284
51.7787
46.1161
47.8006
40.6780
47.7188
50.0531
47.7451
50.8638
45.5748
48.7904
50.2541
46.8776
49.0878
54.8086
52.9532
53.9675
53.2781
49.5221
54.9477
54.4162
58.8977
63.4008
63.6659
58.2228
55.8721
43.6391
48.8302
45.5234
46.2075
43.6440
39.7142
40.3159
46.6887
43.2378
36.1944
41.2049
45.2284
47.0431
46.6500
44.5635
48.5168
43.9309
41.8207
47.0539
48.5772
46.8163
52.8296
50.5001
51.8968
49.0848
46.1637
50.2539
49.7300
50.6556
54.9129
50.2694
51.5992
51.3806
47.2532
45.1324
46.5214
44.1939
48.0020
57.8775
55.8165
51.1326
56.2759
57.1298
53.9898
61.4238
59.2828
53.2131
58.6445
59.8720
57.7342
62.2407
62.1332
58.7903
57.9641
58.7813
57.9879
58.6372
59.8442
58.5917
59.8839
