30.1852
28.7635
28.1225
27.7136
32.3378
26.3617
28.3285
27.0568
28.3426
26.5823
26.6025
33.9135
29.9664
30.9537
33.4247
31.2030
33.6829
29.9943
34.2934
34.6407
29.0346
32.3789
30.6626
25.7500
30.9362
35.1948
32.8173
27.8945
32.9008
30.8569
27.7255
28.9463
28.5960
29.9473
35.7237
30.4763
30.8709
31.9043
28.0581
31.2270
31.8300
36.7069
35.0638
27.1341
28.2915
27.8622
26.4277
31.1568
34.2753
34.6909
30.3067
36.4292
36.8762
32.1630
29.4032
29.4352
27.6077
27.3321
28.6169
27.3592
27.8536
33.3997
30.1182
28.2332
30.2371
27.0224
28.0727
30.8810
31.8347
30.7193
31.9683
34.5206
32.3920
31.7664
34.0339
33.6196
35.8622
30.5726
32.7235
32.0966
29.0336
32.4151
34.4599
32.2629
33.6548
34.1634
26.9194
30.4500
26.4889
26.2518
26.7212
26.7267
26.5364
26.5442
28.9175
28.2105
26.2642
30.9586
31.4249
27.3870
29.9591
26.7460
30.0884
33.2165
32.1108
32.5695
30.5789
38.5236
36.3728
26.2961
34.4331
36.8243
32.2851
32.1224
32.7107
33.3777
27.7843
29.8932
33.8372
33.6938
31.0408
30.3861
30.7612
27.1991
30.0972
30.0186
28.4271
30.3390
30.4152
30.4123
34.1370
32.6231
29.1769
31.0196
39.9897
34.0507
33.1832
41.8711
35.1311
33.2062
31.1691
29.9585
29.5829
32.4080
31.1698
29.3169
28.1260
31.9662
31.0626
29.8172
30.4778
28.2179
30.7396
27.2579
27.8034
35.7097
28.1867
28.5033
26.4720
29.2143
30.7171
26.7349
29.4228
26.2630
28.3711
25.7548
27.5641
28.1150
24.3816
27.8929
30.9610
32.9541
28.3353
29.7823
31.5922
28.5150
26.0725
26.6070
29.3278
27.9914
25.8165
27.4729
28.7594
33.0031
31.6410
33.0541
32.6251
30.4261
28.6970
29.7538
35.1027
29.6026
30.1306
29.3981
30.5736
30.9871
27.4214
28.7463
29.9341
29.0719
27.5900
28.1945
26.8194
26.1975
25.7567
23.5000
29.1272
26.0717
25.5452
25.3317
25.4575
25.2831
26.4745
28.4149
26.2802
25.2334
26.7895
25.5281
25.6253
27.9141
25.8262
25.4376
27.4344
25.5089
25.4217
25.3806
30.4569
26.0694
27.8038
23.7232
26.6075
28.0512
27.0442
30.5799
30.5439
25.1871
28.0363
30.2624
29.8510
31.9544
29.0617
35.5527
35.8011
31.9509
26.6576
28.8243
33.4271
29.5741
32.3029
29.1594
31.6182
34.8248
31.5050
25.1136
29.0921
29.5286
26.7967
27.2742
29.1507
31.6896
38.1134
39.4637
36.2998
32.5160
33.8309
36.9590
29.7500
32.7674
37.8228
28.7381
27.2972
27.1690
26.9975
27.6323
29.3783
30.5081
29.2534
28.0182
28.7770
26.7432
30.3598
26.0676
26.2360
24.7245
29.0015
26.3907
28.2576
26.9168
32.2876
29.9278
31.9501
33.8637
30.4497
29.5876
28.9312
28.8379
29.1477
33.5175
32.5438
41.1329
40.3940
31.4466
30.1796
33.4535
29.3247
31.2821
33.0522
35.2221
30.6985
32.5928
27.5112
34.3523
32.0896
30.1424
33.0097
33.1223
33.2216
28.6502
26.9861
27.6881
34.2098
38.5866
39.7693
33.2405
38.0278
33.5905
31.7600
28.0009
34.7744
25.1574
27.9867
32.3704
30.8309
34.6741
30.4880
31.1530
33.3969
32.8119
32.0605
30.1677
28.4555
30.2115
28.8924
29.1502
27.2620
28.8708
30.0427
28.8309
27.9015
26.3516
28.6000
28.7259
26.7213
29.0158
32.6798
32.8384
30.9811
31.5013
35.7610
32.1763
35.2509
30.5487
37.2133
36.5249
36.9215
30.9417
32.3280
35.2637
34.4848
32.5377
29.0210
30.8643
30.0485
34.2437
31.2324
32.9623
28.5922
25.4309
28.2517
28.6233
26.0195
30.0761
26.9170
25.8386
30.4990
26.4823
29.5124
26.3127
30.2171
28.0105
26.6302
29.6487
29.4634
32.5201
31.8543
28.3772
28.2972
27.8120
27.1933
25.6643
29.6811
31.4235
27.1525
33.6182
31.7378
29.4006
25.6141
24.6727
33.0653
29.4336
30.9981
27.4602
28.6510
29.9605
30.6032
30.1862
31.9766
32.0350
29.4277
27.7631
30.5297
32.3519
30.7806
30.8979
31.3758
28.2424
25.3958
26.5666
27.9966
29.5016
27.0451
27.3666
33.5700
29.9728
29.9452
28.2772
29.1787
28.0689
28.5420
26.3257
29.3714
29.9206
33.7049
36.2975
38.2827
39.0214
33.0360
27.7482
27.8487
29.3216
29.3446
32.4073
32.9277
34.7390
32.1685
33.1913
32.8061
29.4095
29.6673
30.3227
29.9393
28.2985
34.6741
39.6972
34.4332
30.5091
37.7216
34.1830
34.7264
33.0178
29.9926
33.0705
31.4048
30.8183
33.8012
41.6988
49.3501
39.4443
36.2188
34.6300
30.7540
34.3782
32.4873
31.3589
29.6253
31.4638
35.3861
28.7828
33.3263
30.3631
27.2955
27.0345
27.4822
28.2609
30.0039
29.5026
30.7164
31.2696
29.7974
29.5079
31.1734
30.8951
28.9459
29.7919
32.7735
30.0899
33.1319
26.5437
31.8842
29.2393
37.9217
39.8906
35.4949
29.7835
37.5519
30.4345
28.5988
29.0016
31.8417
30.7546
26.7132
32.0759
31.5261
30.6076
33.7082
35.7336
32.5292
32.9350
33.8794
32.2845
33.5188
29.4350
26.3333
28.2907
26.1611
29.2872
25.4467
25.6209
26.7943
27.1858
28.0237
27.4741
31.8899
31.5516
34.4962
30.7882
27.9252
34.4232
33.1308
30.6968
30.6973
29.5599
29.7592
33.7285
28.1153
27.1510
25.9613
29.2387
29.3213
29.6986
30.3638
30.8022
32.9234
33.7380
32.0494
30.5018
32.5410
29.6225
33.9720
35.4012
34.7574
27.3825
27.4262
32.3539
34.5412
35.9314
34.5236
32.0855
29.5606
32.4629
32.5357
36.6430
30.2077
29.7966
33.1613
29.1026
30.9073
29.4269
32.6011
33.9148
28.0219
26.4923
26.0791
25.4723
26.2935
25.2552
25.7734
25.3306
26.0734
26.8747
26.0609
28.8440
29.0084
25.0207
26.3949
28.6525
27.7033
28.3581
27.7064
26.8751
34.8337
32.6529
33.4938
28.3398
26.7418
30.0287
29.0434
29.6012
28.9422
28.4239
26.9489
26.4128
31.0374
26.3739
27.1927
26.3719
28.8042
31.0000
25.7043
26.0644
28.7040
27.0271
30.4128
28.9378
28.0766
28.3634
26.9637
28.1012
26.3966
28.1963
27.6671
28.4646
27.9218
30.4671
30.6083
30.1035
25.6059
25.3566
28.8672
28.6361
30.7393
31.6986
31.4321
29.1135
30.6528
29.4351
33.0401
31.2395
29.6456
32.5052
29.8875
32.2972
29.6984
33.1906
37.0179
35.3681
35.6807
34.9658
33.5044
39.4932
36.4135
36.1236
32.2726
34.6732
31.6393
30.8982
33.1094
32.4922
29.1813
34.9811
33.5834
31.5281
32.8357
31.2881
26.8178
29.3158
27.8224
30.3593
29.1354
28.6037
27.4827
30.4082
35.2605
28.1988
29.0872
30.7301
35.8221
33.1640
30.7015
30.1018
32.4659
29.8068
31.8292
28.9252
30.4962
31.6831
31.2428
32.4065
32.3418
29.1306
28.7138
30.0205
30.9950
30.1794
26.9508
33.5437
29.6954
30.8127
29.9813
27.7939
27.0204
27.3219
28.7235
31.7877
35.6149
25.8242
28.2733
30.5135
35.2954
32.3787
47.5003
33.5950
29.5274
25.9739
28.2882
29.0651
29.9583
32.4228
32.2885
33.4000
37.3455
32.5060
38.4954
33.6839
31.0322
27.4885
28.4842
29.5022
26.6518
25.5304
25.0342
25.9083
24.5357
25.3710
25.7584
26.0944
25.6114
24.4144
26.4783
27.2238
34.2776
31.3801
32.7608
34.2436
30.0681
30.7973
32.7809
31.8362
32.4198
30.4737
29.8711
37.3712
29.0688
32.1619
29.5060
29.1236
33.1504
25.6346
32.3931
28.4464
28.7475
28.4600
30.5906
32.8145
29.8526
33.7912
28.9345
29.6374
31.7532
29.7437
28.7783
30.8488
35.3930
28.1131
35.6341
28.5394
32.4716
30.1485
27.5285
29.9347
26.1817
27.7693
30.7998
26.9735
34.7157
30.2734
32.4253
30.7476
34.4405
33.9923
31.1480
27.6381
31.2090
30.6744
25.4989
29.3784
28.0545
29.0151
28.0969
27.2867
25.9456
28.2628
28.8093
29.6545
29.2135
24.7209
26.4464
29.3763
29.0805
30.2917
31.1722
32.0135
28.0163
28.2378
30.7710
27.8303
26.6077
28.2795
31.0055
29.0906
28.6733
27.7238
28.2775
26.7828
30.5280
27.7875
33.5595
33.4490
33.2737
32.8261
33.5646
28.6947
35.9032
32.9574
36.7270
30.7763
30.4637
27.9232
26.6902
30.1924
28.4441
28.1740
25.9574
29.7898
27.0640
25.9399
25.9046
24.6515
30.5133
28.7291
27.7087
31.2914
34.0944
26.5431
32.0055
28.9773
31.4568
30.6686
30.7352
32.1356
30.8038
33.6414
32.3016
32.1390
27.1871
26.5025
34.0178
31.5889
33.4712
30.3818
29.7770
31.7295
27.7910
27.9194
29.0705
27.2824
28.0382
27.6922
26.3060
30.8117
36.6583
39.0457
34.9867
30.1504
35.9429
39.6049
33.9070
30.6777
29.8671
28.3731
28.7270
28.1381
26.8701
27.2718
26.4975
26.4490
28.2715
30.2667
25.0099
28.9108
30.8702
27.8686
29.4304
27.5769
25.1479
25.7717
28.2103
34.9122
30.7201
29.9802
31.9973
27.6336
35.9655
33.1970
28.0653
30.8468
30.0486
27.3201
27.4662
29.3527
31.3355
29.6157
42.6359
27.9499
36.5019
34.6635
31.9957
29.8488
32.6432
28.2376
28.1807
30.9350
31.3271
32.1936
30.3404
33.8446
31.8232
38.5660
34.1785
31.9276
34.2528
34.1677
31.9036
33.1493
29.4807
29.3331
28.4326
29.1036
27.0002
26.3448
25.5602
26.1174
23.7469
29.9476
30.8722
27.5102
29.0492
32.4531
36.2413
36.0038
28.3290
30.5630
31.2714
31.8812
29.2273
32.0786
33.1033
26.7990
30.4800
30.2135
33.0552
28.8142
31.5629
32.6466
33.2058
26.3759
32.9910
28.6713
31.4240
25.5802
27.9398
31.9837
28.8523
26.5982
25.6273
33.6484
28.3683
31.8791
31.3817
27.9406
34.1426
38.3775
34.9341
31.7648
30.7028
28.9344
33.1837
30.2664
28.7184
32.0777
29.9416
30.9012
30.6924
28.9633
31.6697
29.3451
32.3779
34.9480
29.0605
28.2679
26.2726
32.7403
31.2521
29.6006
29.9020
29.1890
27.6566
31.3718
29.5933
28.5855
30.0439
28.7662
28.3382
33.6367
31.0723
26.7447
36.0225
28.6781
32.4058
31.0349
29.1888
32.8943
34.2927
31.4436
29.3188
28.8730
26.6241
29.6693
29.4604
28.6062
26.9684
34.0048
30.5002
33.4744
31.1717
32.1763
28.8909
26.6210
30.0624
29.7239
30.2059
33.6925
34.6037
34.0790
32.2029
27.5100
27.5766
29.8426
28.0482
30.1803
39.2487
32.1918
28.8722
29.0920
35.9492
25.3971
26.2945
27.1822
26.9741
27.9128
29.0618
27.6904
27.5318
29.3214
28.6216
30.7449
30.0995
29.9850
31.1698
30.0346
28.2537
29.2673
28.1764
29.3372
28.1119
31.2116
30.3000
28.8680
29.5274
31.7716
33.3635
29.9772
31.5942
30.9762
31.5698
29.0683
30.2636
33.6878
34.0918
28.8776
30.4692
30.2344
29.0681
31.2240
30.9834
29.1288
28.1497
27.0970
26.9161
26.7595
27.0794
29.0670
29.3038
32.0961
31.8194
32.3676
26.4824
25.4847
28.0420
27.0205
29.7630
29.3054
31.7601
28.7715
28.4011
29.2380
30.6211
33.3425
30.6572
28.4145
29.3207
35.2737
31.6205
33.0918
30.3767
36.6922
32.4456
33.2333
27.4446
25.2414
34.0554
30.5436
30.1407
25.0890
24.4997
27.7315
28.6870
28.9216
30.7760
28.5441
27.2320
29.6013
31.0733
28.6128
29.9689
27.7782
29.1941
30.0728
32.7855
26.9568
28.0411
26.3849
29.0454
25.6945
24.2716
26.2351
26.3985
24.1991
25.8221
24.9249
24.8848
32.3148
27.0596
29.3233
29.1935
30.1102
31.5971
31.2643
27.9035
29.6240
32.7202
30.9674
28.2336
27.2296
29.6764
28.8048
29.3954
33.3537
29.6347
32.0360
26.7341
30.5862
29.9834
27.2591
32.5570
33.2697
28.5021
31.3526
30.1645
26.8937
32.1746
32.9783
31.8951
29.0201
35.4423
30.4587
38.9999
32.0218
31.2075
30.5078
37.3490
32.5042
31.8371
35.3941
31.7484
33.1876
30.9264
28.3491
29.3313
28.9709
28.9300
29.3043
28.4129
28.6785
28.8534
28.1378
30.7678
25.3141
30.6915
29.8917
35.3542
32.7626
31.6593
32.2523
26.5352
26.5039
28.3407
25.4122
31.1272
29.4264
30.2826
26.7908
29.5595
30.1889
26.5594
27.8254
27.4795
28.6736
33.1242
35.3313
30.1337
28.9342
33.5781
33.6206
35.5570
32.8781
31.2883
33.3851
28.6671
29.9926
30.9659
32.0942
36.3713
33.9479
30.7329
28.1586
30.2893
32.8873
34.0849
34.5916
30.7865
31.2364
29.5917
32.2441
34.7767
28.2145
25.2916
24.9927
32.3226
30.6820
29.2324
30.5718
35.8902
33.6666
34.2066
28.4285
31.3878
26.9203
25.7356
27.0466
27.4742
29.4427
28.7220
26.8282
26.8934
32.3441
31.1088
36.4691
37.1552
30.3553
30.0374
30.0549
30.9644
42.1990
35.5166
30.6791
33.7720
33.0351
33.2338
28.1651
30.7387
31.3969
26.7473
30.2779
33.9916
38.2808
33.3661
38.2672
36.6606
36.2095
35.0118
33.4769
31.4594
30.4350
31.0410
29.1389
26.6152
35.4436
28.6984
29.4583
28.3860
28.1076
32.0745
27.7398
32.8025
28.7566
25.9543
26.9643
27.6929
24.9327
25.6398
26.4344
31.9680
30.2571
27.9113
28.8286
24.0855
26.3942
28.9209
28.4381
27.9882
27.7798
31.9446
33.3829
34.8745
32.7187
30.8374
25.5260
27.8021
29.1151
28.1301
29.1374
28.0711
27.1439
28.8824
29.5094
32.1408
30.6265
30.1783
35.3053
29.7569
31.1705
32.7608
30.9094
28.1244
25.8078
26.9495
26.7633
26.7680
28.8006
29.5190
32.9626
27.3580
30.5341
32.7689
33.7793
33.4991
40.2538
29.3113
29.7104
31.4072
28.5176
33.1658
31.9668
27.2815
26.6017
25.6221
31.2394
30.8625
27.5951
29.0970
29.9474
31.4579
30.4215
25.6097
27.8926
30.4272
29.9125
32.6086
28.6729
27.0091
34.2290
33.7209
31.5989
33.0816
33.5734
29.7087
28.1849
28.1175
26.9690
28.9454
27.1710
28.6928
27.7169
33.1159
29.4556
30.3818
27.7867
28.8923
29.4509
29.3148
30.3675
29.1694
30.7316
28.2023
30.4030
30.7111
27.4940
29.2918
32.3993
29.0309
31.1539
29.0315
30.4847
27.7558
32.7664
29.9444
29.2712
29.1890
28.0559
32.8853
31.4287
30.1411
34.2864
31.5570
40.1322
40.0075
38.4054
43.8927
31.9974
33.1922
33.6384
30.9831
26.1565
28.4962
30.1754
29.2202
26.4062
27.5415
25.9446
28.0143
31.9877
31.5520
32.2131
27.5797
31.1093
33.4005
37.0777
37.1083
38.0949
29.1745
30.9332
28.6794
29.5178
34.1342
32.4479
34.1263
32.7491
31.9747
29.6572
31.0969
32.8992
32.5263
29.4449
31.7589
31.0707
28.3519
27.7592
33.7321
32.1868
28.8399
27.6307
29.9522
32.3498
29.8319
30.2334
30.0181
31.4968
34.0169
29.8479
29.1772
31.6158
27.3294
25.8157
31.7132
32.3990
35.2040
34.7385
34.5347
28.3479
29.5507
29.6630
26.9408
30.2285
27.4758
28.2783
38.9742
34.7014
30.1154
29.1771
31.4197
28.7051
32.3356
33.0760
32.3120
30.9296
29.2359
29.7488
31.4260
29.0995
27.3501
28.9807
27.4003
30.5366
30.7456
30.8593
36.0415
28.7098
32.4819
35.5561
32.1860
30.0597
32.4477
31.3051
38.3869
29.0853
34.1659
32.4031
30.0330
29.5650
25.9345
32.1860
33.1074
29.0227
27.5508
28.2416
28.7602
28.2008
30.9814
28.2833
28.0991
33.7740
32.3250
28.8403
26.4652
28.1295
31.1449
26.4588
27.1343
26.8238
31.5180
28.6929
28.9879
27.2238
34.5455
31.9951
30.1270
26.4055
26.1447
29.5167
31.6068
29.4353
30.4632
36.6896
33.2353
30.4743
31.6363
31.7466
28.8240
31.0949
31.4450
30.0852
28.1954
28.5915
31.3862
29.7885
25.9502
27.4755
27.8404
30.4689
29.8306
30.5518
25.2255
26.7800
27.4595
26.8069
36.7237
34.1251
27.3403
30.2254
28.3935
30.6856
29.6793
30.9079
27.1119
30.3238
34.4205
30.7327
28.7382
29.1637
33.8398
33.8717
28.5567
28.5110
27.3420
29.7136
27.0586
29.3236
32.0488
31.7501
27.5143
28.1280
29.0747
26.8165
26.1512
25.9484
27.5061
31.9997
29.5158
27.4991
30.4954
29.2944
26.5812
30.8761
26.9953
25.7094
28.3356
29.0184
26.3768
27.8216
28.5669
29.4494
25.8125
28.2011
33.1685
33.2164
30.4751
33.4301
28.6924
25.4583
25.0548
24.5315
26.8610
25.4013
27.5824
28.1031
31.5022
27.3538
25.9514
27.4592
29.4961
31.9573
33.9574
26.7649
36.9449
34.6938
30.1582
32.9781
34.5709
32.1884
32.2905
26.5844
27.9851
28.8244
23.6314
27.3812
28.2533
26.8373
32.3157
28.6426
27.4498
27.0457
30.1051
29.6987
29.5463
27.6921
26.5910
26.4981
27.9236
25.2496
26.7881
24.1736
24.6303
29.8925
31.9270
29.4585
28.4337
33.3917
28.2819
26.0455
34.8117
25.4847
28.2473
31.7020
28.5359
30.7234
29.2782
30.1541
30.3877
28.9375
27.9374
27.2470
28.6192
27.0634
32.3063
31.2278
29.4448
33.7044
28.0886
27.5365
28.8020
31.8552
27.8272
27.4411
31.1671
29.0906
36.3323
31.8826
31.0137
31.1385
29.8757
31.1958
31.4677
30.9466
27.6605
27.4073
30.2787
28.8755
28.6983
39.1995
25.8769
31.3679
28.4207
34.7096
34.2945
29.8857
25.8988
27.8700
25.8476
25.9988
27.1152
33.3395
35.4848
30.4387
32.4281
38.7805
29.5439
30.7232
35.6786
28.5461
29.8891
26.7499
29.3348
31.8446
29.2304
24.9527
26.9201
29.6021
30.0633
29.5660
30.2675
31.6037
37.9555
27.3670
35.2025
27.1699
30.8017
32.1195
32.9846
30.7223
36.4165
34.9232
31.3443
28.6705
26.6839
26.2452
30.2150
35.1428
35.5481
28.6345
37.6273
28.3197
29.6871
29.4760
33.9076
31.2389
32.1616
26.0859
29.1378
29.3750
27.1479
28.1354
25.0632
29.0123
27.0763
28.4849
29.8629
30.0546
28.8922
32.4566
35.1784
39.7474
35.4179
35.4881
37.2492
39.2326
31.4683
30.8014
32.4851
36.9505
38.3805
32.4679
32.4661
30.1141
28.2671
33.9294
35.7227
30.8625
34.2693
32.2035
40.8818
32.5694
28.3112
32.7592
26.4878
28.9881
29.8952
34.1415
28.5689
34.8403
29.4987
28.7696
32.7158
31.5578
36.7671
26.9943
31.2432
27.8425
30.8838
32.8833
29.8007
28.4086
28.6883
29.3043
28.3416
27.7090
31.2762
27.9621
27.7469
33.8699
33.8597
31.0589
32.8066
33.0884
35.4801
28.3917
26.8554
38.3141
34.2003
30.5472
30.4185
29.4234
28.5659
35.1363
33.4629
33.6844
30.9673
30.7692
26.5855
29.4572
35.0509
34.7405
30.2263
32.0432
31.4149
33.1944
32.6770
30.4975
30.9908
33.1450
31.8895
30.8034
32.9032
30.4182
35.4942
32.8567
27.0904
27.3391
27.8636
26.5760
28.2106
27.1043
29.8452
32.7503
29.7995
35.2321
33.3674
32.9628
30.5013
33.5508
29.8532
31.3187
29.3919
27.3447
30.4660
26.7077
26.4505
27.6016
28.4723
28.3603
28.8542
31.1067
34.2634
29.8947
36.9793
39.0762
30.4310
33.3849
27.5503
30.0966
29.7031
31.6463
28.8039
31.5043
28.6438
30.4475
29.4804
33.8900
35.0478
36.8534
33.1426
30.2361
28.9885
28.1550
31.4124
29.6477
30.9600
36.2500
30.7625
35.4704
32.0397
30.9268
31.6050
28.7921
33.0534
28.1643
25.6424
27.4271
29.0464
31.4847
29.9332
32.8175
33.5759
34.4833
30.7502
31.2336
31.4080
33.1372
30.5154
33.2187
36.8047
29.5376
37.2376
32.1025
34.8879
27.2422
29.5711
30.3779
33.4466
29.6090
32.6428
31.8150
29.3467
32.0342
36.7513
37.8160
36.7049
27.5218
32.1530
27.0312
28.6894
25.8621
28.3067
25.4041
28.0611
26.0213
33.7907
31.0987
29.7060
30.5476
31.5186
26.7024
24.6946
27.7783
26.5357
26.6613
27.7855
27.1694
30.7243
28.9149
28.7523
30.0273
30.0897
29.9701
27.1603
31.0231
31.1747
26.2283
30.1767
26.4686
29.1839
33.3066
28.3709
31.5800
30.2433
26.5094
30.6268
27.1418
30.2167
33.1399
31.0416
31.1422
27.4761
30.7344
32.9110
29.9849
29.3882
30.2492
27.9923
31.4770
28.4019
28.0599
31.8480
33.0864
29.3645
25.5757
27.7373
31.0486
27.0523
34.9512
28.8482
31.0204
26.9980
27.6909
25.1420
29.5895
31.1066
29.2910
28.4015
25.5549
29.7732
31.1375
31.2830
30.2714
28.5657
30.8607
27.6236
27.2119
28.2753
25.3504
26.5606
29.7146
28.7182
26.3801
27.3333
26.6895
25.3911
31.0959
30.4587
32.5330
27.8229
33.8534
30.8557
26.9647
27.4703
28.8952
31.8543
34.3635
27.3451
30.4396
27.8068
30.9167
30.5401
33.4947
27.8733
26.0717
25.7182
23.9128
24.4726
24.1049
29.8797
26.5844
29.8491
28.6882
27.8210
27.5144
28.4427
27.6912
27.2064
28.9691
26.5337
32.2618
26.0660
30.8811
26.8377
29.7009
25.7917
28.6139
24.6599
25.4894
26.2532
28.0044
31.7250
27.9702
28.0988
27.4037
28.3941
26.5672
26.5417
29.5782
26.4036
27.6671
26.0688
26.7226
28.8271
24.6295
30.2579
26.7604
25.7550
26.0839
25.5175
28.2532
30.0001
26.1630
34.9697
28.7711
28.1789
29.4631
27.1889
25.2280
28.2636
30.6697
29.8399
26.7012
26.3244
27.8138
23.8651
27.7762
29.8096
27.6537
25.4410
26.4336
28.5840
30.4201
26.9775
24.4751
25.4159
24.4206
27.4003
27.6969
26.8953
27.8328
26.1739
30.3753
25.8746
32.3389
32.3797
29.8391
32.5831
33.4219
27.6647
29.8858
31.8642
29.0002
27.9376
27.6125
35.9029
30.6324
25.3868
25.9403
29.3673
30.0705
26.0821
27.0552
27.0486
27.0299
32.4421
31.8153
29.2268
34.6397
39.4542
30.5501
31.8129
30.6329
30.0678
29.1074
29.2668
29.9568
27.2142
28.8284
28.5002
25.4624
25.5360
28.9156
27.2615
32.7286
35.2635
32.7489
35.3747
28.4782
26.6685
27.1277
26.2870
25.1162
26.9071
27.5994
28.3150
28.5081
28.7007
26.7495
28.1097
28.1351
27.2705
33.4600
32.2975
31.4596
29.2122
31.1567
32.8735
31.0044
32.9121
31.1683
36.7422
32.3000
30.3995
29.1596
31.0030
29.7090
30.6819
32.1149
33.8461
36.7911
27.8119
31.5329
40.4125
33.7602
36.2534
32.0360
32.6007
29.4434
29.2781
30.1281
27.5833
26.9076
28.5599
28.5450
28.0766
26.3016
27.1438
26.0091
25.4578
31.4816
28.9671
27.1955
27.0798
34.3034
32.5459
25.9199
30.7874
31.0319
30.3581
29.2192
26.2851
24.3397
25.3137
24.9761
25.7949
27.1253
25.2861
28.0113
30.9446
31.8681
31.3427
28.5155
25.9854
24.0378
24.0680
30.1132
23.6415
25.6793
27.8214
31.3115
33.7172
29.5477
28.6842
27.0821
37.0269
34.9790
27.7850
27.4857
33.3454
27.5147
28.5710
30.3059
32.2136
32.7730
30.6312
29.7551
34.3253
32.4150
32.7034
30.8849
27.0056
29.6818
28.7777
39.8967
28.0588
27.8341
27.3414
26.9934
33.6927
36.5490
32.9140
35.1290
31.9024
33.9358
30.4689
32.4776
35.9815
26.6244
28.5466
31.0782
26.2355
31.5021
33.1207
32.3220
32.6925
38.1874
35.8374
33.0740
28.8914
26.5472
24.9723
34.3051
33.2182
27.8939
25.7197
35.7412
29.7705
27.1526
28.3265
27.4428
32.8432
32.1069
31.9830
31.0935
29.4356
29.5465
31.6745
26.0560
26.1266
26.5998
30.4525
32.4398
28.8587
26.7389
30.9520
31.9464
36.8315
36.4350
34.7878
34.0229
31.8087
31.0811
34.6334
33.2639
29.8741
30.1797
32.9451
31.2494
28.8388
31.6587
28.9375
28.6647
30.4480
30.6124
32.5402
31.7396
32.2499
32.6200
30.4000
34.6581
31.6038
32.2088
34.2831
32.6433
28.6140
27.0138
24.2196
25.6348
25.4302
25.9134
25.6648
29.0633
29.3401
24.7869
25.4452
29.3630
32.0144
33.8121
33.5128
30.2104
27.7138
31.1392
28.6566
34.9718
37.0109
30.1930
34.1087
27.9895
36.8630
34.9843
33.3396
31.6709
30.4097
29.9854
27.2743
32.5191
32.6227
29.4922
27.2410
31.2812
29.0836
28.6813
28.6873
31.4020
29.7021
31.5854
30.2191
27.7315
26.7703
34.9959
32.6339
29.8031
35.0139
33.8770
32.5904
33.0361
30.4601
28.6943
33.7628
32.2086
29.2483
26.5316
27.8538
26.1713
27.5966
28.7551
30.0791
26.3481
27.4042
26.7972
29.2762
28.8969
29.8363
31.7468
30.0703
28.6366
30.8933
27.3573
31.2567
29.5429
26.8487
28.8741
26.7318
27.5105
32.2984
29.9836
28.4114
28.5077
31.1466
27.8103
28.5803
27.1136
28.6470
29.4781
31.5573
37.4966
33.1697
37.6222
34.1774
29.9857
36.3747
33.5953
28.3661
29.6541
26.4508
25.9624
26.5962
30.7442
29.9145
34.9865
27.8112
29.3674
29.3664
31.1177
22.8775
23.8864
24.5494
26.9014
22.8531
24.1286
26.3539
32.9662
27.1950
26.7979
24.0489
35.1755
32.0957
32.1273
26.8402
25.4862
27.0011
27.2947
24.1156
23.4730
24.3498
25.5757
26.4028
23.5584
24.5253
25.9226
28.0363
31.7515
32.0381
31.2928
32.2141
35.1430
27.2253
32.7898
34.7217
30.7446
29.3951
35.2318
29.1078
36.2471
32.2682
26.4287
32.4605
37.4472
34.1929
28.1730
34.3670
30.7526
29.1516
30.6106
27.4798
35.0281
30.9712
27.2429
28.5999
33.2567
33.2636
34.4286
27.3449
27.0535
25.5505
27.9139
28.5091
28.3841
32.4284
29.4353
32.3595
29.5809
31.6978
26.3393
27.8590
27.2000
31.9277
29.3054
29.9099
29.6347
36.5526
28.7581
39.8084
33.8880
32.6587
26.4692
30.7737
37.0757
29.3002
29.5240
29.0492
33.6604
33.2714
37.1170
32.8579
30.2069
33.5046
37.5229
30.6512
29.6842
31.6516
25.7696
26.8700
33.0226
30.2322
28.8177
33.1687
34.0212
33.1915
30.3478
30.3975
25.8581
28.0455
27.6913
36.6093
32.4950
33.0085
25.5957
28.5646
31.0607
32.9810
32.6568
39.6409
38.0857
35.4413
33.3753
29.3825
26.9120
32.1916
30.5897
34.6012
29.9391
25.4269
29.0584
33.0795
29.4309
32.7326
30.7924
30.2846
37.4333
29.7592
30.3308
39.9649
28.8639
30.0340
33.1605
28.9055
30.9798
28.7274
31.6277
34.9885
35.7147
32.1504
38.6095
36.4508
36.6389
38.7417
39.3165
31.2021
33.0904
32.3154
32.6155
30.1568
39.6360
43.1888
37.4273
32.7064
34.3371
31.1183
28.2184
30.1857
28.4265
27.0904
28.3437
27.4244
29.8012
30.6273
27.0857
34.6623
29.4103
28.9075
28.6582
29.8580
31.7910
29.6535
31.6994
28.8707
29.3645
28.6448
33.7802
34.8946
34.1482
26.2771
26.5836
32.5818
31.5147
29.9577
32.4751
29.1986
28.3614
32.4049
30.8618
35.3570
35.5430
30.0129
28.5637
33.0710
41.1586
37.8617
33.7228
33.0144
36.0983
30.1261
43.7502
40.4880
39.0662
34.4164
32.2884
27.6179
29.2009
33.1395
34.5856
37.4411
34.0018
32.9181
32.3784
26.4544
34.5924
35.6498
34.7542
31.7197
32.4340
33.7022
32.0680
30.0927
32.7931
29.1314
29.3276
31.7101
28.3114
32.2602
27.0687
28.9211
30.2665
27.5338
26.9305
33.9738
33.2551
30.0119
25.2593
30.4403
28.8174
30.2205
29.1041
28.3550
34.0702
29.2737
28.0408
30.2656
28.8344
36.0314
32.1820
28.8218
29.8454
32.9230
29.1924
27.0672
27.9754
26.5582
26.5593
26.8978
24.9191
25.5349
26.2467
25.4605
27.9211
30.4831
29.2007
33.1702
32.0389
35.3364
29.2692
27.7426
27.9737
27.5431
36.6635
34.9576
28.8916
26.2145
30.4981
30.4063
28.4822
28.4245
29.4913
32.2661
31.7130
30.1845
31.3087
33.4671
34.9186
30.0858
28.7289
27.3770
31.3817
33.4424
29.1113
32.5829
36.5279
29.3213
30.1919
28.2982
32.0499
30.5646
31.1170
34.7568
32.2594
30.1691
27.0594
33.5329
33.4960
30.3739
30.2484
36.0246
25.4980
32.0561
34.4768
28.3120
29.1154
32.3353
33.3388
26.3111
24.5506
25.8004
29.4186
25.3691
24.8132
27.9329
23.7380
29.0047
29.6426
26.8901
28.0517
27.0987
29.4765
29.6342
29.7181
30.2029
29.4366
27.2004
29.7482
30.6064
31.3673
35.3385
31.3573
36.7262
34.6669
31.6361
27.8253
31.3851
34.0897
34.0165
32.5093
29.0298
27.2051
34.4037
27.3238
26.4299
32.8215
31.8466
30.6672
27.7514
35.9012
26.5335
31.6913
28.0396
25.7378
24.8725
30.8090
28.3763
30.5401
29.0604
31.7036
30.2641
28.7861
27.8805
32.5942
31.9941
34.3309
30.7352
29.3948
31.6266
28.0919
25.1505
25.3506
29.5823
35.0053
30.4051
32.7348
32.1685
34.5304
30.1210
28.5639
31.4733
28.1388
33.0552
34.0308
30.4122
32.9291
29.9282
34.0279
33.4320
27.2528
29.5096
29.9601
33.1763
33.1287
29.0266
33.3357
32.1919
32.0376
30.0779
30.5371
25.3550
27.7868
29.7491
29.4806
28.8274
27.2900
26.8428
27.1681
30.6834
29.9278
28.6501
27.7680
32.3700
29.7963
32.0133
33.2878
34.1640
31.2601
32.1153
30.5884
28.8386
31.6035
30.9158
34.2392
32.7781
29.0624
30.4572
36.3321
25.6227
34.1272
32.2290
36.1819
34.5957
28.7026
30.3400
29.7560
30.8799
28.3135
31.8884
33.4997
31.0738
34.8547
36.8284
31.6132
25.8757
28.9611
37.4695
30.9629
29.7938
26.3432
29.1818
30.1486
31.8940
29.6925
27.5656
28.7598
31.9300
28.2230
28.6566
28.7703
34.7496
27.8580
29.4567
30.0249
26.8380
26.5003
27.6433
28.3026
32.0410
28.1652
27.5586
33.8044
31.3704
26.3113
24.7538
26.3630
26.6288
27.6113
29.6979
29.0195
27.8956
30.0301
25.0017
29.3033
27.4071
31.5148
35.3982
32.2412
43.7892
31.6303
39.5070
35.0795
30.9746
36.3146
27.6068
32.3518
36.9553
43.3389
33.2095
26.8891
29.1397
28.7968
31.1592
29.9984
33.1976
27.8084
29.4636
28.1225
25.1622
25.0419
28.0101
25.3138
27.9591
28.3310
27.3076
25.2203
25.2649
30.0103
25.6127
25.5380
25.4265
27.9654
25.9884
26.4771
27.1879
34.2496
42.4753
38.4004
32.4784
35.3022
32.0072
34.0277
31.8487
34.6704
30.3561
30.1878
32.8249
28.3576
32.7465
34.5626
30.8925
36.9637
31.7374
32.7103
36.4168
28.9645
28.6894
32.4083
31.4411
27.6088
26.4700
28.0098
31.0953
32.2247
36.7169
29.9740
34.1142
32.8128
32.5973
32.7008
35.0492
31.7741
33.7159
29.8286
28.7685
28.5988
30.6567
32.2749
34.0533
36.8166
32.9757
29.1837
28.9813
27.5881
27.3345
27.1080
29.6787
25.4525
27.9102
29.1939
28.7343
30.3464
34.7190
31.5908
31.5706
33.1716
29.9111
28.2174
28.2081
31.1389
31.3012
28.2713
30.2250
30.9758
29.6553
29.4632
30.2769
26.7131
24.5361
27.9770
27.6028
27.8171
32.8069
26.7778
31.6725
28.5412
31.4080
30.2930
27.3356
27.2760
32.0270
32.5696
42.1944
27.6350
29.2839
27.5947
34.3998
27.3747
28.8048
34.0416
28.9863
31.1377
32.9291
29.9981
29.6226
26.7882
28.5561
30.0353
33.1513
31.8169
37.4599
28.8226
28.2471
32.7714
26.4917
32.6098
33.8779
27.7673
33.8588
29.0462
27.5486
25.4574
31.7802
34.6559
29.6550
28.5216
30.8985
34.4495
27.7319
29.1704
28.6271
29.9754
33.3161
33.5103
28.8996
26.9703
25.2070
27.0231
26.9501
26.8765
34.2962
28.0699
31.7981
26.5662
30.4725
27.9421
25.5744
26.9721
28.2579
27.7614
34.7452
28.6221
25.0169
28.2188
29.5591
29.4257
26.8252
32.0294
27.2826
28.9564
31.1338
27.8197
28.6762
33.0674
27.9922
28.3080
29.2382
31.5734
28.1490
30.0783
34.7857
38.0634
36.4391
29.3889
30.4905
33.4863
31.7974
34.6558
32.4566
37.5905
37.2135
32.0083
35.8405
29.6069
31.4210
29.8717
27.7520
29.6603
26.9382
27.6930
29.7867
28.0928
28.5930
26.2016
28.0221
25.5868
26.5906
31.7266
34.7676
30.1511
30.5745
31.3073
30.7111
32.2172
33.6078
33.4303
35.4482
31.9064
26.3032
28.2989
26.1893
26.0369
31.2214
32.5511
31.9833
29.8186
26.5394
30.1129
29.8591
26.7941
27.5294
25.9540
24.5387
27.4205
26.3212
24.1126
26.0489
28.7530
29.3965
30.1343
29.3478
31.4255
27.8427
32.9567
26.0467
24.7509
33.9761
35.6802
28.4169
32.1860
30.2956
32.0945
34.4594
31.8550
32.0943
31.6305
29.9715
29.8796
34.2386
31.8064
25.3482
32.7783
32.1517
29.8177
28.3649
29.4693
26.6646
27.6967
25.6844
30.9350
31.0642
27.9851
29.0734
27.9777
33.8544
32.8812
32.8309
28.5845
31.7913
39.0908
29.4057
27.1465
31.0391
33.3368
29.0713
30.1433
31.8165
35.2747
34.2565
28.4847
35.4300
30.4723
32.8180
30.6759
28.8743
29.8930
30.1680
25.4297
24.2070
31.4919
29.8004
26.0472
28.4455
27.2788
27.7135
27.3271
27.8727
28.5256
27.1408
27.3785
27.9596
30.6349
31.0752
25.5193
25.9904
27.4235
27.4349
28.2817
26.7706
28.1292
27.4536
26.3916
27.3286
31.2464
25.7240
28.5787
28.3655
27.5884
27.6613
29.3853
29.0796
34.8837
29.7244
34.5878
28.5202
30.7426
32.3981
32.8458
30.3926
30.0086
35.5463
37.2759
31.4069
31.5836
31.5303
28.0071
27.2071
24.9911
25.9416
27.2769
27.4878
27.1597
25.4585
24.7728
24.4013
24.9663
24.8256
27.9021
26.1312
27.1068
29.4838
29.9373
27.6397
29.5657
31.0166
26.9313
27.3895
30.8557
24.9012
27.3821
26.7444
30.2766
32.4750
37.4047
38.7225
29.8861
31.0523
30.0224
28.6730
26.4824
24.9492
27.2770
29.7157
25.3359
25.4887
26.2064
25.1267
23.6020
29.0228
25.7771
26.4235
28.1044
27.2761
30.2586
27.7765
27.1607
26.6483
30.0399
30.0808
25.1431
25.3118
25.1737
28.2078
25.7950
26.0131
28.3322
25.8051
28.7234
26.0049
25.6754
27.5902
28.3177
27.7419
26.6662
25.5924
24.2887
26.2785
29.4603
27.3012
25.8609
27.6590
27.2432
27.3839
33.3757
32.7272
27.5126
31.3690
29.0846
27.5514
30.7883
31.3515
32.2931
32.0091
25.4953
28.3361
28.0562
35.9698
28.3928
29.0628
30.7349
31.5073
25.2803
25.8795
26.4780
35.9164
33.2457
42.3300
28.3438
30.3176
25.6198
25.4022
29.1462
29.1403
31.2567
35.8032
32.1591
29.3873
29.8426
30.2934
26.8319
29.3204
38.8767
26.5866
24.8694
37.3514
28.8220
27.9081
30.7678
26.8795
26.9488
30.2943
27.1693
26.8749
27.0320
28.3793
27.5797
25.9708
26.1147
26.6196
26.6456
26.3672
31.6021
30.2371
30.0369
27.7334
29.9924
26.6649
29.5230
27.0113
24.3953
25.0009
28.0013
30.2809
28.3096
29.4335
30.2193
26.9558
30.9113
31.9726
34.2326
29.9697
26.4233
27.2246
24.9195
28.4019
25.7859
26.9296
27.4541
25.8932
28.1779
25.5191
24.4441
24.8841
23.5135
24.0891
23.2864
25.8463
24.5591
26.2926
26.9766
25.5092
26.2775
28.8369
26.0106
29.0980
29.0353
27.4219
26.9487
27.3346
24.7624
26.9429
27.1784
27.2313
28.8224
31.0322
30.1252
29.4560
31.2974
31.9540
32.6618
29.5429
30.0362
29.4677
30.1834
31.9146
31.2092
31.0828
28.7123
30.8297
28.9343
29.2109
28.5536
28.9685
26.1236
35.0446
30.0042
26.5092
36.1911
32.1911
27.2943
27.8928
27.6490
25.0511
28.9986
26.6974
26.5435
26.3555
29.9255
29.3275
33.1979
29.5760
33.2172
32.4158
31.9815
36.5077
33.3383
34.3373
34.5918
41.1978
34.0415
37.8570
25.0508
28.3857
28.5513
30.0135
35.3559
30.2326
31.5084
30.5324
32.3260
32.2588
32.4888
30.9217
34.1762
29.1833
31.2586
26.8215
28.6828
31.1698
32.3582
29.2738
29.3135
30.9513
30.0527
28.5818
25.1662
30.9214
37.9482
36.1407
34.9206
36.8660
38.0596
33.1348
31.5524
30.6362
30.4604
33.3638
25.2680
24.5674
31.2222
29.2501
29.5192
30.2854
26.5631
27.0119
28.7601
29.2830
32.0656
30.0868
30.1414
28.4032
28.0206
34.2268
25.7866
25.6297
28.2922
27.4756
27.1058
25.1785
24.4809
31.2350
29.4742
33.0671
35.3450
30.8019
30.2387
33.5078
30.2340
29.6004
30.2198
30.6217
29.8886
29.5145
30.7870
30.1681
27.8449
30.7075
30.1165
28.6710
29.9703
36.8655
28.5743
29.5241
29.3378
25.9645
27.9942
27.8551
30.0227
30.1693
28.3935
26.0774
28.1389
29.0069
31.6346
28.9509
29.4494
28.7773
28.1891
31.4487
29.5506
27.7149
27.5851
27.1133
33.2934
27.1247
30.9101
24.2668
34.2268
29.7796
25.6162
29.2876
34.1102
27.4692
32.7263
29.8167
34.9065
26.5332
27.8369
27.2682
29.7277
27.7715
27.0266
28.0628
36.7013
30.2889
31.4766
29.1245
29.1528
25.5291
26.6886
27.9191
33.5547
27.3707
27.4115
27.5963
28.8120
31.4688
30.5616
26.7072
24.0419
29.6640
32.9138
31.4614
30.7022
31.0665
28.9201
33.0372
31.8735
28.0749
27.3925
28.9500
31.0682
34.3839
35.1069
32.3029
25.8685
31.9833
32.4835
31.0139
29.0649
26.6775
27.0984
27.4201
29.8139
27.9352
31.8444
29.4565
31.2105
25.3827
38.5195
46.5834
28.7345
27.4927
29.0288
25.9682
30.4552
29.8025
28.9247
26.8435
30.2167
32.6394
28.7025
32.0206
29.6380
25.8225
28.7059
35.5846
35.1578
30.4204
36.6363
31.0315
35.7286
29.9879
33.0167
34.9496
33.7449
30.3088
33.4021
29.4228
32.9504
34.0446
30.5285
33.0404
27.7611
29.3230
30.7507
32.6446
33.9541
29.2698
31.6543
30.0945
26.0882
30.5974
31.1498
31.1849
26.1348
28.3483
28.7164
25.6734
24.5134
26.6124
27.6282
27.6750
27.6397
25.0847
25.0099
24.9561
28.1323
32.9597
31.9658
32.8998
31.0257
32.5436
30.0748
33.1300
32.9566
27.9285
30.2191
32.9028
29.8444
29.5262
30.3349
30.4506
27.8325
30.7129
29.4194
33.3974
29.8500
28.2094
34.2406
27.7698
32.3342
31.6819
31.4459
31.1273
30.1513
32.5178
35.7909
26.7228
26.9902
29.6189
28.7582
28.9831
27.4279
26.0094
31.6061
33.0703
31.2994
29.2357
29.3565
26.6079
29.8653
32.5847
34.9370
27.7526
28.2571
28.2927
26.4917
29.0891
29.0653
32.3507
30.6334
28.6954
27.6419
24.1553
29.7011
31.9622
30.3427
27.0187
28.4744
30.5458
29.3566
30.0729
28.1713
29.3322
31.0060
28.0931
29.7947
31.4045
28.1763
27.6356
31.0567
30.9860
31.8339
29.4663
28.7480
32.5866
32.7854
31.8871
30.3925
28.4196
28.7696
31.6531
29.7005
26.9458
33.8418
34.1562
34.0251
38.5101
36.3777
32.2719
32.1834
37.5695
34.5818
26.6456
33.7412
36.5849
31.2560
31.1901
30.2638
31.2823
32.6843
27.2744
30.5267
35.0985
33.1263
33.2614
41.3346
44.2223
27.0754
27.0368
26.6147
29.6036
32.9580
26.0502
25.5865
28.6321
30.0517
26.5577
26.1101
25.5893
26.7383
28.1676
29.1261
28.3231
31.2944
28.6990
28.2460
35.0878
33.2090
36.9718
29.4420
34.3249
28.9854
28.3315
24.2618
28.2312
26.5392
31.1999
28.3751
30.4308
29.7826
28.0679
27.7981
28.2365
26.2414
31.4123
32.4254
28.5382
29.8791
31.1168
27.1999
26.2234
25.5375
27.4163
29.6325
30.3446
26.6495
28.1764
31.3636
33.9450
28.8113
35.8926
29.9169
29.6150
32.8598
31.8065
29.6112
31.0268
29.7594
36.8246
31.7622
35.0958
29.6182
33.4525
32.2338
28.7327
28.9780
32.3305
31.1681
34.3682
31.3330
26.6055
28.4010
29.7892
28.2972
27.5378
26.5727
26.1815
28.6292
28.4925
26.5720
26.7728
27.4399
29.3549
32.7726
29.6643
30.2661
31.1073
26.9996
29.3237
30.9473
30.7911
26.9068
29.5772
32.3974
31.5490
30.6525
26.9872
27.6603
30.1650
37.2123
36.6530
32.8416
34.4728
28.0515
30.0817
27.7654
29.4657
31.8362
31.7237
35.8908
27.7686
26.0734
28.4605
25.8761
25.4162
25.4544
25.7706
25.1530
28.0485
32.1830
29.8465
35.1895
29.6267
30.0065
37.0802
28.7648
33.6270
32.4419
34.0008
30.4499
29.0450
32.0003
32.4732
32.5215
33.0982
37.9793
33.5967
31.1735
32.2902
33.0077
27.4962
33.9611
26.7055
27.6700
27.9772
28.6785
27.7690
35.3045
39.2487
31.3516
34.2729
36.8767
26.8172
26.4790
29.4279
28.2589
32.8641
34.2562
31.9193
28.3509
35.4256
33.8839
30.6048
34.0405
30.7210
31.4677
28.3066
27.9662
27.1673
32.9311
29.3907
36.9721
32.9094
27.6728
35.0290
31.0417
31.9382
37.7262
27.9991
34.0467
28.8032
27.4088
26.8317
33.0604
29.9661
25.7383
32.4681
32.8747
26.5665
26.7298
33.7265
29.5205
30.0109
28.0341
27.4889
39.1605
34.1780
28.1398
29.6424
34.6381
38.5887
34.9212
27.8579
28.0273
35.4696
36.6852
31.2438
34.9966
37.2550
35.3702
31.1045
34.4069
37.3489
41.3487
36.3471
29.5750
29.8523
32.5968
31.9956
31.7468
26.4327
30.1670
30.4096
27.8032
34.6400
28.0342
30.4136
28.0747
27.6551
29.8433
25.6122
34.0563
33.3285
29.4037
27.0507
29.8271
30.6257
36.5386
29.0584
28.9280
24.6198
27.0576
30.5781
30.3136
29.1677
34.2859
29.6564
31.8842
29.6247
29.2598
30.1591
29.5574
30.8215
27.1083
29.3472
29.5836
27.4640
30.2949
27.1935
26.2198
30.2343
29.8239
31.5509
30.8275
30.4447
31.3212
32.4850
34.7714
27.9892
34.8866
32.0594
31.7037
29.5672
37.9653
34.7823
36.3823
30.5313
35.9129
36.7008
30.2071
30.0309
30.3456
41.1635
32.7086
31.5045
31.5143
31.3991
34.7176
32.2703
34.1422
34.1651
31.8883
30.8429
31.4122
26.9908
28.2597
32.7838
36.6771
27.5773
29.0485
26.2179
28.8993
28.3163
29.6711
32.9381
32.3969
32.7013
37.5078
32.1682
27.7079
32.0223
30.7265
33.4070
33.1654
33.9556
33.8450
31.7071
37.1983
38.2770
35.5771
31.7860
36.8280
32.6768
32.8742
33.1632
31.6509
32.7635
37.4633
33.4538
38.7124
24.3364
27.9738
27.8192
28.9866
30.0710
28.2938
28.7751
36.9886
29.2093
27.6305
30.1417
30.9327
32.6442
33.9277
30.1824
30.4699
35.2389
31.4333
34.9001
32.2479
30.6057
33.2352
29.7126
29.0015
30.5950
30.0432
34.7194
28.6881
30.3131
32.7330
32.2920
28.4426
30.5470
37.0099
31.1772
28.0171
33.5912
29.1948
29.2247
30.3677
27.8744
27.6043
25.3728
26.2936
27.0939
26.3352
28.5169
30.9150
33.4918
26.5680
31.5014
28.4816
29.7558
27.0929
26.1718
26.3939
25.2371
24.3767
29.5989
28.3674
31.0613
27.6113
29.9308
28.1245
30.1485
28.7166
31.2999
31.3810
29.6807
26.9755
29.4164
29.7304
29.1431
29.2978
28.8890
32.5844
29.9555
29.6083
31.1087
29.5367
31.3799
26.6120
27.0643
27.2842
28.0442
29.5575
28.8863
28.0369
30.7487
33.9002
28.2988
30.7252
29.0585
28.3084
30.0427
27.9443
26.3815
32.5782
28.2130
30.6679
32.8432
32.0527
33.9756
30.5928
35.2556
33.4613
33.0846
28.1668
32.6478
32.9083
29.0536
28.2324
26.6061
27.4021
31.1074
32.0651
28.3995
26.5601
28.0648
30.5383
31.8041
29.9340
47.9959
33.1140
33.7082
35.6522
44.1258
39.7324
29.5607
33.4325
27.6737
33.2063
37.2295
36.0373
33.6166
33.7128
33.1695
34.0404
24.4764
26.5777
26.8684
25.7633
27.3506
32.6017
28.0927
30.7532
28.9318
30.8407
36.0299
27.7161
28.0041
28.3649
28.5816
29.9175
29.4878
28.2039
27.2076
31.2429
37.7309
32.4936
28.0099
26.4700
28.2620
28.2117
27.5565
32.7288
34.7359
36.3849
36.7674
33.3517
32.1038
30.9707
37.1848
40.6393
33.1780
27.3235
29.9234
34.2063
31.3008
31.1448
29.2203
37.4865
31.2122
28.1505
33.6765
33.2151
34.1405
30.4664
34.0141
31.7922
26.2033
25.2959
29.6054
31.2260
34.8229
28.5359
26.1400
27.7654
29.7684
30.7964
33.3441
31.6637
25.2696
28.0150
27.1748
26.7980
28.8722
25.7082
30.4217
27.9764
31.4487
31.4496
29.6142
35.9287
26.7797
29.2134
29.4387
32.1420
32.2628
30.9920
31.9572
28.2612
34.4377
29.1044
32.1629
34.7807
41.4925
29.3299
29.6525
26.7850
32.1641
26.3319
27.1780
28.6976
28.2640
30.3353
28.2302
32.6716
26.1556
26.8923
26.8398
30.0022
26.4649
27.3404
27.2487
28.1981
31.1772
26.8046
35.5773
30.7870
35.8878
28.9011
34.4274
34.9637
30.6307
27.3505
32.3065
30.4365
31.9796
28.5239
40.2795
35.7822
31.0748
31.3928
31.3662
29.3089
29.3196
28.7934
30.5849
34.6943
29.8962
32.7385
30.9575
30.0561
27.8198
26.4712
30.4679
30.1061
29.2187
34.7469
33.0793
26.0576
36.5634
25.7813
28.9281
30.5544
30.0294
33.3438
37.2816
36.1945
27.2931
35.7171
27.4888
29.2221
34.0297
30.5312
28.3553
29.5519
32.5535
27.9211
31.4555
30.5421
30.4498
26.2312
28.8635
31.2194
29.1129
24.2585
26.6610
29.0702
30.6179
29.1831
26.8208
26.3954
28.0275
33.5613
31.8774
32.0699
30.0637
28.0939
32.0505
27.8114
33.1995
36.8454
34.6162
31.0108
31.3750
26.1855
30.1002
29.2908
26.9863
33.8915
28.6052
33.8286
27.8476
34.0914
32.6341
33.2021
31.5077
33.5536
27.5593
31.3692
26.4434
31.1750
30.5664
31.7863
27.8842
37.9998
29.4952
28.9120
29.7708
34.2613
29.0712
29.0614
26.1105
24.6649
26.0690
25.3371
26.9384
29.7594
41.4561
30.4406
27.5843
31.0066
29.4137
30.1667
29.7425
26.4262
27.5507
29.8905
30.1413
28.2322
26.2061
36.8521
36.0291
31.6935
28.8271
30.4437
29.9908
29.1905
28.8563
30.9359
28.5429
26.4636
29.7762
26.2248
30.9013
28.5338
28.8782
27.5886
32.9158
31.4744
32.1349
24.5124
25.2325
27.7080
26.3193
30.0760
27.4050
31.2911
31.4841
26.9983
31.1695
24.9343
26.9474
32.2630
30.9844
27.1809
28.8449
30.0287
30.8175
30.6796
32.3535
34.4895
32.5643
31.5852
31.9240
26.8900
24.6895
30.4624
26.7288
26.9070
23.0402
30.3957
33.8023
32.6802
30.0295
28.5845
30.7374
31.1943
27.5633
27.8410
25.2849
24.9560
27.7628
26.3374
28.0932
26.6605
27.6717
28.9393
26.6397
26.0677
26.4629
25.2136
24.5293
33.5022
30.5617
29.7556
27.9742
28.0399
24.3948
26.3571
30.8602
27.3763
31.2392
28.9412
28.8071
29.4379
36.5241
37.2555
43.8466
31.6703
28.4835
29.2329
28.0800
28.9342
29.9310
28.6397
27.7397
35.0411
32.5036
31.4105
29.2406
30.6692
30.7641
33.7200
31.1764
26.9295
31.2701
30.1074
33.8232
26.1885
28.0178
28.9255
26.9864
26.4843
26.7865
26.6837
27.8661
28.0273
34.3656
29.7207
34.0100
31.4143
29.3970
27.8883
29.7553
26.5567
30.1583
29.6577
30.7246
28.7139
32.3234
33.6902
29.9448
36.2207
32.1946
27.7660
33.2062
29.6401
28.0425
29.5262
28.8251
28.9147
27.8311
27.9613
30.8301
29.9793
27.3709
27.1196
26.5311
28.8799
27.4156
31.5948
28.7166
30.2195
30.0876
29.5609
34.3166
27.6230
29.3307
28.9093
28.9020
35.8863
27.7219
27.8410
27.9917
33.6450
29.1269
26.4709
25.5743
29.6044
27.5446
29.3474
28.5699
28.2953
30.4853
29.4615
32.1160
35.5212
30.5846
29.8285
29.3962
30.5507
30.9169
30.4698
28.1215
29.4433
30.5693
31.3746
30.4931
27.0025
27.2449
31.9754
27.4592
27.5785
28.3222
32.2795
27.7995
36.4978
27.7264
31.5168
29.3472
30.2447
32.9032
30.0026
29.2275
30.5828
27.6579
29.1074
28.5586
28.7521
26.0804
30.3147
29.1767
30.6520
29.4380
33.6748
33.4435
29.2563
34.4621
33.8802
27.9027
27.3136
31.4690
26.5935
31.3427
26.8548
26.9369
26.2836
28.4862
27.4907
25.4889
27.1231
25.6348
27.4619
35.2582
24.4197
26.6504
31.1723
34.0231
34.0744
28.4843
27.0928
25.6166
30.0158
29.1746
27.0217
25.0610
31.0559
31.7606
28.5665
29.8007
29.7286
30.9917
33.5616
32.0985
28.4838
31.0090
26.2040
30.9885
31.1054
35.1366
26.0985
28.0971
28.3242
29.0309
26.3541
26.7983
29.3482
31.0255
29.3091
33.5990
29.0217
35.7859
33.3753
31.6240
26.3754
31.8702
26.9368
26.2079
26.9429
25.4128
32.2024
28.6175
26.0457
27.7481
30.0738
29.6836
30.2484
26.5131
27.4766
25.2924
26.7916
26.9801
25.9837
25.5354
27.6572
27.7488
32.3882
27.6716
30.0635
28.3711
30.8985
29.9668
34.6160
31.0319
30.3232
27.0584
27.3177
28.4038
31.0778
28.7747
32.1553
29.0676
31.7812
35.7718
36.2343
29.8016
29.4986
28.8859
34.3374
30.6211
30.4495
31.3457
40.1940
36.6546
37.1950
35.3018
29.7900
29.5957
29.0680
33.7917
28.9125
29.5882
39.1218
26.1697
26.7225
28.6654
30.0210
26.8767
26.6762
30.2455
27.6593
31.3797
31.9499
30.3035
31.7617
31.6576
32.5340
29.5725
31.5414
30.9823
34.3022
31.7931
31.3547
32.8570
27.0346
31.4953
29.6102
25.1794
29.7943
32.0228
24.9091
26.3867
30.5239
28.1041
26.7497
26.8552
26.5743
25.8101
27.6678
31.2499
32.9653
27.3317
30.0788
35.7654
31.2054
29.3349
33.7859
32.7026
33.2650
32.7767
27.1115
27.9254
27.8261
29.4674
32.1289
26.9283
27.9706
27.9003
28.1348
26.4014
26.9254
28.7230
28.5003
28.2083
27.3664
28.2078
27.3321
28.3838
28.4098
31.1838
33.7454
33.8297
30.1383
30.8822
29.1308
29.1355
30.2840
27.8389
27.7712
26.9119
27.8868
27.4849
30.5226
32.3322
33.3454
34.5483
28.9783
28.4155
34.9660
28.8794
30.2222
32.9769
27.8833
28.9695
33.2790
30.3345
28.5829
27.0883
27.9849
27.6481
25.9729
28.4167
26.6010
30.8683
30.0727
30.0925
28.2482
27.1345
26.2214
26.9787
28.6196
33.2121
29.0828
31.1559
28.0468
28.9005
29.5763
32.0996
30.2584
29.6028
30.8864
30.3976
32.1466
28.3491
32.2350
31.2496
30.7270
31.3127
31.4999
28.7065
28.1481
29.2118
31.5019
30.4076
32.1227
32.0211
33.3531
30.9686
36.0091
29.8923
32.3015
35.6269
29.8750
33.3945
31.6871
32.2292
31.1720
28.4669
29.6208
27.2283
30.4532
27.7836
32.1002
29.6824
31.3879
26.8651
26.8834
24.7174
31.6448
28.7345
29.7984
31.6453
30.6456
34.9137
35.4411
29.8022
29.8265
29.6634
29.0149
27.8447
26.4428
24.4183
25.0716
33.3876
27.9195
26.2176
28.9183
33.4983
30.1304
26.2443
29.5508
35.3110
31.0484
32.6119
28.1799
27.9566
29.0511
31.5207
27.0798
32.0207
27.6953
31.3831
27.6883
28.3213
28.3240
25.0400
25.0439
30.0425
28.1599
31.6991
34.1520
35.7671
34.7881
37.0037
37.6036
32.6729
29.8339
25.8998
26.2287
28.8384
28.5779
30.0675
27.0509
27.2811
31.2760
30.0549
37.9126
29.2353
29.9773
35.9865
35.2443
35.8753
38.0157
37.1180
36.8189
34.1390
38.2675
29.5479
35.9496
29.6945
28.9165
40.5979
29.9096
30.4131
30.6361
32.0319
31.5770
33.2662
30.4710
25.6728
28.4241
28.2643
27.6710
30.3673
26.4693
30.0019
30.8967
28.2848
31.8581
28.6123
26.3915
30.6337
31.5151
29.0961
32.8314
31.0454
28.8350
29.8888
33.7824
28.1775
35.9483
30.8847
35.5968
32.9484
33.3241
31.5536
34.2968
36.2331
38.5547
38.9676
36.5987
32.0649
33.9930
27.8296
34.7372
31.1197
31.7325
31.2588
30.8443
26.5747
29.7876
32.7612
32.6970
33.2326
28.8965
31.6265
30.8519
27.3342
29.7483
33.2710
30.9301
33.5932
32.9945
32.6394
31.4554
35.8423
30.7635
26.8634
28.5483
30.6310
26.7516
31.8868
28.4483
29.2016
30.3528
31.0016
30.0710
38.4149
29.4044
32.9267
28.2204
34.8661
31.8412
27.0130
26.3497
34.6015
35.9763
30.3547
33.1440
30.5350
31.3037
31.5769
29.1647
26.8836
30.0848
30.8218
28.4208
31.3250
27.9702
30.9108
30.6241
29.4293
34.7036
33.8701
28.1684
34.0729
30.0755
29.2911
26.4011
27.6992
30.2696
30.4076
30.7940
34.2648
31.3256
30.5976
34.3987
28.8303
30.3540
34.2612
25.7134
29.8512
24.4220
29.0951
31.5345
31.4061
30.5452
31.1598
31.4569
29.1863
35.2509
30.4932
31.8104
30.5425
31.2360
30.4497
28.6195
30.2039
29.0468
33.9015
29.7956
28.0581
29.8922
28.4283
33.1424
34.1710
39.3695
32.5216
30.9255
38.2365
33.6867
27.4606
32.1607
34.7449
26.8747
29.1705
32.3676
27.9396
28.7682
32.9869
32.9826
31.3254
30.6825
31.2688
30.8696
31.8103
32.1912
30.6156
26.6161
33.0109
26.0737
25.0527
30.0780
27.8220
29.7013
27.9843
27.6704
25.4398
27.9187
24.6436
26.2190
27.3997
28.7515
33.0977
29.1504
28.2091
33.3451
35.8408
31.9206
27.8839
29.6593
25.3287
27.9920
30.6967
32.3923
28.7766
32.3478
24.3186
31.1824
27.2274
26.8613
29.8777
31.3846
28.7417
29.2742
35.5805
28.5436
27.5463
28.2089
36.4400
32.9453
36.3242
34.1534
34.9347
35.3599
33.2431
38.7963
26.4121
29.2324
37.4298
32.3588
28.4114
31.8302
26.3164
24.4622
32.2489
32.4580
30.3486
29.1141
27.1959
28.5943
32.1843
29.6220
31.7320
27.3615
29.7245
34.0107
32.6491
31.9720
28.0460
28.6552
25.2613
24.1076
28.4960
24.6232
31.6856
26.6939
30.5491
25.9567
28.0199
27.4239
27.4813
27.7485
27.9222
31.4040
28.0691
26.7150
27.6455
27.5017
27.2046
27.1136
26.7348
28.0454
29.4962
27.9008
28.0615
33.6742
30.0659
32.9383
33.9842
29.9363
29.4211
32.7338
29.3969
28.9362
33.9333
30.8214
26.6221
26.2567
25.9473
24.0049
29.9137
32.4476
27.6166
27.2097
29.6424
24.1995
25.5824
31.1295
35.7753
34.7352
39.2067
33.9472
35.6799
32.8841
33.9125
31.4033
39.2173
33.7737
36.1455
39.0614
29.4240
35.0767
33.3211
25.5279
29.4751
35.1802
29.5247
29.1493
33.5035
33.7263
32.3195
30.3676
28.2150
31.5925
28.3965
26.0425
27.3212
29.6485
31.5801
25.0885
28.5481
28.5493
29.3326
32.0436
32.0959
33.7846
32.4548
28.2285
25.8936
31.4974
28.4573
26.3143
28.4954
28.5220
30.5830
30.8560
33.7539
29.3241
28.5250
27.2150
28.1788
27.9432
27.7426
26.5820
25.3271
27.1603
26.6811
27.5155
28.2995
30.0016
25.4169
30.5159
28.2035
26.2250
27.9888
27.9733
31.1996
29.4386
31.2052
27.8158
27.4137
27.8101
28.6326
26.0115
29.9922
27.1419
29.0713
28.3842
30.8836
32.6063
32.0298
29.0763
33.6111
40.9704
36.3333
34.8580
29.9044
30.2086
34.6836
32.7820
33.1791
35.4800
28.5717
26.9879
29.7109
28.9368
34.7214
28.1566
32.2945
32.7289
36.8893
35.9885
34.4034
37.1586
27.3164
29.5743
35.2129
32.9058
32.2659
33.6766
30.0552
35.3964
29.0255
31.4350
31.8044
35.4904
34.8576
35.7824
34.2391
33.8231
38.1578
29.7946
32.4674
31.3796
34.6122
39.8188
37.8656
36.8728
38.6874
32.3999
33.0094
37.5111
31.9308
37.5066
36.7743
35.2234
37.0155
36.4335
37.9083
37.2058
39.2896
34.3805
27.6798
32.5025
32.0279
35.4227
36.2836
32.8362
33.3003
35.5440
30.9508
29.9607
35.9411
28.0796
30.5151
34.4043
28.0542
31.4492
29.0785
33.5940
32.1480
34.0590
34.6959
32.6111
37.8280
33.3837
32.0054
24.7276
26.5362
29.8124
27.7883
26.8155
28.4182
31.1587
29.7579
32.3480
28.0782
28.8465
30.1522
27.2348
29.9355
28.7556
29.7322
33.7062
42.1242
29.7057
33.1880
26.3542
26.8462
26.9787
26.9280
29.2469
29.8939
33.3916
30.6288
27.2245
28.3913
31.8101
25.3382
28.3649
33.3705
36.7542
27.3448
26.0457
27.3582
28.5782
26.7378
24.4178
26.2007
28.8895
27.0832
28.3638
30.4794
25.1204
26.4473
27.8670
31.0342
32.2066
32.9623
38.6551
33.6507
36.0730
33.1942
29.1275
31.5239
29.1448
32.9666
31.4710
27.2761
25.7060
26.7115
26.5101
25.4756
28.7076
28.8389
27.2573
29.6355
34.1515
31.3442
31.3647
29.2560
28.9052
24.7811
27.4279
27.1317
27.1146
27.6869
26.7540
28.0827
26.5485
29.8364
29.6004
32.1388
31.0156
30.7741
30.1953
30.6851
29.0264
25.9846
27.4348
25.9864
27.7382
27.1893
27.2591
26.9481
27.8312
31.9884
31.5486
32.3509
29.3007
32.0508
23.7586
36.5444
35.1759
31.0649
33.6450
32.0303
30.5059
33.7298
31.3687
33.4526
32.7515
32.2455
31.0037
31.3455
25.0295
28.7609
31.2988
27.5156
25.6632
25.4814
25.8133
24.4354
25.3939
28.8586
27.2344
28.3003
25.8564
31.9397
37.5239
30.7845
33.7342
32.9105
31.6990
28.4755
29.0200
27.9738
31.4795
27.4387
35.1995
31.8172
29.4580
27.3836
29.7217
28.3644
24.7222
29.2331
29.4642
29.5294
28.9692
28.6179
33.5077
28.9107
34.3945
34.1170
34.5908
34.1569
27.5545
31.2670
29.5801
32.7731
27.1221
27.7165
30.2238
32.9605
27.9624
28.9509
29.6978
27.4118
30.4862
26.7291
25.7011
26.9368
27.3355
25.8433
27.2154
26.5352
25.5015
26.6358
26.1360
26.9740
24.6301
26.7875
26.4749
26.4787
23.9381
32.0898
36.1848
31.0935
29.1861
29.2987
31.7951
28.6125
25.6256
31.1546
25.7221
31.9197
27.3015
32.4595
35.5183
25.1188
26.4795
25.9285
28.7232
24.2291
31.5358
30.0281
28.7138
26.5070
27.1355
26.9554
25.6947
24.9577
24.8888
25.6887
26.5574
27.3218
27.3430
27.7351
25.6542
31.8169
23.4361
31.0408
28.2827
29.4718
25.0399
30.8094
29.2402
26.2131
26.0265
33.7477
33.7665
29.6103
35.2091
35.0636
34.6427
29.0760
26.2558
25.4647
25.5573
25.6725
26.7600
28.8506
25.8536
24.7593
25.2024
26.4278
25.5756
24.7183
24.6602
26.0703
25.7041
26.4163
23.7035
25.1097
24.0223
24.5706
26.5972
25.3097
25.5548
31.3652
31.2430
30.6772
26.6186
26.1073
29.0147
29.6199
27.5414
25.2250
26.9477
30.4583
29.8408
26.5944
32.1455
32.3415
33.3816
32.2441
34.8596
29.3978
30.4577
33.0038
32.5143
29.1601
31.8777
28.0389
30.5188
28.5136
29.1598
30.8049
28.0432
29.1766
31.4401
26.7240
25.3743
26.0287
28.2205
24.3841
27.4641
32.4482
31.6148
34.4090
25.3484
28.1170
27.8399
26.8059
27.5959
32.0403
29.9952
29.9936
30.9954
28.1070
28.6666
29.2705
32.9179
31.9376
32.1025
30.7263
28.8237
31.5205
32.5315
26.1536
29.6609
31.4783
30.0256
28.3623
28.9622
29.0365
28.4831
33.5737
31.9093
31.5973
32.2425
29.0940
29.0951
37.7744
36.4302
25.5286
27.8132
27.6088
29.5635
30.2408
28.1649
28.1936
30.1152
29.7644
30.3233
33.1720
29.4758
37.5561
27.7024
34.7266
36.3048
27.2061
37.9370
27.7844
28.3873
35.9549
35.0408
31.2921
26.2184
29.0141
28.6261
26.9813
36.3761
34.3284
28.6863
35.1569
30.5187
34.7341
38.3094
42.9331
30.6830
31.5369
30.8871
27.9268
29.4518
26.1062
32.0006
33.3655
35.9108
35.2283
32.4087
36.2595
34.1942
34.4659
32.0790
34.9656
35.0759
28.2877
29.0083
40.6100
27.1998
27.9918
27.7894
35.9940
38.0303
37.1473
36.8230
32.7175
37.0233
30.9240
27.4857
29.1228
31.1119
27.8140
36.5953
30.8111
31.2986
28.4329
29.9483
26.1434
29.1878
33.8190
33.4850
36.9953
30.9195
30.2454
28.7221
25.8739
26.8878
30.9157
31.1570
28.9794
28.4947
28.4486
32.1708
29.2359
27.4849
25.2622
25.7790
32.4660
38.4850
37.6643
33.6608
31.2921
30.2165
30.5819
29.9008
31.8301
31.9507
30.8916
28.1421
27.1169
29.1401
30.9319
33.4137
35.7344
39.0130
38.4402
35.6745
33.6294
36.0085
33.2184
29.0570
33.9465
39.7054
29.3869
33.0567
34.5815
33.1354
35.9301
33.6914
28.0645
33.8664
27.8647
27.5205
32.2470
30.3380
29.0332
33.7206
26.9437
27.5567
27.4358
29.1781
29.0027
30.0105
26.1776
29.9801
33.1371
34.9685
32.9233
33.6638
37.5051
29.9989
29.4020
32.4902
27.2505
32.0653
29.7941
30.9857
32.4998
29.6932
28.8678
33.7106
31.7087
28.8660
31.0641
30.7187
34.7474
34.1548
25.1501
27.7443
27.7171
29.2661
31.8225
32.6739
26.3429
26.7115
27.9555
25.6729
25.5882
27.4260
28.1238
27.5316
26.0065
28.1543
26.7453
28.8626
29.4766
28.8509
28.3877
30.0526
30.6121
26.9196
27.1048
27.6068
29.5986
28.9898
27.9474
29.1939
29.0811
26.7614
25.5740
24.5567
23.3597
24.5040
25.9600
25.1642
27.0117
30.2855
31.2498
31.5492
25.8543
32.4719
27.4997
25.8808
28.4015
31.4243
28.0826
30.0521
29.9520
29.0700
26.4434
28.0759
24.1504
24.7369
27.4593
26.0088
27.4307
24.1139
25.6757
28.6449
27.4148
27.9584
26.8256
24.5816
26.2362
26.7681
28.3276
28.9661
27.2339
32.0490
33.3610
33.2529
29.0628
30.6021
28.7822
29.1707
27.7397
27.1264
29.3029
33.9439
32.5930
31.1119
23.7202
24.2389
24.9907
24.5770
26.8507
28.7169
23.9166
22.6029
24.5876
23.0606
23.1803
23.2611
27.2279
29.8774
30.7063
36.5654
28.2994
26.3199
25.1170
24.6974
27.7830
29.9014
27.6665
31.8868
27.1802
28.9582
25.5330
28.5228
27.8694
25.4410
25.9564
27.9863
24.2137
27.7043
32.8282
25.2536
25.2289
28.9982
29.6466
33.3497
29.6071
28.6032
25.9309
28.5718
29.3837
32.0853
28.2032
25.3890
24.0366
23.3942
25.0753
28.0644
27.2659
27.2045
26.9497
29.5233
31.2293
30.8297
26.6913
25.0673
24.6209
25.1615
26.8947
24.8498
28.0013
28.3548
29.0682
26.1489
25.3257
26.2520
29.6265
24.1387
29.1922
28.5195
26.1954
26.9320
33.0763
29.2835
25.7640
24.7478
24.7952
30.5384
41.8643
34.2886
30.8702
31.9470
30.6779
34.6605
31.8596
29.5826
28.3125
27.6906
26.6403
27.4766
25.9760
29.2186
30.3719
35.6324
32.4293
33.9639
28.6038
26.2345
27.2787
28.7411
27.2017
26.3793
27.1685
35.8845
39.3255
33.3666
27.2086
29.2780
32.0358
25.8431
28.8863
25.3629
29.5382
30.0068
28.4135
26.7986
28.4612
32.3798
28.6413
25.5985
28.4581
35.1491
28.1239
31.4269
28.6561
31.2971
28.6178
35.2096
31.5651
33.3593
32.4226
31.5910
30.6464
28.6539
25.5003
27.3682
28.4798
29.6711
27.8903
26.8797
25.6862
29.0554
27.0340
40.1501
43.8398
35.4389
32.3402
31.8623
35.1294
31.4161
28.0465
32.5179
30.7995
30.9310
31.3643
29.4036
29.0331
34.2425
28.4549
27.2332
30.0452
26.1760
28.1735
26.6938
28.6572
31.1633
30.9078
30.5212
31.3409
33.4202
31.4299
29.2705
29.0247
28.3954
32.3288
32.9570
29.7645
34.5783
28.3854
31.5380
33.4820
30.8200
32.0516
35.2569
28.3368
30.2916
27.6373
30.2088
28.4335
29.9319
31.0210
28.1550
27.7187
31.2703
29.2642
26.3974
29.7473
29.1482
29.5430
25.0183
24.8669
26.9606
28.3734
27.7072
29.1397
27.9301
30.6311
26.1605
30.9866
29.3857
33.8117
32.9681
32.7842
29.7643
32.1827
26.5516
30.4651
33.4533
36.0705
30.9540
29.0912
33.4627
34.2478
33.9976
27.5292
29.2416
25.4927
27.5323
30.0341
30.4407
39.2036
25.7434
31.8567
28.5173
30.6693
27.6486
26.7558
29.1444
25.8779
35.3424
32.2060
28.2945
29.9638
32.5770
29.8804
32.5922
36.9941
27.2771
27.6756
33.8918
33.7005
32.0396
33.6198
30.6024
33.1962
34.2527
27.1999
35.4615
31.8537
31.2856
30.8501
27.0607
27.4681
28.5988
27.0261
26.3996
23.7440
25.8659
26.3181
26.4213
25.9544
28.2101
29.8702
30.6312
30.8901
34.9363
31.1542
29.6760
29.4046
28.6063
30.8986
30.8990
35.5809
32.5854
32.2477
26.5680
25.8146
28.0417
26.8549
27.5243
26.9374
31.5373
30.3030
28.8999
26.7130
36.2104
37.5190
35.1913
29.5564
32.5705
31.1109
31.0062
28.7725
28.1994
25.9172
28.8343
29.5188
29.0008
27.6616
28.6221
29.8302
31.6489
28.6482
28.7033
30.2495
27.8695
27.1812
31.2759
30.6410
30.0439
29.8370
28.8592
30.2672
31.2986
31.0696
31.9004
31.9269
32.7192
33.4224
30.6300
24.6609
27.9645
28.3412
24.8943
26.4528
29.4208
27.8420
27.3358
28.1527
29.0138
25.4909
30.2963
28.9046
35.0891
25.2022
27.9214
29.7571
28.5281
30.1116
33.8645
39.8633
35.0974
37.3920
35.7850
33.0655
35.3962
39.1437
33.2234
29.4878
34.5878
29.4826
31.5373
36.1990
41.5272
39.0687
38.0168
31.3024
36.7943
34.3973
35.0327
33.9483
45.1275
37.8686
32.3152
39.9430
39.7207
33.0564
43.0762
41.5631
41.0693
36.5608
32.3644
33.5725
33.3262
34.5738
35.3656
34.3632
30.3854
33.9662
27.3711
31.3407
28.1289
29.1648
28.6351
28.0615
30.9385
27.9599
26.5150
27.4260
26.9737
28.0627
27.4816
27.2257
27.0344
25.3196
26.7205
24.5339
26.9699
30.6449
26.4631
28.1183
27.8208
30.8518
28.5140
29.7232
30.1452
30.7160
31.5108
30.1510
27.4529
28.4190
25.3470
26.4732
27.7333
30.0489
25.7864
25.1710
28.1501
27.5529
24.5688
27.9411
26.7602
27.8256
27.8246
28.2049
24.6566
26.9464
28.2439
26.7562
26.4258
27.4739
26.6129
28.3953
30.8619
26.2088
23.6207
25.3842
25.7767
26.8924
27.8176
30.9301
29.6499
31.1238
28.5650
28.8375
27.7814
27.5150
28.5239
28.7736
31.8259
31.9510
27.8638
34.2023
28.7045
31.2700
27.0103
32.6353
29.8732
35.3824
50.9570
34.0629
29.4726
31.3895
29.2546
32.0594
34.5674
36.6086
34.2829
25.8574
24.8919
25.6226
25.1006
26.7293
28.4053
27.8749
24.8857
27.9963
30.2536
29.2625
30.9426
26.9091
26.8556
27.4924
28.6635
30.1579
26.5213
27.1939
27.8856
27.7838
28.6314
30.6544
27.7254
28.2220
26.4699
29.0341
38.6644
33.4927
31.5568
36.7261
31.8541
27.4461
26.6089
29.3296
28.3469
30.2932
31.7401
29.7558
32.8649
26.4807
27.6304
32.6113
30.7625
29.4610
27.7911
27.6760
27.3135
28.7975
29.2734
28.1762
30.2903
30.3361
25.4983
25.6088
31.2307
27.3749
31.3485
29.3481
36.2225
34.5274
33.3466
42.5207
36.9589
29.8323
36.0830
35.2328
34.8023
26.0246
27.6131
28.1035
28.4772
28.7317
27.6665
35.7568
30.7324
29.4940
31.5964
26.7968
31.3707
25.8551
31.1374
33.5630
31.0568
35.1805
36.1212
32.3799
29.9266
32.1598
30.0195
39.2205
35.9532
34.5978
34.2586
35.2222
33.0547
36.1972
28.7962
31.2118
32.6498
31.9107
27.5929
31.8123
33.3348
31.5879
32.9491
34.0790
35.8089
32.6553
28.0335
30.4266
36.6803
40.2017
33.0360
33.3623
36.6293
29.3058
30.5654
32.7422
28.6800
30.0787
30.1177
30.3634
31.8443
26.5557
32.5048
31.8101
29.2641
27.2715
30.7908
38.6572
28.9280
29.1916
35.2780
34.4587
34.3740
29.1624
33.1307
29.3106
31.7834
34.8509
36.2963
33.3016
34.5270
30.9678
31.2643
33.9716
35.8701
37.2751
32.8472
28.4149
30.7259
27.4719
31.7837
29.1939
29.8598
29.8552
28.7334
25.1704
29.1812
33.2830
33.6317
34.6788
30.8696
30.1056
29.6893
30.1712
34.1034
32.6995
32.1819
30.1459
31.6322
31.4882
33.1398
32.1244
31.2538
38.1363
36.5421
29.2081
33.0089
29.9239
35.9980
29.1048
29.0296
28.0775
29.0744
38.9658
31.8512
34.3431
32.4329
31.7829
32.0544
31.9663
31.0977
31.2711
30.7509
28.5361
25.4468
31.3456
29.0560
30.2982
26.9699
31.8164
31.8460
32.7354
30.8337
27.1588
28.8629
26.0973
30.2610
27.1269
32.0004
31.3692
33.1375
37.1304
33.7119
30.9853
36.1554
34.5619
34.5567
36.4768
29.8489
28.0302
28.5243
33.4956
29.5587
32.5114
31.3754
35.1938
43.1971
33.4409
29.3928
26.9021
29.5460
28.3046
30.5547
28.7996
28.4089
31.4109
27.1101
30.6511
29.8510
28.1023
27.9519
30.8932
29.7530
32.4361
29.9385
28.0030
28.3587
31.5892
27.2026
31.2240
32.6725
35.8284
30.6081
26.8265
29.0085
26.2159
27.1190
27.2085
27.0422
28.8757
27.1401
27.0995
27.6576
26.3295
27.9234
28.3054
28.8687
25.6499
28.1944
27.3785
27.0984
26.0142
26.7176
29.9264
29.3208
31.2320
30.1476
27.9790
29.0532
24.9860
24.5715
25.3438
27.2683
24.2906
29.0144
26.6921
26.3405
28.4467
27.0593
26.2039
26.9953
26.1998
24.1024
25.8614
27.2646
25.6404
28.4138
27.4716
31.9960
27.5776
28.2756
28.8203
26.9909
29.0816
25.4061
25.2847
24.0090
31.3037
26.0099
25.0064
26.7384
29.6026
26.2356
25.5362
30.2125
28.0682
28.6376
29.6113
29.5871
28.1955
27.2176
28.2908
26.5169
23.7684
24.4250
28.1524
27.8785
27.9525
30.2677
30.8684
31.5890
30.3443
31.1078
28.9851
30.0089
32.1478
28.4667
28.5448
29.3582
29.4935
27.0132
27.9973
27.5212
27.0970
27.6488
28.3258
28.9033
28.3413
27.1370
28.8121
28.5666
28.7642
28.4266
28.8324
28.3704
28.4716
29.6617
29.9653
28.4969
29.7226
29.5549
28.6979
27.3581
28.4524
29.1647
27.2097
30.6578
28.1125
28.8305
32.5831
29.3999
28.4779
30.9712
29.4114
29.8291
31.4428
33.5259
28.5466
26.2760
27.0871
27.3764
27.7852
29.1379
28.0145
29.8792
28.7353
37.2131
26.7868
28.2358
28.8412
27.0122
28.1681
25.7586
31.0856
29.6504
31.7450
30.9878
28.5460
28.8177
29.0684
33.1652
29.5546
28.5620
28.9631
29.9805
31.7390
30.6582
34.5417
31.9061
31.8536
31.9692
32.0517
31.5980
38.8465
32.0422
32.9586
30.4009
32.2601
32.4982
31.9411
32.4250
28.3848
29.8163
32.6823
30.9946
31.7983
33.4039
32.3833
33.5186
38.8919
35.7392
36.6380
33.7247
28.9782
29.9315
29.3812
34.4804
34.4083
30.8495
25.6774
33.3142
29.4589
25.8440
30.9565
29.5485
31.4881
28.7259
26.2894
27.3336
27.6240
26.1180
30.5742
33.8919
30.6499
37.6524
32.8265
37.1020
35.6734
32.0589
29.5312
29.9582
27.3607
28.1617
28.6961
29.3189
28.4397
27.6322
30.1823
30.7373
29.4646
33.0079
36.8558
35.9751
29.1615
33.5522
24.6598
28.5813
29.7069
30.3910
28.7210
28.3294
35.4551
30.3185
36.8531
27.3273
30.3214
38.9105
41.6528
45.3553
43.6579
35.4562
40.5339
40.1317
36.0327
34.6155
34.0443
31.4038
30.6943
37.9556
37.2024
29.9549
31.7981
36.6738
31.6962
34.1363
32.5201
28.8704
27.8377
30.8889
34.9866
29.6964
33.2009
29.2728
28.9297
33.1783
31.1039
34.7012
34.7074
28.6284
35.4298
30.2497
28.7505
31.1079
33.0642
37.6156
39.7885
34.6621
32.0772
31.1122
31.5083
31.7020
31.3644
30.5468
28.0635
29.9912
35.3754
27.8253
29.2925
28.3321
28.2175
32.4914
29.3963
33.2038
31.8261
30.8801
37.8268
33.2239
32.4121
30.8668
30.4202
34.1755
32.0025
33.1511
29.4239
28.8734
23.8803
29.4778
31.7130
31.7908
25.5457
34.7805
39.1637
31.7438
28.7487
35.7398
31.0477
31.9394
31.6033
29.8744
32.8966
35.1601
27.7072
34.4973
32.2294
25.3009
33.7877
29.5293
31.4853
27.4954
27.8460
28.0222
36.9569
27.4488
31.3244
28.2552
32.6060
25.1393
28.6549
31.3416
27.0629
28.7633
30.0606
32.0844
27.2946
34.4637
38.4342
32.8164
35.9918
45.0718
28.9749
31.7146
34.2498
34.1356
33.0008
30.7386
25.4172
27.3921
24.7357
29.4843
27.5424
27.1329
28.4294
26.6067
29.3710
35.2852
30.9116
29.5581
34.9750
25.9275
31.9275
30.2698
27.3796
27.8460
30.7985
31.4620
27.8605
27.2520
28.7597
29.1310
30.1351
29.3236
35.4130
25.2941
29.9391
32.5910
30.5655
31.8485
35.5829
40.1849
29.7842
28.3972
28.7181
26.4501
36.7661
32.1213
28.4727
27.0098
29.5520
31.0963
26.9126
31.4885
39.0730
31.8899
34.8347
30.8844
33.8554
29.7286
31.3996
32.5677
28.8279
34.7974
31.7751
34.6069
33.1955
39.8179
31.8200
29.8567
30.8715
31.6260
27.5713
32.1430
28.7958
32.4049
27.9235
28.8642
26.4601
32.6604
28.6119
29.7301
30.0051
30.1429
27.4021
25.3543
30.5215
25.9671
29.6118
32.5568
30.6783
33.0254
32.1598
28.2170
30.4812
29.6878
32.6651
26.2181
29.0598
25.2759
28.6497
27.1526
27.7573
27.4156
26.1642
28.2428
31.3515
29.3224
35.2935
32.0814
28.1851
27.4253
30.8706
32.9402
27.5253
28.5519
29.8126
30.5645
30.8250
32.5234
37.9286
34.6329
34.1727
30.4377
29.9273
27.5319
28.3135
26.7831
29.5817
25.6813
26.8407
27.1052
30.6122
31.5196
36.0948
32.0271
34.3664
33.5525
35.2277
31.8002
35.2952
32.0549
34.4892
28.8273
28.7949
26.7680
27.3694
26.6572
32.1325
29.6047
32.3352
32.6988
28.9775
26.7933
27.2127
26.1751
28.3853
29.4366
28.0065
28.2532
30.3167
29.4173
25.6086
27.7013
26.6745
28.1047
26.8130
26.4298
28.1852
26.3059
28.3167
27.9396
29.1705
29.8401
27.7008
29.2403
29.9443
32.4479
36.3527
29.1381
33.4371
30.6855
33.5697
29.7181
25.0689
28.0302
26.2138
27.8090
30.1741
28.8933
27.7119
24.6874
26.5288
25.9861
28.4238
30.0522
35.5074
31.9823
33.9512
34.8875
29.2241
30.2279
32.8101
38.8578
28.5537
27.1254
33.6783
34.0577
31.6611
28.9080
29.7516
26.9989
30.5519
29.7144
25.8351
28.2755
27.8942
30.4175
32.1341
28.9706
29.6423
32.7486
34.2038
28.9702
31.7755
26.8620
28.3325
30.2729
29.8207
32.8358
30.2238
32.2690
30.8489
27.6765
28.7002
37.6119
23.7724
30.1125
26.3830
27.3774
26.6816
29.2938
32.0412
29.1839
27.4175
29.9135
28.8677
28.7085
29.4302
27.5131
28.5599
29.2543
27.7770
30.2640
30.8844
29.9243
26.3434
30.5587
34.1109
30.2265
25.2420
25.1564
26.6180
27.2431
30.4874
28.8899
33.1702
38.5873
27.1218
29.7633
32.3515
28.4924
33.8298
27.6028
33.3055
31.9274
29.8396
27.6128
28.5445
33.1026
33.3295
30.7431
30.0025
27.9593
29.6918
29.9879
32.4763
28.3808
28.8896
24.7009
27.2597
29.1536
29.5194
27.7058
24.0872
31.1349
32.0378
32.7980
35.2563
26.1276
28.2814
30.7099
32.9497
31.1834
28.7452
28.5357
31.7522
37.6391
30.1944
26.1078
31.5009
29.6981
26.0894
26.3029
33.0178
27.4563
34.1170
37.4244
30.2153
28.0543
28.6291
29.2014
29.5888
28.1854
30.1969
30.6406
28.4715
30.8892
30.8138
36.1703
32.7145
27.6777
32.6047
34.1058
28.6803
33.7875
29.9983
29.7963
34.2166
36.3160
30.9987
34.7376
33.3220
26.1554
34.5771
27.8444
28.9347
26.4406
26.9485
25.8565
26.2018
26.1265
27.5563
24.4673
26.1936
28.9554
27.8585
31.7481
32.1544
27.1412
27.7409
28.6704
30.7104
28.2780
30.9431
30.7234
32.3559
26.8907
26.0897
28.4922
31.1538
27.5845
32.9602
26.7743
26.5220
30.6039
26.3729
25.1538
27.3010
29.2717
28.8131
27.4501
35.0857
28.0771
28.7686
26.7130
26.8101
28.2540
28.2550
26.8536
29.2262
33.3557
31.9342
33.3871
33.2624
28.6804
32.7236
26.7420
28.0156
26.2663
28.7450
28.1813
36.5170
30.5293
31.5981
36.3308
29.0811
29.2610
25.9689
28.7610
30.4152
30.3349
30.3328
27.8169
28.1958
27.1972
26.9093
28.8110
29.2366
29.1727
30.0586
31.1897
34.7508
31.2167
30.2212
28.3662
25.8122
28.3069
28.3157
27.4741
27.5145
26.5862
31.3538
26.1832
30.9936
27.3671
27.1592
27.4340
27.0609
27.2337
24.7261
28.8325
26.9393
29.5809
28.2100
26.6395
27.3682
26.7953
27.3988
25.4608
32.0022
29.9667
28.3786
28.8366
27.3185
31.1820
29.2039
29.0468
34.0816
28.5231
29.9994
30.3602
25.2380
27.3027
30.3237
25.5300
27.8638
28.7856
27.7024
31.2454
31.1156
28.8170
31.8034
31.7240
36.2576
29.0432
35.2569
30.9752
33.8482
29.5132
33.3765
32.7425
36.6068
30.6108
32.4960
34.0684
27.2652
27.4857
32.2436
30.6067
27.6395
29.8994
27.1915
25.3355
27.4314
28.1046
34.8566
31.1240
27.3460
27.0582
31.4592
30.6675
26.2589
28.0482
32.1239
28.9771
32.8768
30.3280
30.8730
29.3499
29.9494
27.3902
27.1061
30.5496
25.3101
25.9214
30.4462
26.4106
24.7022
22.5753
25.0096
26.8081
29.5806
29.4685
27.3507
27.2645
32.3538
29.4032
28.1367
31.3525
27.7439
33.5174
32.8026
30.9135
29.3426
29.3530
34.8273
29.8105
27.8006
30.5490
33.4742
28.5172
28.6773
26.8355
30.3841
29.9161
31.7350
30.5583
31.2796
30.8431
25.1105
29.9947
30.2060
29.0752
25.1517
30.6785
32.1753
33.9616
33.0208
29.8864
31.9561
31.2099
30.3267
27.2160
30.9831
27.9610
37.4532
29.7840
29.7817
37.7153
33.2196
32.6257
25.6345
34.1704
31.8807
32.6099
31.9387
31.4853
39.4791
31.0429
37.3435
33.9949
28.1092
27.0970
27.5133
31.3303
33.2531
32.0528
29.6998
29.5146
35.2545
30.2406
24.9643
28.8104
30.6259
28.9128
28.4842
34.4007
31.5065
28.7172
27.6965
30.9921
31.3583
28.9408
30.5378
26.8823
25.9000
27.2829
25.7872
26.8494
27.6407
27.2857
27.8251
26.8544
26.5705
27.3432
27.8570
25.5107
25.8101
26.9942
36.3449
33.0546
31.9641
34.9698
31.2212
29.0043
28.0419
26.8796
30.5167
34.3602
30.4954
31.1562
25.8289
33.9464
33.0202
29.7028
39.4930
34.1047
27.8403
29.9309
30.4661
30.9807
27.8813
28.6676
28.7539
29.1252
31.2663
26.8602
31.6690
34.6473
28.6589
27.5973
27.1513
27.6198
26.6127
30.6523
29.2477
32.8455
32.5182
35.1354
29.5905
32.0477
30.4124
30.1329
29.9864
32.2673
28.5831
28.0838
31.2396
27.9537
35.5530
28.0291
30.7058
34.2914
28.0619
27.4176
32.5013
28.4998
27.5822
37.4279
37.9026
36.8049
31.4252
30.7252
32.4433
31.2970
32.0568
34.6104
32.4270
31.1804
33.7620
34.6147
33.8852
32.2331
35.1286
30.3817
30.2074
27.2940
29.2884
29.0677
25.0363
33.3858
30.1830
32.2264
32.9562
32.0944
28.6027
27.7982
28.2913
28.0977
30.6775
30.2722
32.0415
31.1853
29.4429
33.6362
30.0867
29.4825
29.3836
31.0814
30.7332
27.0805
30.3356
38.0680
37.4582
42.9192
33.5086
29.2427
29.2164
31.6940
30.3438
31.7778
27.1085
29.5535
34.8862
36.3378
29.3686
34.8696
32.4534
37.5258
29.6237
26.5434
29.5754
29.1097
32.4032
33.1984
29.0676
29.3098
29.0438
30.1328
28.3698
27.9076
29.5129
33.6468
35.7556
34.2934
31.5640
36.5416
33.8131
28.9083
32.4923
34.8483
28.9565
30.0214
35.9800
31.1457
32.6334
36.6850
30.2872
28.0420
31.0757
31.1062
28.6742
26.3321
29.7916
31.0985
31.3548
36.2813
29.4293
31.2504
27.8537
27.9755
32.6855
24.6570
26.9190
27.0232
30.1014
24.8509
29.1258
27.5848
27.4807
28.9431
30.3862
28.0011
28.5195
24.7624
28.3519
27.5400
32.0652
31.0925
25.0351
33.7795
32.9694
27.1557
32.7844
32.2695
31.0935
30.0619
26.9579
31.3241
28.8970
29.8642
26.1133
27.6511
25.9681
25.7180
30.2366
27.2424
31.9692
31.8112
27.0467
27.9422
29.2180
29.8985
29.9918
29.3684
27.2821
33.4296
33.4971
29.1682
30.8172
26.4423
27.9130
28.1072
29.9446
30.4735
31.2945
30.1108
30.6474
28.7085
33.0942
30.0181
27.7472
30.3238
34.1320
40.4925
31.0410
33.6284
29.0282
28.5609
31.1393
25.0131
24.5554
24.9467
27.5665
25.9576
26.2087
26.0489
28.9346
25.5014
25.7934
32.0210
29.0517
30.9841
27.5938
31.1852
33.5316
31.6218
35.0391
30.3080
34.4874
31.6339
28.2536
33.8589
30.3378
33.1500
30.8202
26.5363
30.2342
25.7695
27.0929
30.7318
28.2346
36.7468
31.6592
28.9708
34.7666
30.5495
31.2216
38.1531
27.6521
24.7177
30.3146
25.5018
24.0647
30.6698
31.8171
32.9562
29.0644
29.3868
34.1197
31.6982
25.5608
26.7382
25.9897
32.1546
31.0416
28.9965
30.8903
36.5255
37.7445
32.1879
27.9822
28.9228
28.3079
25.7564
29.1097
26.6055
27.2461
28.6462
27.3181
27.5891
28.5237
28.5401
25.7340
26.5524
24.9768
24.4761
25.8685
26.1702
25.7981
27.5269
26.9648
26.4677
27.9589
27.7466
28.9453
28.2892
28.4540
28.1428
30.6084
26.7962
31.7255
28.5846
27.3554
35.8929
37.6125
32.9418
33.2650
31.4591
30.9009
33.0921
35.8477
32.9405
26.9244
26.3517
31.2905
31.5105
29.0920
28.0882
27.8835
29.9302
28.4727
31.7713
27.4606
29.2592
30.5309
29.1980
28.7525
29.4752
32.3131
30.3998
29.8171
27.0778
29.4682
30.9881
28.4882
32.6736
26.3039
30.0605
28.2446
27.7575
30.3391
29.0289
28.9208
31.6167
32.9420
29.1971
34.6444
26.5741
25.9526
26.7219
28.9411
28.2788
28.8263
30.5589
30.6412
30.8257
35.1725
30.7179
26.0165
27.7664
25.7509
28.3792
29.8635
34.0117
29.0118
25.9917
26.3350
26.0720
25.2508
27.9623
27.3835
31.1702
31.9160
31.9061
30.5087
31.4227
25.1955
28.2114
29.7156
29.0436
27.5434
28.1737
29.8539
30.6278
32.0322
28.3836
29.4635
29.3022
29.1576
25.8959
32.7615
32.2662
31.5600
26.2138
26.0406
27.5062
28.4344
31.8293
30.4899
27.9715
26.8164
28.8412
29.9000
30.8690
32.0798
28.6654
30.4136
32.0762
27.0285
27.4137
28.2023
30.9127
29.0864
34.3640
26.1907
27.5466
26.8315
28.8072
29.4976
32.3306
31.7337
31.0608
30.3469
39.2205
29.7980
33.3181
31.4603
33.4623
26.2839
30.5367
25.6930
36.2980
32.3952
34.2761
37.9763
38.7014
36.9106
34.2532
37.4412
40.4768
38.7779
37.1507
31.0853
37.1083
36.5420
29.6414
26.4860
26.6134
28.1398
40.2870
43.5026
31.6031
28.5886
28.4962
27.1208
25.4724
27.4517
27.0899
25.8080
30.1583
31.1914
33.4293
33.7453
32.0478
36.9354
34.2849
32.6020
28.0483
33.3294
27.6048
25.9285
26.1659
27.4954
30.2682
34.0855
29.9438
32.1512
30.6571
33.0081
28.7739
30.8617
31.6142
31.4842
36.8505
35.7495
32.4988
29.2224
30.2703
28.6248
29.8114
30.2193
27.6433
30.1372
29.9853
33.4883
40.1624
33.0684
31.6811
32.1241
28.2903
27.8489
29.5995
29.4986
28.1770
31.4621
36.3493
34.3479
28.3997
27.2047
26.7436
34.5796
32.4050
31.5349
32.7999
33.3290
39.0073
42.4190
35.4275
47.0683
32.9275
32.8967
32.9237
29.1840
29.1177
28.7739
26.2012
29.7409
31.9106
28.3241
27.4857
30.9918
28.7651
31.5926
29.5873
27.4757
28.8529
31.9863
29.3646
27.9597
26.8282
26.4762
25.2356
27.4681
27.1734
27.2726
24.3321
24.9211
27.0924
27.7300
27.0646
29.3436
25.9172
27.1985
29.6847
26.5979
28.2915
26.6297
29.8020
26.7055
28.3263
28.3282
30.9910
25.4947
35.8458
27.2202
29.5547
30.1217
26.7523
25.1079
26.4188
28.0526
30.0918
28.7132
25.4550
31.0487
26.9431
30.6518
30.3853
27.5108
28.2594
31.8705
30.2196
30.5128
26.8539
29.5503
27.7432
25.8131
27.7951
29.2325
31.5317
23.4959
28.6231
26.2261
26.1429
31.2656
27.8944
28.8383
27.0329
27.8933
30.9738
32.7235
32.8859
32.3331
27.4803
31.4178
31.1455
32.5676
37.1074
33.2879
34.1466
32.0510
34.5718
31.0998
30.2328
28.3979
23.2990
28.6774
25.0506
27.4507
29.4433
24.7180
28.5053
31.7290
29.0412
31.1583
28.8176
34.6235
32.4111
29.8102
28.6342
28.6310
27.5388
25.2561
27.8180
27.5390
27.1805
30.1534
26.7054
26.4864
29.4228
31.9125
34.4865
27.6111
31.0887
30.6294
29.3958
27.8161
32.9137
32.9507
30.0370
30.5781
28.9749
29.5199
30.0322
27.0789
26.3379
25.4019
26.7597
25.9819
30.5942
32.1031
25.8281
28.6771
28.6801
33.0338
32.6956
36.7018
33.5493
31.1122
32.2755
35.3255
33.5287
38.6562
33.1301
25.0479
27.5038
26.0805
26.6848
26.5640
30.0171
25.0358
29.6196
30.6283
29.2163
35.6814
32.2666
27.6977
29.9819
29.1110
27.0357
25.4992
30.3461
27.7133
25.6593
28.3535
25.9439
28.4958
28.0122
28.0908
26.5540
27.2721
27.4147
26.3340
33.1892
30.6476
35.9757
34.0988
33.5236
35.6407
29.2661
37.5928
35.0037
37.1982
29.6003
32.3518
29.5269
32.4655
28.9000
39.1482
30.7389
32.6839
29.0690
26.7199
26.2102
33.7472
29.9997
29.2415
29.0011
31.8963
37.4444
41.1316
31.5060
30.9484
35.1318
30.4380
34.1644
34.4920
30.6775
29.9589
31.4560
30.9326
32.3563
32.5380
36.6004
31.8201
29.1997
28.1636
33.6850
31.8624
34.8558
30.9289
28.9816
29.2048
26.1222
35.2751
30.6879
30.3190
32.7062
33.5391
31.2085
40.0019
26.4684
31.5040
30.1103
26.0072
30.2993
26.3213
27.5243
35.1231
31.2966
39.0696
28.5166
30.8490
29.2929
30.2811
26.7824
30.2489
30.8535
28.8269
28.7806
25.7545
31.0482
28.6752
27.9829
31.7898
27.4235
29.3120
41.2652
46.9306
37.2603
33.6298
31.1576
31.5968
32.2017
30.0589
29.9850
29.8143
28.2562
28.7001
27.8896
28.7701
26.6998
31.2734
26.7325
32.1783
32.0274
29.3088
34.2379
32.2340
30.5696
36.5472
36.8922
31.1679
28.9787
31.3642
34.6548
34.1665
29.3154
37.8066
36.5991
36.4744
31.8700
38.2903
37.5872
39.1218
39.4713
36.3375
26.0342
32.8852
33.6636
34.8075
32.0141
37.0499
37.7783
35.7223
34.2217
30.2188
31.0234
28.7761
27.4072
31.9749
31.1616
34.5246
33.1885
34.5038
35.1804
35.7867
34.8520
33.3070
35.9842
34.6326
32.2852
32.3610
31.3336
29.3129
31.5756
32.1312
26.1603
29.0468
29.4684
30.8843
28.4859
30.8327
31.6809
27.3818
31.0557
32.9562
28.2137
32.2439
25.6250
24.9673
24.4959
26.3418
28.7282
27.1226
29.6199
27.3606
29.9595
40.9272
32.8879
36.8482
33.0133
33.1192
34.2283
30.6977
32.6853
32.9914
32.5670
32.5180
33.5551
32.4426
32.8053
29.1485
29.7584
30.5538
28.5159
32.1419
28.7900
30.4496
27.8272
30.9505
28.9882
32.6330
32.8331
33.5803
36.8640
33.8885
29.8242
37.9487
36.2677
31.8601
34.4357
28.4816
30.3860
36.8324
32.1138
29.2067
27.8914
30.2967
30.6776
34.4853
32.0631
29.8327
30.1468
29.8631
28.0444
28.7056
28.3978
27.4873
27.6345
28.5266
31.1672
27.4213
26.9410
26.5541
28.8342
32.9317
30.7515
28.6529
32.5802
31.9685
30.8523
33.7589
29.7097
26.8291
28.5144
28.6405
27.9788
27.3744
29.7637
29.8775
26.6940
29.4882
25.1572
28.1707
31.3670
31.1372
29.1301
27.0411
32.1423
26.8209
32.6505
29.1684
31.3329
29.5877
27.8448
26.8285
27.8331
31.4701
25.7484
27.7350
27.3796
25.8592
25.4385
28.5862
33.7561
31.8262
32.7551
33.5064
34.9219
24.9924
31.3872
36.0157
29.1984
30.0224
33.8906
30.6610
32.3936
33.5120
35.4044
30.0709
24.6346
29.7981
34.7413
28.4626
33.6642
35.7970
33.8510
32.6102
34.1909
31.3268
30.2897
34.1249
33.1535
31.9059
32.8587
25.1735
29.6162
29.5107
28.4480
34.5840
28.7981
28.7942
28.3731
28.6887
25.0201
25.2388
26.6422
25.4732
27.4646
26.2761
28.6097
28.1703
25.6026
28.5777
24.5346
28.1850
24.2705
28.9961
26.4481
25.6035
30.0262
29.3998
27.7190
29.5967
29.4950
28.3190
35.0344
32.5577
37.8078
31.4606
27.7552
30.9968
32.7420
25.2816
29.2357
30.2831
25.9341
26.8474
26.4996
27.6829
29.8908
28.3046
31.4159
26.4917
27.0844
27.8316
30.9044
30.0159
28.1277
27.6371
30.6677
26.3287
29.2078
27.5562
28.0977
28.5574
30.4473
30.3525
31.7239
28.8099
26.6192
28.7639
33.2101
29.3431
27.7545
28.6802
29.5222
31.7306
35.6455
29.7846
30.5253
28.3723
28.3223
32.2276
30.4970
26.2475
30.8987
24.7336
24.6451
27.0515
31.8832
26.3318
34.9913
29.1677
32.1015
30.4990
32.3878
25.0548
28.0238
26.8704
33.4363
31.5531
28.2651
26.6079
27.5734
28.6446
34.3142
28.6073
29.5510
30.2867
36.0555
28.9541
31.5098
34.1688
29.9859
29.1447
31.5058
33.5476
36.8761
26.1065
28.9594
29.1468
28.8732
31.4362
33.7106
33.2585
33.1547
30.3649
25.3440
24.0249
24.9408
25.5372
29.5490
27.8075
27.9163
32.0629
29.0039
31.3181
31.9618
29.6765
30.2127
27.6076
29.9251
30.0901
33.1597
34.0546
31.8875
36.7283
27.6196
32.7080
29.3315
31.6419
34.8353
28.4120
26.6461
33.3248
29.1271
31.2672
26.3538
26.9035
24.9537
30.9908
24.9428
25.1583
26.9446
27.0270
24.7161
25.7107
25.8285
30.6930
29.6881
27.1784
28.8856
28.8561
25.0078
27.7359
27.5220
27.8354
28.4693
27.3978
27.5188
24.5483
30.3998
30.2640
33.7221
29.4687
28.9501
28.9651
28.6080
31.2027
32.0675
30.0714
29.2429
29.1696
30.4841
28.9797
29.8800
31.0228
27.9797
24.7199
29.9620
32.1066
24.9868
27.7153
24.6118
28.7945
25.8386
27.6555
31.8755
31.8976
27.3934
29.7344
28.9071
36.7306
25.3133
24.2532
33.5572
35.4192
28.8985
29.2981
34.9324
34.6027
32.0198
30.2843
30.2469
25.5115
27.8122
28.4823
27.9860
31.4958
30.5832
27.3931
26.1745
28.5230
27.0026
28.2186
30.4601
30.3338
27.1097
26.1753
26.6809
30.5661
30.5644
29.6530
26.9064
28.0313
26.3223
24.9596
28.7066
28.3159
26.8872
26.6500
34.0853
25.3853
29.1427
28.7871
26.0585
28.9847
30.0920
34.4890
36.4962
36.6451
36.3556
34.0562
30.8678
36.5099
35.3583
28.8795
33.5276
29.9730
28.2032
26.5949
26.8934
31.6461
31.7689
30.6454
32.5045
30.3107
29.0572
29.0394
29.0522
28.4738
33.2388
27.9965
32.6467
30.7937
24.9068
24.4272
33.4087
32.7638
29.7382
34.1526
27.3023
26.8513
25.4149
25.9494
28.9525
28.7993
27.7726
27.8588
28.1306
30.1755
32.0246
35.4531
30.9043
29.6001
30.4390
28.3227
33.2107
31.9760
34.8689
31.4935
33.4875
34.1489
33.8044
27.0682
25.2114
35.2768
33.1943
32.9395
27.5153
25.6551
30.0541
33.8854
31.6136
30.9414
30.9457
31.9052
29.7087
32.2409
31.6308
33.2740
31.3718
30.6384
27.3982
27.0416
28.3334
33.2059
33.8260
34.3410
33.6512
31.8452
34.7871
30.9568
37.6455
33.7877
36.8475
35.9231
34.6555
27.7130
33.2411
30.6016
27.7303
32.1687
29.9143
28.8407
29.1815
28.8255
30.3004
30.1427
30.5323
29.5110
29.5938
31.2043
30.0923
31.9711
30.1822
35.2069
32.3750
32.1258
32.0857
32.8705
30.2101
30.8283
30.6318
30.1455
26.4869
28.0030
29.9542
28.9266
28.2605
29.4331
25.3341
26.2168
24.8910
27.7986
28.5505
30.1492
31.7848
29.4915
24.7487
28.1175
29.2672
33.9992
35.5770
28.6865
31.7060
29.3744
27.4772
26.1408
26.7974
31.1612
28.3573
26.3912
24.5589
25.9346
24.9243
28.5882
25.8206
26.7279
34.0524
28.3742
26.8043
30.1823
25.6167
27.1018
31.4770
30.4696
28.0985
27.6223
29.2997
30.8226
34.8670
30.1085
31.1087
33.5853
40.0838
33.6048
31.6386
28.5517
28.5507
29.0514
29.8650
29.7102
27.2407
28.9538
31.1792
29.2310
33.7122
30.0249
29.0814
25.2329
30.2575
29.7715
30.1320
31.3617
28.9487
32.3832
31.8433
36.0968
37.1874
36.7696
28.6685
34.2190
32.2844
29.0720
30.8680
35.0295
29.2025
31.0736
29.7451
26.5964
27.1135
25.3929
26.0108
31.1202
25.9004
24.7530
29.6754
32.5885
27.8161
40.5200
40.4999
31.7248
29.0468
39.0441
28.8476
28.9047
34.8353
31.7025
28.8108
30.6296
30.0301
27.7982
30.1629
29.7696
26.2765
32.6481
34.9383
32.6486
35.1717
39.9683
31.5074
25.6275
37.9041
33.4128
30.6330
31.4508
31.6992
33.0392
28.6760
29.2926
28.4911
27.1384
30.3165
30.3749
32.3697
34.9782
38.3967
34.6555
30.5842
26.7766
30.1371
30.2937
26.6656
29.1574
30.1796
28.4625
25.3895
32.7523
26.9348
31.6597
39.9031
32.4293
31.3339
28.9059
34.0748
31.2981
32.6004
32.8661
38.8587
33.7682
34.8201
32.6022
32.7572
38.7810
33.2856
36.8059
30.3278
31.0417
34.6290
29.5704
29.1848
32.6748
32.3848
33.9759
34.2476
33.3223
30.0249
30.8063
31.3431
33.0550
28.2714
26.2969
30.9903
31.1620
28.7299
31.0090
36.6887
31.0028
31.5797
30.0240
32.5774
30.9015
31.6693
33.2088
30.6742
33.4082
31.6687
27.9088
30.1770
33.7491
30.7531
32.7199
34.6592
32.5882
32.7275
32.6958
27.9518
27.1064
29.9498
36.6414
31.0275
35.5058
31.3351
29.4725
29.1697
30.8109
29.7690
30.7743
27.9356
35.2321
32.6555
31.8746
27.7661
26.3780
29.5419
33.0403
25.8571
30.0420
25.8063
31.2910
30.0217
30.8656
29.4053
29.9496
29.1164
30.1455
30.4835
28.8546
28.0820
29.2355
27.7540
29.3408
28.8560
26.0012
32.5220
33.3025
29.9170
31.6968
29.6824
27.1547
25.3742
35.2812
26.5009
36.0032
32.0591
27.2406
26.1200
25.1491
25.5954
29.3230
24.3212
24.8681
27.9542
28.4754
26.5100
30.1480
25.7263
27.7089
28.4256
28.6441
25.5000
25.4065
25.0033
25.9192
26.5963
27.9443
29.8599
34.8219
29.8335
33.1932
32.5650
31.5325
33.6522
30.4598
30.9500
27.6236
31.0940
32.4526
25.0238
27.8872
30.3075
27.1691
25.7596
29.3258
30.6833
31.1405
29.3844
29.2045
26.3827
28.0730
31.1661
35.5227
30.8997
30.5410
29.3882
32.4639
29.5461
31.0633
29.8014
31.7290
31.2108
29.9133
30.1204
30.6584
29.4714
30.4382
30.7028
29.6680
29.5552
29.9650
29.4400
27.0247
29.1989
30.9043
27.1109
27.1859
26.5898
33.4269
30.2489
30.7789
28.0576
27.7490
28.2017
28.7311
31.9779
29.5884
27.0457
35.1435
32.1656
38.1535
36.3404
29.8033
36.0087
30.9953
30.8085
28.7371
27.7109
27.8258
26.7578
25.2708
28.3121
24.5351
26.5420
27.3752
25.9788
26.2792
26.1020
25.2102
28.5720
27.2154
26.6930
29.4649
26.5006
29.7338
32.4548
31.7086
33.1394
25.9325
26.2103
25.3353
29.5153
26.5484
27.4582
33.2119
31.4162
30.5392
29.0385
24.9979
27.8100
28.9812
29.9191
26.9572
33.4414
26.9842
28.4573
29.3320
31.4968
28.5556
25.9572
29.0415
27.6575
29.4352
24.3540
24.8781
30.0283
25.5731
30.2950
24.2333
24.1696
25.3076
26.8455
26.4851
25.6463
29.0484
28.3657
28.1356
25.7907
25.2957
32.2121
30.7575
29.6876
27.3496
28.8481
28.2687
28.7513
31.5202
32.7921
27.0154
23.8211
27.6372
27.3976
26.6425
25.2758
22.5919
22.7018
22.9035
25.3056
24.3635
25.3367
25.4193
24.9070
24.5351
24.7943
26.3188
25.6598
29.0334
27.2089
29.9878
31.1914
27.1655
29.6732
31.7268
32.2349
24.9504
24.4038
24.3210
24.3243
28.7916
28.8669
28.1941
27.1973
28.5182
25.0503
25.0625
25.9877
24.2611
23.6987
23.3846
24.6845
26.8271
29.4073
27.2131
25.0125
23.5558
25.1992
23.1262
28.3288
24.0624
24.5926
25.5333
23.6234
23.4963
32.1812
28.5841
32.2984
30.9478
31.9884
26.0242
25.5140
28.0244
26.6903
26.2970
33.2535
35.5409
30.9463
27.4120
33.8732
33.0520
29.7426
26.5477
23.2193
23.0794
29.4975
28.8968
25.1025
26.3200
30.4445
28.3114
27.3315
25.4597
26.8552
26.2708
28.5068
25.5016
26.2301
28.8682
30.5205
28.8332
30.1417
26.6010
28.1929
25.1545
28.1710
25.4995
25.7556
24.7146
25.7188
35.9033
30.5099
26.7970
26.8825
29.1958
28.4255
29.9815
26.3215
30.2607
27.2661
28.2565
28.5509
25.6298
23.7544
25.5871
23.8645
26.0324
27.3951
27.8896
30.8501
29.1830
29.7544
28.7853
37.3122
37.0943
29.5071
34.4419
29.4498
33.5669
27.6525
26.2998
29.1389
31.3198
38.3997
31.3942
29.1445
34.3900
36.5415
32.6052
31.7698
32.1183
31.8148
35.1854
37.1238
39.3478
27.6837
27.3539
31.6539
32.0161
30.0883
31.6472
25.5784
29.9107
38.0464
26.6920
29.6734
32.7761
28.1264
26.6552
25.2785
27.2985
27.8490
23.7765
30.5489
36.3142
28.4966
28.1760
28.7329
28.7621
27.5968
34.5907
27.6049
29.8454
27.5831
30.8466
29.7912
26.2268
24.9983
25.2537
28.1247
27.0257
31.2736
23.9151
26.6009
25.9355
30.2818
31.0612
29.1410
28.9193
28.4189
30.8345
29.7311
28.0890
32.7429
33.4856
24.3329
24.6547
27.2566
24.4448
28.6252
25.2612
26.3116
31.9515
28.6893
24.8913
28.4859
25.5707
26.7362
26.6398
31.9737
34.1942
27.6020
31.2500
32.1566
30.7566
34.9348
33.3157
33.1864
29.4486
27.9891
27.8202
28.1795
30.5500
26.1896
27.7143
28.3917
25.7487
25.4851
30.4521
26.9217
26.2027
26.1350
25.7024
28.9788
28.8679
28.4639
26.8398
27.4873
25.0221
25.6527
27.3730
28.3586
28.3766
26.7543
29.1995
28.6398
29.5792
33.8698
30.6171
32.1882
29.0451
29.4211
28.2501
25.7572
29.6575
38.5113
34.9737
32.9876
32.3703
30.8347
30.2280
34.5817
32.0172
34.2683
33.2560
28.9903
28.4032
34.2341
28.2145
34.7498
32.4808
32.9976
32.1988
28.9410
29.8583
30.6530
29.6580
28.4283
32.3874
34.7639
28.5787
30.0036
31.2073
33.3175
30.7173
30.2942
29.0601
32.3659
28.9977
31.6118
31.8126
27.3576
27.8380
31.6480
30.7899
37.0928
29.3603
29.2977
32.4867
32.3316
30.7740
28.4541
33.9546
30.6629
31.0608
33.5125
31.2043
26.5835
31.3388
28.3848
30.9194
34.4489
32.6041
29.6475
31.2645
32.8285
31.6810
33.5389
35.8104
31.6421
29.5023
26.8342
32.2780
30.7381
27.7125
28.2047
33.4220
29.5773
28.3846
28.4479
27.4046
29.5244
27.3471
31.4710
31.8028
30.7004
32.5313
31.4157
34.6948
32.0650
27.0149
27.1464
32.0922
29.7080
26.7963
30.6683
31.0949
28.6148
29.8104
27.5093
31.7236
28.1590
27.8806
32.6142
34.0805
30.2517
24.5043
31.8087
30.6398
31.6740
35.6315
31.9237
27.7557
34.5087
34.9791
34.2343
30.6592
32.2646
30.7872
30.7961
28.1781
28.1529
26.0282
29.7066
33.9869
29.0443
29.8783
28.4912
29.7583
30.1484
32.7333
31.3510
37.9979
36.8517
36.0199
34.3430
32.1361
35.2391
28.7718
32.9203
33.0725
31.4917
32.7641
34.3101
28.6545
27.2312
29.1962
26.7301
26.3018
25.5331
29.8173
29.2654
27.4901
26.5368
23.6379
26.1808
25.5656
28.8935
25.5186
27.7288
25.5685
25.9966
25.8419
30.8874
31.7503
27.9554
29.6403
28.4289
29.5470
30.0266
26.8672
28.6361
31.4482
28.3795
24.7588
26.0879
27.6581
27.1448
29.3075
27.4793
29.4315
27.2171
28.1128
25.8805
33.3300
30.7158
30.8044
31.5546
28.8751
28.2669
30.6080
28.8404
29.1130
34.3679
29.2051
29.8411
28.1631
28.7170
26.9701
27.6127
29.6502
31.3659
32.6034
24.5410
24.7236
30.2805
32.8724
33.4052
26.1878
27.3745
28.7008
27.2458
29.2726
26.2244
25.9060
26.0138
26.9293
24.9349
26.7312
30.1125
26.4964
30.1205
