28.8646
26.8504
27.6893
34.0795
28.7733
27.3650
30.2810
24.2060
23.1663
25.1209
28.9209
28.0538
28.8093
28.5003
30.4862
29.1107
29.0772
29.2349
30.5419
28.6796
23.7458
28.0055
23.5728
24.2841
25.4603
26.1139
25.2774
26.1837
25.3339
23.7034
24.5215
23.2493
23.2149
23.4951
25.0582
24.8785
27.5317
26.8379
26.2465
31.3313
24.9958
23.9807
29.2981
29.8432
27.4237
28.4369
27.2243
32.0838
29.5499
27.0893
26.3269
24.1870
26.3989
26.6332
25.6783
31.3113
26.6772
30.9544
33.5781
28.7553
31.0480
30.0077
28.1002
31.7573
26.0337
27.6810
28.0801
28.2983
26.7817
28.3143
27.1238
27.4936
27.5136
24.7160
24.7930
25.8275
26.4564
26.9055
28.8088
33.9095
26.4939
26.5189
30.1933
28.2463
25.1963
24.8515
25.5058
32.9895
28.0371
28.7541
27.2514
25.4710
29.5784
29.7771
29.8638
29.3181
31.9138
28.1011
29.4844
29.0091
36.4996
24.8108
29.3987
30.5172
29.0361
26.4218
28.4471
28.5548
32.9481
29.4259
31.0872
31.8851
34.9470
35.2992
34.7862
33.6419
30.8953
31.4192
31.3211
25.7108
26.7376
32.3237
31.1082
30.5530
30.1999
30.4707
33.2225
27.9657
31.7107
33.4690
30.1514
31.2888
27.4599
31.5623
33.1295
30.5580
30.2271
30.4756
31.6700
31.9746
31.4597
33.8790
30.5260
29.1322
30.0825
28.8318
27.4160
25.9862
25.1587
27.0534
28.3483
31.1330
28.7373
27.1955
26.5273
22.9148
25.7179
27.0976
29.0294
26.3132
26.4739
27.7595
26.3454
27.5276
27.7747
31.1994
31.4918
28.5399
28.2123
28.7511
26.9648
28.9623
26.5372
28.8654
26.2076
27.1057
30.5090
29.2595
28.6426
26.1705
26.9566
27.2372
27.4602
26.3368
27.8495
27.7895
26.3978
29.2913
27.3707
27.8701
28.1525
31.7851
32.8691
29.6649
28.5363
28.4383
30.1623
30.1356
32.0332
27.9074
28.6862
26.2131
29.6153
28.7724
27.9500
28.4654
31.3741
26.2396
29.5840
33.5763
32.3217
31.3959
28.0403
25.7633
27.8820
27.8557
29.1955
30.5574
33.4489
33.3714
30.4178
31.4916
34.6026
27.8629
26.6615
28.7983
29.1443
25.3315
29.5180
30.7202
30.1418
24.3230
28.1572
35.1944
30.3695
29.9597
34.0655
30.6874
33.1468
28.5414
27.6600
30.6357
33.1246
30.3790
27.0037
33.5035
29.9860
29.0461
30.3796
29.9180
29.0583
28.0183
27.4294
23.9287
26.2284
25.2616
28.5955
29.7792
31.9162
26.2610
26.0615
31.2400
31.0150
29.8997
31.1720
28.8793
29.6386
25.4409
27.3247
28.1771
28.6472
30.6099
26.5703
26.5307
30.0531
33.2961
26.4100
31.6479
34.6225
28.2304
33.5259
28.8428
27.1595
27.5253
31.5600
30.8426
28.1324
28.9272
31.0253
34.6418
35.3561
27.5842
29.9359
33.9947
26.9112
27.9287
29.7268
30.0977
30.8508
30.5322
32.1643
32.0639
33.7087
27.5611
28.4446
27.1179
36.7484
34.9108
37.5781
36.0217
36.4374
35.5992
34.4991
34.7574
31.1383
30.4375
30.7017
27.7687
32.6266
34.5706
32.1473
27.7352
29.0520
29.2602
28.2330
28.3941
27.6398
28.5566
29.3076
30.7426
34.2819
27.2413
33.1723
30.0840
28.4011
33.3742
30.3031
35.9942
36.1998
32.9418
36.1919
34.7491
25.4340
27.7864
29.2070
32.7555
27.3519
32.5316
26.6445
33.2221
29.3256
30.0730
29.8213
26.6354
33.7344
31.9095
29.5864
32.1410
33.4738
27.6317
28.8289
27.3461
25.4836
26.2305
28.9367
26.3316
26.9688
27.2352
32.1827
29.2873
31.1562
34.9157
38.4800
26.0220
33.7697
27.2257
29.2399
34.6080
31.5823
26.6633
35.4655
36.9322
31.0761
31.7480
30.4794
32.9284
29.6409
27.6928
27.2119
27.1927
28.7252
27.3865
28.6496
28.4068
26.9403
32.4294
29.6247
30.3633
27.9723
26.3186
29.7452
31.4323
31.5327
33.3199
31.6913
36.3722
30.4111
30.6318
29.9208
31.1596
38.3167
32.9324
32.9367
35.3056
34.2256
34.2169
31.3122
36.8579
37.0120
35.5082
42.1446
36.5433
26.8311
31.0207
35.0810
31.4568
33.7758
36.5909
29.4567
31.8961
29.7323
29.4561
26.0468
25.0346
25.2530
26.4847
31.7706
27.8378
26.0776
29.2638
31.1833
30.0472
26.3247
25.8041
25.1005
32.0388
31.0560
36.4739
28.9813
27.6761
30.0959
26.1271
31.6114
28.4185
31.1837
31.9145
26.8681
24.0130
25.0649
27.9348
27.3595
26.6800
24.3550
25.0367
28.2421
29.5835
28.0947
28.7830
32.7911
29.1310
28.4212
27.2621
29.7086
27.9789
33.6658
28.5319
33.1070
36.2860
33.7299
27.7290
31.3262
28.7816
29.1458
26.9078
30.9648
27.0808
32.7566
26.1541
26.5539
31.1314
32.8018
30.7864
27.6244
33.3977
29.0360
31.5932
31.7605
33.8899
30.4778
32.6001
29.3488
30.8248
35.6138
32.2488
26.5747
32.0871
29.9666
31.0729
31.5967
30.2962
30.2086
27.4256
29.6545
28.1705
26.1660
32.6075
36.4544
27.3422
29.0419
28.1603
26.0258
26.9304
27.9226
30.7969
27.3047
27.5715
32.2158
36.7517
28.7750
32.3014
29.5590
29.3621
30.4077
27.1529
28.2065
30.3934
28.7011
28.0190
28.2261
28.3928
31.0624
31.7905
30.9131
28.8075
29.3030
31.2051
27.9957
32.3734
33.7638
37.4840
29.9631
27.4998
28.0225
30.5089
31.5527
27.3356
28.6609
31.9348
29.1913
29.2071
31.4089
34.8114
37.2927
31.1112
33.6180
32.3700
30.4024
29.6221
28.9640
27.9865
29.0961
27.2596
29.6480
33.3640
30.2042
31.3719
30.6085
29.4327
31.1541
29.3021
30.8796
30.8425
33.2947
34.0067
29.6959
27.0632
30.0254
30.6788
31.1061
26.1280
29.6244
27.9553
33.7148
28.4475
28.0192
26.8526
26.8795
29.0587
30.9687
33.6798
31.1666
30.2227
30.1261
29.1587
32.3567
32.2129
32.1773
29.9456
30.5349
28.5445
28.2238
27.1806
31.4314
33.8093
32.6275
29.0261
33.2620
33.1977
24.5391
25.8759
25.0416
27.8304
27.2105
26.2061
26.3599
26.2403
35.1608
26.8464
27.4495
35.3824
33.7352
30.3949
30.8147
30.7639
27.6174
28.2344
29.4283
29.7069
28.1947
27.7467
27.9115
27.2829
27.5397
26.4172
25.2355
33.0530
32.9625
34.0063
28.5744
29.5664
35.9358
33.3697
30.7030
33.4631
35.5595
32.7899
32.9077
31.1181
28.7886
32.4587
32.0614
34.6195
32.8698
35.6018
35.5543
31.7731
34.2586
34.0199
33.9432
30.0701
28.4565
26.6987
30.6325
27.7435
25.5357
26.3629
26.8361
28.1308
29.1937
30.7834
31.6587
30.7076
30.4036
30.4780
30.4852
27.6111
31.3146
32.6081
30.6841
29.8408
30.5311
28.6742
27.3531
29.5671
34.2246
35.0082
32.2823
32.5715
32.1949
32.0951
29.4884
31.8711
38.8702
31.2597
31.0359
30.4130
32.4983
29.2437
31.6072
29.9912
30.6181
27.2018
28.7202
25.1377
35.1224
30.6307
28.8072
29.7013
28.1441
27.9112
29.1244
28.6959
32.2646
30.1671
28.0088
28.0458
29.0364
29.4014
30.4209
25.4079
29.1846
29.8192
29.0093
32.5506
31.3586
31.3859
32.6931
29.6556
31.7109
29.4058
30.1235
26.7299
27.4641
31.2027
26.9419
33.3903
28.9069
30.3900
27.0272
27.7140
31.9341
28.9871
31.8203
30.2862
28.7450
36.7731
30.8752
30.4764
28.7993
26.4682
26.3175
27.6305
26.5969
26.5124
30.7160
27.9663
31.9649
29.9336
30.5781
30.8015
26.8954
31.4496
35.6274
29.4733
32.5417
35.5317
28.3365
27.0656
30.5406
26.1795
36.1488
29.0728
31.0777
27.7319
25.1314
25.1025
29.9218
29.8008
25.8228
28.0177
29.1015
31.2849
26.6888
28.3643
30.8995
32.2718
33.5670
28.3435
30.8999
29.8801
32.2921
31.0349
26.8094
25.5676
29.7483
31.2943
27.9719
28.3766
29.8473
27.6048
33.5415
33.8918
30.9352
29.0931
34.0383
32.7435
30.0428
32.7239
28.3887
30.6572
32.0613
28.8849
31.8394
29.6199
31.1781
30.7217
29.9245
31.2296
29.5564
27.7793
30.5808
31.7813
35.5925
31.3248
30.2137
30.5922
29.3251
35.8064
33.7592
31.8679
30.8247
28.2994
31.9579
31.2667
29.6002
26.8394
27.6325
29.0887
28.5407
31.0883
29.8094
33.1319
28.7332
28.4368
28.2265
27.1884
31.6188
28.6531
29.6097
31.1235
31.2292
30.1632
31.2577
28.3176
34.7953
31.8444
31.2726
24.4037
31.2293
31.9414
25.9195
31.7428
31.6980
30.3837
27.5594
27.9506
29.9271
25.5858
26.4792
27.0809
29.3323
29.1333
35.9804
43.9311
38.0591
32.0382
40.0521
27.7763
33.6147
26.7450
32.4510
29.3843
32.6112
34.9496
30.4324
28.1020
35.8611
26.1392
27.3960
26.0106
33.4075
33.9238
31.6066
30.8656
33.6663
30.1803
33.3640
27.2422
33.1350
28.3599
34.7950
37.2844
33.8750
29.3624
35.9858
34.2426
28.5459
28.1123
28.2154
28.3341
31.5377
36.5383
37.7998
34.6533
30.3112
32.1748
30.6312
27.6761
31.6314
33.1323
30.2612
31.7564
30.2203
29.9283
26.9611
27.7322
28.5456
33.5753
33.2052
35.9869
36.7322
32.2497
35.7564
30.7671
34.8276
28.7857
25.0070
28.4409
27.6287
26.3511
26.1390
26.7355
29.6295
29.6850
28.8744
26.7026
33.0010
34.4093
31.8702
26.4941
29.9502
32.4395
27.2202
39.3633
40.8537
35.9579
41.9206
33.6722
27.6303
29.0649
35.7081
29.8954
30.3053
27.5622
28.6452
26.6024
28.0416
28.1787
27.1652
24.9108
24.0474
28.1877
26.9311
24.7455
24.4789
27.1471
31.8962
29.7989
30.3122
27.4744
30.9243
29.0917
27.6913
29.3129
30.5229
31.0939
29.5220
27.6036
29.8307
31.5076
34.3194
32.0655
30.2572
31.6375
34.7763
25.7519
29.9887
29.8338
28.9751
27.3890
27.1583
31.7702
30.4598
32.1514
27.5286
25.2454
27.8089
29.7556
28.8221
32.8556
29.7293
28.1057
28.0112
30.6404
31.5167
32.3429
29.8049
31.4524
27.6250
30.6025
27.7083
27.3987
28.5490
29.0997
26.5431
27.0704
29.1196
27.1711
28.9983
28.6830
27.4432
29.0632
28.8966
26.6190
26.9853
28.2719
27.5119
24.1519
25.7234
31.3775
31.3301
29.1988
25.7663
26.6900
27.3622
24.6268
25.9660
29.8128
28.4691
28.5389
28.4203
26.8604
27.9911
29.1524
26.6450
28.1772
25.1287
27.4192
26.4071
29.2475
26.4019
25.8121
25.4077
29.8140
26.0430
26.3831
26.2072
33.9629
29.5606
30.8764
34.6147
35.8522
27.0419
26.7922
27.7517
28.4463
29.7485
32.9197
28.6365
31.5916
28.8981
29.6850
30.0300
28.7451
28.9027
30.1810
31.6464
30.3253
29.6250
35.8154
24.6404
29.4761
23.8010
25.9532
24.9455
25.4773
27.1968
27.5673
27.5069
27.3591
28.1098
34.3338
31.1503
26.7049
25.1400
24.6490
29.9013
28.3227
28.3894
29.9647
26.0608
29.2974
27.6579
35.1387
30.0153
32.8209
30.8049
31.4520
27.6121
37.2884
27.4834
33.7422
31.2127
30.3008
31.0395
32.6589
31.3722
26.6991
32.7546
32.2414
33.3788
33.9022
38.5536
36.9313
30.8208
25.8659
28.1115
29.8949
26.1155
24.0106
28.2781
36.3696
32.4625
30.5830
29.9988
28.1012
27.6339
30.4741
35.3778
35.4223
37.1165
29.1922
30.6080
34.7762
26.5616
26.7931
29.0864
28.7600
27.8802
27.3618
30.6520
26.3102
27.4669
25.6672
25.8601
30.3622
29.7865
26.6877
26.2348
28.9699
36.0638
34.3231
29.0795
31.9787
28.6580
33.2660
36.6161
29.8190
28.3833
30.1316
24.5705
33.6652
25.8587
28.9012
26.5421
34.4170
29.2821
27.5026
32.0447
30.6059
30.5948
25.1235
25.8979
26.2762
27.4180
29.9758
28.6790
27.5057
32.0467
30.7173
32.5941
30.3638
29.8923
28.3858
29.4694
29.0185
28.7375
25.7708
29.6728
29.9385
26.8685
29.2948
29.3501
26.1776
28.2662
24.3420
27.1362
24.7794
27.2096
27.5989
28.6167
26.7575
30.8469
29.5445
30.0735
29.1331
26.4417
32.6042
26.3959
25.8426
25.7241
31.2860
27.0928
29.4993
26.0280
27.0639
30.3649
26.8262
27.4518
27.7651
29.4112
25.7340
25.4164
27.7834
28.8072
28.8605
28.6440
35.2445
28.3515
30.3462
29.9848
25.7005
24.4731
29.2032
27.0495
27.6179
26.8469
31.0118
27.4066
30.9819
33.9748
38.1604
37.0433
30.8096
33.7280
34.1986
32.8703
29.0269
31.9920
33.9272
30.7918
33.1088
28.7963
25.9047
26.9407
30.1964
29.6999
29.2181
31.7292
31.0302
29.6171
28.9360
29.3145
32.5019
28.1730
29.3605
39.8070
28.7634
28.7484
32.5689
31.9503
30.9689
30.0657
29.5842
27.8753
28.0879
26.8979
26.6059
27.8671
26.1313
28.5471
32.7413
29.5961
26.3918
26.5553
26.6570
30.2989
28.4052
26.4843
27.6098
28.6821
29.1614
29.3174
24.7696
25.3511
30.9457
33.6464
28.7726
28.7302
28.4873
29.0453
29.7694
40.1375
28.4639
35.5773
32.9737
27.1657
36.8897
31.1988
29.3097
31.7056
28.6836
32.8900
33.1499
30.4890
35.8966
30.7356
27.6167
31.2416
28.5146
31.6052
30.4668
29.7415
29.7347
28.3260
30.8878
31.2611
30.4003
26.7099
28.6509
25.1354
27.9130
34.3109
29.4779
33.0482
34.4938
27.0005
30.2329
27.1029
28.3424
26.2990
27.1545
26.0605
26.8595
29.2609
26.0877
25.3231
26.8054
26.9741
28.1709
26.3106
25.5182
28.6364
32.2954
27.9511
31.9587
28.3745
28.1390
28.2932
27.0455
30.3894
33.1273
32.2304
32.6898
29.3536
27.5079
27.6395
26.6886
28.4382
29.9796
28.3047
26.9177
27.2527
29.0932
27.8446
29.3271
29.1235
28.8868
28.7949
30.4514
29.5377
28.2292
29.1994
30.7155
28.2812
30.6131
27.7842
28.8941
28.5859
30.2895
26.2665
30.6805
30.7505
25.4099
27.8008
30.4851
27.3868
27.5645
28.8265
28.5922
27.2124
25.9029
26.0170
27.2748
26.5919
26.7647
25.5391
25.4470
29.3670
31.7183
29.1526
32.0054
31.8098
30.5201
27.9131
35.5661
37.4990
32.6892
30.8546
25.3773
30.6908
29.6026
32.8989
29.5570
29.7346
33.4961
28.7701
27.2500
31.3164
31.8070
32.4931
30.0231
27.8622
28.0664
29.1653
29.9770
30.1089
28.1397
31.3873
29.4147
26.8425
27.6238
33.3509
26.1434
32.4775
29.6371
27.6568
32.3462
28.2659
33.7139
36.1650
31.6338
25.1973
29.2701
27.1911
28.6238
28.2213
29.1087
31.2511
28.3323
30.2716
30.4353
25.6122
25.0674
25.8517
27.7456
26.0753
28.7735
27.7908
30.5572
29.4864
27.5370
26.2771
29.0113
28.0521
27.7268
29.4827
26.2703
29.7774
31.4079
28.7795
28.9832
31.0345
30.1557
27.6398
32.9368
31.9603
29.4450
32.2250
28.8772
29.9106
28.7875
29.5007
29.1446
31.2157
37.6693
34.7463
30.0033
32.6137
35.7258
36.8730
29.6072
33.0102
33.1890
31.5191
29.8880
31.3255
36.6603
31.8715
33.9490
31.3036
31.6209
34.4066
32.5928
29.4340
33.5085
33.1023
32.1372
33.7981
32.7183
30.1652
29.2329
29.7627
35.0611
27.4563
33.4713
27.9136
27.6258
32.2784
35.0791
30.0922
36.9306
32.4439
31.3929
28.0738
27.4822
35.0845
31.2321
33.1308
31.4888
27.1648
33.3268
37.3279
29.1701
31.0162
32.3364
33.0370
27.9074
27.0208
32.6768
30.2492
29.1105
29.3793
28.4177
30.3818
26.9837
29.2665
28.8291
29.1476
28.3649
27.3043
24.1437
26.7749
28.4323
26.6516
30.4131
25.8853
28.7313
29.1448
34.0132
29.7571
26.5807
24.4975
25.1249
25.5730
25.2086
24.2068
25.8067
27.5835
25.8483
25.6035
32.1227
35.9476
36.1181
37.3615
31.3347
36.5097
33.1963
30.6407
33.0543
29.1712
29.9291
30.7717
29.3525
31.6377
29.1261
29.9555
31.9039
30.8904
31.6196
31.8523
30.0770
33.8992
28.2243
29.1478
28.3030
29.9414
34.7207
37.2996
30.6389
31.5657
28.8560
28.0103
28.8968
27.4345
30.8065
28.7731
26.9788
28.2453
26.7619
25.6154
27.7656
25.9446
27.3763
27.7315
28.8710
31.5510
32.2640
27.8270
30.5813
26.8106
28.0204
28.0327
30.8415
27.1706
31.0278
30.5011
32.1333
27.9145
29.2693
38.4329
29.2477
30.0820
28.0191
28.5143
28.5274
27.0720
27.1371
27.4615
28.6614
29.0695
29.0053
28.6308
28.5752
29.0520
27.2690
29.9724
27.8886
28.1015
30.7758
30.7857
31.1547
29.9197
27.7757
24.2572
25.8990
27.9501
25.2270
28.1542
29.9176
30.0519
29.0532
30.2712
31.5779
30.8699
34.3914
35.5972
29.7369
31.4190
32.1913
27.9983
26.1340
28.1559
31.5530
33.9737
34.8739
25.9440
26.7005
33.1540
26.8667
29.2503
34.5681
29.7548
29.0322
27.8547
28.0378
28.9644
30.3914
26.5905
33.6871
31.5273
33.5335
35.0935
30.1483
31.0476
32.4708
30.1596
32.1368
28.2161
30.6498
28.8905
29.6979
31.2347
35.5819
29.8508
26.4562
27.1462
28.1491
28.9446
27.1840
24.9447
27.2272
29.5407
31.0875
27.6099
31.0357
27.8916
29.3850
26.4617
27.5685
28.0684
29.1712
35.4997
29.1138
29.3677
28.0510
26.9957
29.6939
27.0203
27.1861
28.2465
27.9324
26.8610
24.2307
23.5978
26.4334
28.7141
25.8167
26.5872
29.9765
26.9429
28.5473
25.2409
27.7093
26.9181
32.4110
27.8594
26.7538
26.0932
29.6664
28.7585
27.8904
33.4682
31.7974
30.8956
28.2149
32.5379
30.4077
30.5846
29.7137
29.4596
35.9773
31.7433
31.7647
31.2798
30.2898
29.8164
33.3009
30.3643
29.0196
30.8148
27.6612
30.0376
30.1131
29.6035
29.2711
26.6625
28.0775
25.6673
24.6900
27.7408
25.5999
31.7004
33.0927
30.6577
30.0221
34.7033
31.4595
28.1201
30.1168
32.2910
34.8726
27.4801
27.6592
26.6020
29.8580
29.4165
29.1854
29.6333
31.5002
33.1231
31.6580
28.0549
28.0548
26.7588
27.1446
25.2297
24.9189
27.9837
29.2759
27.0922
27.8037
26.7785
25.3373
26.4471
27.7062
26.1846
26.3562
26.8697
26.1367
27.1668
26.1174
27.2141
24.2700
25.7348
28.6987
28.6140
27.3421
26.4725
28.5894
31.7634
29.9390
30.4044
26.6869
31.3911
28.7610
35.8293
37.5814
29.4974
31.9765
27.0870
32.7550
32.3829
30.0253
28.9800
32.8315
31.3177
28.0420
29.1859
29.0338
32.8966
26.6734
26.2155
29.7202
30.3516
32.0790
27.7620
27.9906
31.1675
30.8607
28.6754
29.2613
28.1528
24.5810
29.4962
32.2501
31.9968
33.7149
30.4159
32.0209
42.4907
30.6886
27.9225
25.6767
27.5594
28.2365
25.1202
24.1862
25.2928
28.5589
29.5995
28.0293
30.1181
30.6447
32.0032
29.1491
27.0799
25.8963
26.2260
25.8434
26.4072
26.0832
27.1834
25.6061
25.6799
24.3325
29.0627
25.4902
26.3181
30.5590
26.3904
27.1981
30.1059
28.0613
26.9339
25.8908
27.6900
26.6822
25.3660
28.6064
27.3292
36.2941
32.4315
38.2706
33.8309
34.9403
37.2205
32.7539
27.0627
41.2053
38.6553
27.7659
31.1936
27.4942
26.7767
28.0881
29.6839
26.2000
29.9220
25.6089
27.1842
32.9615
32.5974
31.1942
29.5444
30.0923
38.6141
26.4549
28.7870
28.2297
29.0993
29.6940
27.0718
24.8654
31.3064
31.0971
29.9118
27.0002
26.4844
31.5779
29.3491
23.8662
24.2222
25.6503
29.3141
28.0207
27.2909
25.2501
25.5424
28.5564
23.0514
25.4764
27.1019
28.0542
26.7582
29.2509
26.3319
27.7309
26.1321
28.1908
27.0459
27.1633
28.9490
26.5900
28.1727
27.5123
28.1145
27.7940
31.6831
31.7326
27.4996
27.9878
28.7361
27.9992
28.7268
28.5991
26.5641
27.4248
25.9445
28.9677
29.6504
29.3233
26.8510
28.3920
30.6817
26.0447
33.3004
31.0399
28.9169
31.9350
24.4721
26.5083
27.7667
26.4141
32.3615
25.4583
32.4130
35.9616
28.1460
26.3691
29.4172
30.5382
30.8413
27.4501
27.8162
28.3350
28.6627
30.7746
29.9179
26.7039
26.8359
28.2576
30.6245
32.6483
27.2831
30.2931
27.6741
35.0162
28.8119
27.8014
31.6834
33.2336
27.8540
26.7596
28.1469
29.5384
27.2957
33.4988
33.5306
29.3792
35.3187
31.2174
31.5689
27.8675
35.9349
30.3548
28.1761
31.1454
33.8225
32.8977
30.7063
29.6694
30.1617
32.5143
36.1523
29.6734
29.4144
28.9476
29.4069
31.8589
31.8852
35.8636
35.8569
32.3115
29.2767
33.0574
33.1675
26.6185
26.8514
38.3694
27.6736
27.9420
29.7648
34.4012
33.1786
28.3097
30.6611
27.8950
28.6157
28.3453
28.1688
33.0374
32.0706
28.5575
38.9499
34.9521
28.6330
32.1725
29.3893
27.7372
28.0582
28.9637
28.6429
28.8311
34.6915
24.1884
24.7714
33.7064
34.8964
32.7643
32.0689
34.1385
31.5439
33.7541
29.3408
27.9338
26.6917
28.9729
25.5058
26.7042
30.1238
27.0192
33.2925
32.7504
32.3792
28.3988
36.5842
30.1258
27.3493
27.2700
25.7983
24.1155
28.7258
31.0005
29.7732
26.5251
26.1368
32.8860
26.7315
26.2294
26.5397
27.2039
28.1078
28.4782
33.5058
35.1047
29.6776
37.9324
35.7539
35.6660
40.1444
44.7129
40.9375
26.4880
25.2497
26.1705
39.3011
27.3082
25.8475
24.3992
24.3074
31.1986
30.9364
29.0250
33.6673
26.7263
31.0545
29.1352
25.6490
28.5100
27.9984
28.1584
30.3590
33.0040
28.7095
38.9035
30.8052
39.9635
38.1071
35.4085
37.4447
37.1337
31.3037
34.8418
35.1415
35.6938
23.3761
24.8188
25.9498
26.0443
25.3936
27.1212
24.6923
26.9234
29.2385
32.9352
31.3741
28.7743
26.6590
25.1838
33.3412
30.2094
26.8686
26.2064
29.8229
26.6554
25.6794
25.8528
24.2267
24.9517
26.5671
25.6510
24.6467
25.1997
26.2920
26.9629
25.7370
24.9120
24.7573
26.8348
25.7631
26.1097
24.2994
25.6854
25.0225
24.9343
23.8734
25.9434
30.0086
25.0856
28.0493
30.2158
28.9261
28.1025
25.7521
26.0813
24.5469
25.2334
25.9738
33.3325
29.2455
34.1130
32.6780
32.8998
32.8303
28.2196
33.7839
32.5138
31.8232
33.5807
29.1989
29.0829
29.4702
32.4176
28.6076
24.9280
37.1095
30.1479
26.7052
30.9995
25.8970
25.4031
27.7141
27.8040
28.7501
30.3493
33.2015
28.5336
29.3089
31.5920
28.4739
29.6378
26.6934
32.9714
30.4863
29.5516
26.8916
29.7297
29.5413
26.0371
35.0574
30.7483
26.6274
28.5121
27.7329
30.6063
31.3090
25.9863
27.1723
29.1803
29.0263
28.6848
27.1453
32.2149
27.5169
28.2528
28.1948
25.9610
25.7203
26.5373
30.2328
33.0218
32.9910
32.8975
31.7770
32.1215
25.2038
25.6978
26.3100
29.4739
26.7270
30.5025
37.7050
29.7223
29.7679
34.7960
28.2162
29.6001
27.0197
27.9376
28.5335
29.2452
31.7776
29.1335
27.0185
29.3954
27.4524
28.7110
33.4603
28.9889
30.2842
27.5372
27.7920
30.2313
30.7206
27.9049
27.2366
33.9420
31.0460
27.7182
29.0932
33.1071
34.4830
34.3270
33.3678
33.1922
33.6657
33.6891
30.4723
33.7173
29.5898
33.2267
35.9769
33.1306
29.3305
27.7009
23.8387
24.1733
26.4813
27.4019
28.9028
31.0757
31.5508
29.4297
26.7406
34.3087
29.5291
37.1940
32.2048
29.9650
32.1573
27.4601
28.1890
29.9400
33.5795
30.2230
28.7043
30.3231
31.1185
36.9106
35.7831
39.6449
36.1568
29.1223
31.5665
26.1047
34.0026
32.6711
26.8527
31.1733
29.6617
29.3968
26.3195
31.7518
27.3974
31.4776
30.6823
29.6208
39.0768
25.3768
24.1889
33.9092
30.0044
29.9719
27.4271
30.7407
26.0396
30.2320
28.0795
27.5263
27.1130
25.0112
28.6940
27.3324
26.9459
28.0597
31.3707
34.6360
32.1439
36.0841
30.1614
33.6713
31.3781
28.6457
27.6329
27.4888
29.3428
29.8476
24.5297
30.5382
32.0775
25.6470
30.5790
26.8986
27.8500
34.5582
29.0265
27.3656
28.4251
33.7569
35.8820
37.7495
28.5787
33.1477
30.6449
26.9243
31.1152
28.0209
26.0722
27.9516
27.4516
30.3228
25.4375
36.5795
30.4900
28.4721
33.8945
24.5990
32.2002
30.7878
35.7883
29.4269
35.0356
30.7062
25.9588
33.5370
28.6085
28.0015
29.3651
27.3812
26.6793
30.2123
25.9873
26.4678
27.3577
28.7202
33.0688
34.5586
35.5719
33.9301
32.9158
30.7855
30.9587
29.8139
29.2568
26.7033
26.9109
32.2647
29.6369
28.3685
30.0731
37.3113
32.1966
28.9330
29.8178
30.1865
33.2454
34.3139
36.0779
33.1317
32.0150
25.9425
27.8951
27.3036
26.6043
26.5841
26.6292
33.1328
31.5056
32.2741
35.3692
33.5096
33.0802
32.3759
32.1459
33.1275
31.0861
32.2503
28.0518
28.2473
25.8535
28.7724
26.5711
28.1300
36.7144
34.3190
34.4871
27.4414
28.5818
28.4721
32.3509
33.9406
38.6029
31.0436
30.8256
37.2407
33.2407
30.0121
38.8265
39.4635
34.0671
37.2015
33.7771
34.5542
33.8053
27.9994
35.5547
28.7551
30.4167
29.8513
38.5290
43.7873
34.2349
27.1934
28.5053
31.3008
27.3175
29.5928
28.3056
29.6982
31.1838
30.9766
29.4349
31.0241
32.6014
31.0849
27.1373
30.5934
27.1650
29.8910
28.4236
32.5700
29.4385
31.1893
27.8791
28.7358
29.9696
31.7981
29.1519
31.5958
33.7472
28.8504
26.8647
26.5262
26.1404
26.4741
30.5412
30.1067
27.9701
28.8071
27.9559
28.7855
25.4044
26.3671
30.9313
28.5723
25.9969
25.8941
27.3896
24.4065
25.7455
24.8923
24.4027
27.6791
25.5679
26.8007
29.7200
25.1190
24.6015
25.5018
31.6233
30.3650
28.8613
29.5824
29.3892
35.0663
31.2337
32.0303
33.6432
31.5145
32.1823
33.5210
35.8808
36.1345
27.3471
30.0023
25.2597
25.8729
32.1894
28.4106
26.3117
26.1340
27.7747
30.1151
28.5711
28.1953
28.5469
28.4896
26.9134
32.2546
26.5653
28.4268
26.8636
31.1795
27.0901
27.2448
25.9881
25.9539
34.7152
34.4950
29.7921
31.0258
33.1686
29.6492
34.0763
30.3815
33.4890
37.5852
30.2202
30.8500
29.0688
35.1057
25.0632
29.1856
28.8208
29.2499
30.6601
27.2813
27.4898
32.3529
27.7980
24.6793
25.6828
25.2830
27.5540
28.3201
28.9392
26.1495
24.9976
24.2454
27.9763
37.1690
36.4658
28.1894
26.7648
30.1463
35.8858
36.2576
36.3553
35.0940
30.4748
25.0858
27.9472
29.7860
30.1332
26.0365
32.4339
26.4005
30.6847
27.8782
28.2796
30.3293
30.6434
31.4332
28.5441
32.7651
33.6826
30.6881
28.8009
30.5314
29.2760
29.4442
29.8168
28.0383
31.8106
30.3440
29.5450
29.4919
27.6159
31.6774
24.7339
29.4580
33.3660
26.1017
27.6127
29.5882
29.5751
29.1736
29.1185
30.8610
29.6277
29.7293
29.5089
28.7656
22.9700
24.1874
24.3830
25.9194
32.7796
29.1504
25.7140
28.2340
30.4040
28.5965
30.2921
29.6959
30.1771
28.8991
28.8388
29.4434
31.1380
30.1488
32.0568
29.6804
25.8787
31.2905
29.5655
28.3218
26.4513
28.5645
29.4594
31.4702
25.1200
31.3045
29.3888
30.4321
26.6791
27.2216
34.0783
28.1706
30.3350
28.1617
25.6049
25.1796
31.2352
25.8815
32.7913
28.9310
31.4749
27.9808
25.0374
29.6669
26.3597
28.8070
29.9716
30.8218
27.5173
26.4546
32.8472
32.1186
33.8371
26.3627
26.3557
27.7600
30.8586
30.9693
30.5590
31.3849
30.0074
27.9780
28.0502
33.8499
31.6038
28.2678
30.4542
27.1951
29.7858
33.0269
32.3759
34.8036
30.2579
32.5282
26.6383
26.4363
27.3071
28.5979
25.8988
25.2283
28.1375
30.2232
27.8341
27.1342
33.8290
34.9725
32.8031
32.9955
30.5592
30.5426
31.0552
31.1012
29.1754
34.5847
30.6931
31.8014
33.0308
27.3754
28.5766
29.9838
30.5029
30.6302
28.5920
27.0678
28.0433
27.2691
30.7629
29.8199
33.3586
35.4508
45.4152
29.6670
30.1401
30.8750
27.4249
27.0443
29.4728
25.5115
27.6793
29.0343
28.8003
35.6169
33.3596
28.2629
27.3501
27.7674
27.3435
31.2197
24.8847
33.9236
29.6894
29.8481
31.1553
28.1602
27.5464
25.1967
25.1762
32.2893
31.1712
27.1942
30.7956
28.9604
31.3436
27.8450
31.2837
25.1806
30.0503
31.9613
28.6729
25.6031
28.7410
27.5322
29.7747
31.3123
27.5661
27.0654
26.4988
29.9091
28.4633
30.0295
27.3764
27.8291
31.9905
30.0929
28.4764
33.3520
25.8458
29.5518
29.3286
28.1732
26.3323
27.1166
27.1789
24.9440
27.7349
29.9059
30.4337
27.4562
27.2523
31.5214
27.7372
27.9887
26.2231
27.5926
29.1729
26.0766
30.3687
30.2352
24.9513
28.0245
32.9073
31.3997
32.0277
25.0402
26.6141
29.5780
30.9650
32.0172
29.4182
31.9223
36.0833
32.4941
26.5325
34.2205
30.5056
31.8459
30.4385
31.9998
31.9568
33.4986
32.1032
33.2070
29.7444
27.2282
26.4674
28.2453
25.4591
30.7345
28.9548
27.3030
25.7313
27.4480
30.9531
33.0074
27.2090
34.8066
29.6809
28.9591
33.3051
36.6140
31.1720
32.0110
26.1469
31.1045
30.5256
43.3736
43.1097
37.5164
33.2986
36.7087
34.5929
30.1319
31.7763
33.8029
30.7096
33.7184
37.3176
32.7980
43.6106
33.4189
34.3146
28.4628
28.7115
32.9093
32.0158
29.1704
26.1823
28.3030
25.9565
26.7867
27.3804
31.2872
30.8797
25.7655
28.4314
25.3215
26.4960
25.7323
25.2682
24.7470
28.9857
27.6170
28.5377
28.9013
25.1811
28.4180
34.3387
32.3971
28.5251
26.0694
26.0705
29.0513
31.3329
27.5073
25.4587
27.6329
24.7905
31.4769
30.5018
24.3107
26.9046
29.6565
30.3298
32.3398
29.0646
27.9419
26.9738
25.3719
26.9670
25.8945
25.9252
27.7887
24.6733
26.9109
32.8045
26.8843
27.4319
28.5026
32.2969
28.3814
30.8287
26.2134
25.6907
28.6718
28.9073
27.3537
32.1134
29.6963
31.5005
29.3700
29.2406
27.1241
32.8800
26.3099
30.5502
28.9464
28.2375
27.3404
26.6185
25.0962
27.1096
29.3290
28.0735
31.4205
28.6712
28.6353
26.3872
29.2786
31.5238
29.2702
28.6067
27.1022
28.6761
28.0267
27.7951
28.6964
26.5702
26.6215
27.7783
27.7909
29.3045
30.9697
30.6999
37.9781
35.9468
28.4315
27.0326
27.9876
28.7259
32.9581
34.3457
27.8184
27.4118
27.5865
29.0720
32.4109
27.3164
27.6742
34.1282
30.8833
30.9074
26.6413
29.8604
23.6119
24.5000
27.1178
29.3182
27.3992
30.5603
27.2283
31.3603
30.5930
29.7234
26.5456
30.4939
34.6956
29.9019
26.7021
28.7557
29.7413
29.0591
27.3721
27.6933
31.5230
34.1065
31.6183
29.3977
30.3003
31.0813
27.9190
31.8972
28.2624
32.9171
29.8355
33.8613
28.4017
27.1574
32.3997
35.4305
29.8393
34.6534
29.1789
32.7343
34.2521
31.7250
36.0986
31.4337
29.5134
29.7054
33.6933
28.6004
37.0958
38.7430
30.3442
32.3282
28.6786
42.0745
30.9119
31.8150
36.1277
44.9179
52.4251
32.2330
32.9986
39.8816
29.8940
29.3981
30.6837
34.2497
28.7053
34.6390
30.4559
34.9868
32.7807
31.6712
38.5465
34.9090
28.5782
30.5857
38.2382
33.8289
31.8237
31.8376
31.3066
32.9958
24.4076
32.2905
33.2761
31.4442
32.8601
35.7360
27.9390
35.8957
34.4260
37.9209
33.7845
33.5576
35.3629
26.3552
33.0300
24.1064
25.8582
26.2196
28.5734
28.0736
37.5111
33.3445
37.0316
35.3450
38.6094
40.9672
30.0020
26.9088
30.1880
31.5001
26.2369
26.7561
25.5601
27.1323
28.4975
30.1746
29.9761
32.8742
32.9416
33.8193
32.4651
31.0075
30.3104
31.1709
29.9402
30.4845
29.6806
39.0518
26.6462
28.5252
31.7009
28.3326
29.0716
28.1124
28.4649
27.0241
29.4670
29.3117
27.0907
27.8955
27.7184
32.1597
28.9009
30.2027
30.5235
40.8281
31.5994
37.5954
25.8307
30.5883
32.3003
29.5232
30.0319
26.1916
30.6223
30.5243
28.7487
26.7721
25.3211
24.7169
24.0044
23.4185
25.4003
25.4681
27.7413
32.3518
29.7334
26.8726
26.6382
27.8565
28.7041
31.9989
32.7664
27.5232
28.2287
34.4393
27.7560
24.1626
27.6462
30.4742
32.8343
26.4076
28.8423
29.9906
27.1243
35.6573
28.9053
35.3497
30.0646
29.6935
30.6963
29.7168
26.5537
25.5142
26.4761
31.8424
33.3080
34.6755
32.7463
37.5978
30.8010
33.1450
27.0908
25.2446
27.2743
24.5502
29.3740
33.3162
27.9064
25.7013
24.4361
24.9165
25.5318
27.7532
27.7914
28.8032
27.9836
23.8009
24.6674
23.9912
27.7909
26.7731
27.4199
34.7467
26.4610
32.1589
26.4280
27.3483
26.4932
27.0650
24.3614
26.8567
29.1711
29.1811
28.3100
28.0824
27.3799
29.3128
25.6182
26.8734
28.9270
26.9103
24.3050
30.0554
28.3471
27.3853
25.8000
29.4843
28.8172
28.7048
27.0998
26.7414
26.3819
25.4488
25.5164
25.7787
25.6128
27.1299
28.3033
26.6008
27.5879
25.4431
31.6043
28.6547
26.0387
25.4091
28.8775
27.5224
27.2661
27.4465
25.1696
27.3853
26.4834
28.1785
30.2424
28.3438
33.9620
36.7197
35.7292
31.2905
28.9708
29.4448
29.8962
37.5700
35.4988
29.8435
29.6246
31.5940
33.2573
29.7475
32.2462
31.2287
29.9003
42.6102
37.1457
32.5119
28.0855
30.6881
31.1041
34.4379
29.6324
29.7233
27.0376
29.5642
27.9031
28.9872
26.9526
25.7387
25.7181
25.5356
26.5337
25.9958
28.3240
31.8434
26.8164
25.1207
26.7709
28.6866
28.0520
27.4761
24.1971
22.7404
27.3107
26.2208
26.3799
25.7802
27.3423
27.4514
23.9422
24.5619
27.1613
30.8800
29.2067
30.3855
36.0757
26.9943
36.5187
28.8495
31.9082
28.7057
31.5090
34.3247
25.5684
34.1425
27.8990
35.0389
28.2190
28.0164
28.7668
27.3976
25.4958
28.9579
32.2089
24.8349
26.2441
25.6208
28.1426
31.1995
31.4106
28.3333
26.7983
27.9603
28.9258
28.9759
26.3846
28.3960
27.4790
29.6614
24.9131
26.5323
23.9341
34.5386
26.4227
25.9926
25.3624
24.7841
24.3054
26.5388
26.0233
26.6574
25.9840
24.0539
29.0285
33.8341
34.7617
26.2602
29.0149
27.5155
32.2355
30.6833
27.3905
26.4789
26.4812
24.4672
25.5719
33.6121
32.8239
31.6719
32.2911
32.1245
33.6686
29.3142
32.1578
27.0851
29.1080
34.5627
28.0213
29.8001
29.5173
30.7528
28.1972
31.9085
38.8547
36.4509
26.8106
28.7361
33.7884
32.1995
29.0541
29.6844
28.1448
28.2377
28.4905
28.1499
28.3756
31.0698
31.0504
27.0560
27.2969
27.1644
26.3554
35.0986
25.4082
27.8886
26.9507
33.5689
33.7615
28.9058
25.3787
25.0391
30.2098
30.5619
33.5704
27.2252
27.3224
30.1531
28.3477
32.3025
27.3332
28.8064
27.4874
27.0415
26.9788
25.7018
31.9685
28.1951
29.5927
29.5608
27.0228
31.5647
34.3571
27.1683
34.2246
29.5623
27.8457
28.1650
31.2770
27.8992
32.7209
24.2281
27.4868
26.0058
28.2621
27.0867
25.0532
28.0469
25.5644
29.6485
27.6382
34.1321
29.9341
27.3623
28.4683
34.3813
28.5318
28.6130
26.5150
30.1492
28.1492
27.1215
28.0833
32.0582
27.2637
29.3807
26.7940
27.7326
26.1088
25.4516
26.5188
27.2279
28.2871
27.5287
30.0613
30.0135
27.2824
25.8638
25.5359
27.9731
27.7850
28.5439
29.9250
29.2408
26.9798
29.8941
28.8317
30.9435
30.0771
26.9927
29.4964
32.8478
33.5604
33.3834
37.2512
37.6126
28.9560
33.5784
36.0371
31.2733
26.8502
26.2241
25.1137
26.4475
26.8792
25.3674
30.7184
26.4569
25.6337
31.3933
31.2602
37.8323
33.5100
31.6208
30.6361
29.4255
31.8867
40.4765
30.0727
26.0976
26.5672
38.1709
28.7694
32.8111
27.7991
38.0366
35.7964
28.4401
40.6410
34.0213
34.3031
29.5106
29.2317
25.6201
24.7104
25.6858
34.6287
28.7314
33.0000
33.7336
33.8258
27.9070
32.3196
28.8402
35.2414
29.7558
25.5612
30.9509
33.2854
40.5606
31.0285
30.8893
32.9118
43.5646
29.4617
28.0213
27.8334
31.9406
29.2283
34.7741
33.0113
33.9148
24.3998
25.8794
28.4863
31.4788
30.1509
26.4800
28.7291
29.5304
27.7065
27.9306
29.1012
27.0167
26.6555
27.5040
30.2755
27.0368
29.5232
29.0838
28.4167
24.9004
28.8334
25.9095
30.3248
33.4124
29.0008
32.5911
33.4832
27.4361
23.3894
32.9076
28.0892
25.8453
31.8572
33.8150
32.2393
30.0129
27.2522
25.4342
24.1300
24.8743
28.5205
28.3598
31.3999
28.3740
27.0836
27.9302
30.4443
29.5750
29.2795
31.5105
28.1872
29.7532
39.9931
31.2948
34.9182
28.7303
26.4639
27.9822
33.4339
28.9702
33.9259
38.4801
33.4681
32.6575
26.5355
31.5573
28.1204
29.4374
26.7880
33.8961
36.1599
33.6294
31.8105
24.7805
30.0260
30.2432
28.1382
27.0393
29.4522
26.6440
23.5769
25.0910
24.0811
24.1896
25.4187
27.0131
28.1055
26.7782
29.3269
33.4923
28.4293
33.8206
33.6455
37.2920
34.3393
31.7338
33.6138
30.9000
39.6443
29.5661
31.9406
28.5676
29.9276
30.2469
29.3583
26.7569
27.5249
30.7557
26.3711
27.2231
29.3117
33.2672
29.4060
27.0764
26.9974
27.4087
26.4823
26.3321
28.6108
34.0258
28.8554
32.2565
29.1071
28.8218
29.5890
28.2381
29.8062
28.2161
30.7249
29.2171
29.9146
33.0419
29.3075
28.5424
29.9421
31.3944
29.3416
29.4593
29.3325
29.2629
33.2815
26.9100
30.4454
26.6984
27.4625
25.1118
27.0009
25.1186
26.0373
27.5524
27.5117
32.5125
27.2293
27.5805
27.3185
26.4151
29.1388
29.4788
28.4391
27.1984
26.6425
26.7932
31.2194
26.8291
31.1805
26.7657
28.2420
26.1432
26.2227
25.2528
27.6535
26.2585
29.4827
31.6252
32.8714
32.8530
32.7354
39.5917
29.2951
24.7722
22.3443
28.8935
31.1885
31.5329
29.4292
26.9522
27.3273
31.5825
31.4505
30.8128
28.0293
36.5338
35.3066
37.6248
27.6979
31.5859
33.4740
32.0881
31.8285
35.5375
31.4494
37.3044
30.6211
26.1874
28.7017
30.5731
34.4512
33.0971
36.2652
33.0384
35.4315
30.8372
30.9780
31.0689
28.9997
32.1797
28.1014
32.3943
33.7425
30.4137
31.8073
27.9793
26.8695
27.7943
26.3265
33.5664
30.8581
31.9777
29.6090
31.3582
33.7010
39.3183
33.2041
32.5008
27.3961
29.4638
33.6676
33.0805
28.4892
27.4319
26.2689
26.2031
28.7453
32.1866
33.9670
30.6710
32.7324
36.9068
35.4714
36.4316
29.9721
26.9083
27.1064
30.6529
27.0930
25.9083
23.0505
26.4343
29.0505
27.5269
26.6301
27.9998
27.0888
25.7588
27.9989
28.0057
26.5533
26.6981
26.5420
28.7111
28.5032
29.4394
29.1768
27.6218
30.0923
29.1841
27.8812
33.5070
28.4108
34.4368
36.5501
33.6815
32.7067
33.4018
33.7851
35.2981
35.5926
34.1212
31.8314
28.5228
25.6227
31.6875
35.2088
29.7743
37.3687
38.3546
38.7944
28.1648
31.3225
33.8404
33.6284
32.9770
25.6963
27.4842
32.7598
28.7101
26.4937
31.2530
30.9654
26.1011
32.6991
34.4642
29.9857
32.0777
36.7219
29.9671
29.0102
28.4255
27.1781
25.1967
27.1741
30.8634
27.4306
25.2003
26.0628
29.0527
26.1457
29.3672
28.6873
28.6317
31.0889
29.4980
28.6206
27.3736
29.2030
32.7733
30.1256
28.5769
32.1697
28.9475
33.0946
33.1020
28.0847
33.4280
30.1350
31.7916
31.1215
27.3256
29.6720
28.8700
29.6343
29.7926
29.5051
31.0097
30.6654
28.5955
32.2897
29.9431
25.9214
28.0270
30.9536
28.8457
28.6028
30.2559
30.9828
32.0623
30.1230
29.0047
33.8117
28.3291
28.3251
29.6757
25.3181
30.7968
28.0979
29.6551
29.6757
26.3471
31.1106
33.9001
31.2733
32.0744
28.9698
28.4086
28.2555
28.2299
29.6829
29.4842
32.5889
30.5177
31.8260
33.9074
35.2123
30.1190
31.5691
32.5922
31.3099
30.8153
28.6566
27.9984
29.5839
32.3043
34.9805
29.9469
29.7672
31.0157
26.8893
32.2747
24.6863
24.4364
24.5447
25.0798
26.5568
28.6002
27.0709
28.8385
26.4328
26.0277
26.5509
33.3071
29.7639
27.6180
30.8469
35.0743
38.5035
32.3041
29.9990
29.0874
31.9923
33.9581
29.2428
35.4336
33.4017
35.5325
32.6067
28.5215
29.6594
27.2687
28.0165
30.5048
28.2127
26.9070
27.7499
26.2254
34.2603
25.1507
32.6541
33.7851
35.0366
36.6140
34.0206
26.7952
28.6504
27.2337
28.3771
26.6880
26.8832
34.1104
29.7481
30.2609
29.3723
30.4149
30.5849
29.8238
27.6418
27.9960
28.9724
30.4621
30.6247
30.4059
31.3991
33.3789
33.2808
38.6756
42.0223
30.9068
34.5149
26.1999
31.5217
28.9353
34.8803
29.1707
29.1017
30.8853
35.5797
40.7273
35.1673
34.0796
30.9338
38.0788
43.5654
34.5107
38.1220
29.3403
34.3186
27.4182
26.1529
28.3860
27.5297
26.9629
28.3579
27.3414
27.0471
27.9575
29.2185
34.3862
30.7170
29.6521
34.8502
25.7545
28.1187
32.7805
32.9072
31.6759
28.7016
30.4493
35.7336
34.5435
26.1795
34.7857
28.8764
35.2638
32.3544
37.2013
32.3901
28.6652
26.5353
24.7467
24.3983
26.5900
27.8526
27.1102
25.6533
24.6361
24.9345
26.4493
28.9960
30.1728
25.0908
29.5363
28.9673
28.0218
29.6405
26.3740
27.8043
34.5094
38.3388
28.8191
27.8513
27.5549
27.6928
28.3330
28.1512
37.9282
36.3998
27.6865
30.3048
29.6245
27.8666
32.2313
27.9257
30.0759
30.3326
35.0738
33.7956
31.0374
28.5022
27.7749
28.8357
32.1246
33.0827
35.2370
37.1567
33.1836
29.6565
30.7704
27.3814
29.9200
25.9437
30.5170
28.1158
32.1487
28.9345
31.2767
29.2581
30.1229
28.5361
30.6304
32.2356
30.7108
23.8451
38.0088
31.0299
32.1132
28.8696
36.6480
33.3220
24.8440
25.9706
29.0245
28.9684
28.4295
27.3742
27.0682
30.5872
27.0533
28.1905
29.5793
29.0260
31.7442
34.0572
29.7010
33.8219
32.6471
30.1743
31.6871
32.7164
31.6481
29.4170
30.9656
28.4513
27.7525
28.9333
31.2629
31.9457
30.4751
28.9161
30.4421
30.9379
34.4281
32.6619
31.9941
29.1411
29.9753
29.5494
31.5532
33.1645
29.3098
28.0003
29.0184
31.3303
35.0055
30.5262
29.6675
29.6125
32.5723
36.0388
32.4639
28.3303
30.6321
28.7122
27.9678
27.3713
28.6322
26.3400
24.9240
26.3679
25.5052
24.0320
24.8985
23.2216
22.4461
22.5550
24.2169
24.6769
23.2361
23.7209
25.4179
26.2362
25.6931
27.2795
25.0305
27.1497
24.1342
24.0449
26.4117
25.8228
29.2681
33.1139
28.4668
30.4319
29.9651
35.9883
33.8322
30.1144
36.6081
25.8062
25.9456
26.4733
30.4302
30.4060
28.7207
32.9777
28.9946
32.0408
29.4761
29.4761
32.1864
31.8990
29.6640
29.9212
28.5169
23.2691
25.5951
27.2458
25.7372
25.2214
24.9479
26.0618
25.9001
26.5293
27.5004
26.6724
27.4747
25.2006
30.4867
30.9337
28.5840
25.6773
31.5542
27.2254
28.2466
24.5882
31.7454
35.0181
29.8817
29.7222
31.4266
26.8356
25.6712
27.9277
33.1427
33.5751
28.3279
28.8033
31.5827
32.2818
37.2183
35.6317
34.2131
29.7738
32.4568
32.8418
34.4064
30.2163
30.5048
32.4886
29.3577
25.0935
26.0091
27.0851
28.0827
31.9334
30.7061
30.6614
32.8737
33.7059
29.3641
33.2217
27.8494
32.0560
30.6170
28.5594
34.8577
31.2207
31.6219
27.3213
29.8732
26.6214
30.9597
26.3881
27.7998
27.1575
30.7459
28.1491
31.0218
30.4255
28.0731
28.0958
29.6492
28.2282
27.8433
26.1164
25.2138
33.7457
36.3451
32.1720
25.8927
25.5346
27.5848
27.1556
32.8432
31.2456
28.1605
29.5332
27.9245
29.1055
29.4535
33.3995
29.5539
30.7359
32.8662
27.5146
32.9459
29.4954
27.9416
28.9131
29.9058
32.0422
31.6808
32.3282
29.0680
30.3745
30.2038
30.9405
32.4293
31.4879
34.0352
26.4494
30.0670
28.7246
29.3393
28.0733
29.2402
29.8146
32.8503
32.1503
41.4070
26.7930
28.2589
26.8509
30.6513
39.0177
31.3497
28.8551
25.4405
27.4539
29.7590
28.4483
28.2947
27.4893
31.0026
38.8847
32.3496
32.6700
33.3406
38.2682
34.4614
28.3106
27.2824
30.3868
27.5624
36.6832
29.7599
29.1213
27.4098
28.4222
28.2673
26.9593
30.9414
29.7472
27.1140
26.4305
32.3428
29.7823
31.2546
32.7000
33.2069
32.0127
27.5065
32.0442
29.9656
30.1185
31.6397
30.7733
32.6324
30.5911
29.1815
28.6596
32.3214
35.4803
27.6051
29.7999
27.9310
32.3440
30.4108
35.2272
35.6227
32.9129
35.0982
29.3280
30.9353
31.6649
29.6662
26.2511
33.0571
31.4008
26.9582
30.0394
37.5066
27.6493
26.1729
29.3205
33.2855
26.8081
34.8042
35.5757
29.4026
31.4967
28.1891
34.7398
32.1324
30.1207
29.0181
31.0762
32.0717
31.6629
35.4160
27.1992
29.7814
25.6439
27.7557
24.2511
26.1866
28.3611
26.4643
32.0139
34.9990
31.4353
32.8289
24.7197
30.4022
28.1481
28.0182
27.6013
28.2743
28.5475
31.2458
31.6096
27.1093
27.6318
26.2955
29.6546
26.5685
31.8924
26.3958
25.7855
27.9954
28.3699
29.2346
25.4350
25.8925
25.6434
29.3157
28.8801
33.7068
34.0233
34.5061
33.3721
37.3569
32.2951
32.4279
29.2839
31.5525
33.1224
31.0782
27.4914
26.1660
26.1882
30.1968
27.6957
29.3076
27.0374
28.0793
28.3618
31.2889
26.5511
29.6980
29.4545
26.3889
27.0789
25.8369
24.9700
29.8384
27.7786
25.9160
30.8572
29.4654
27.1886
27.6268
26.8178
28.6906
31.5731
27.5848
27.5575
35.0984
27.5628
28.3127
24.3199
28.3201
32.9093
31.7476
31.0589
31.1726
29.1841
34.8692
30.3044
32.3688
33.9377
32.6256
29.7027
29.0483
29.1114
27.9696
28.9665
28.8319
24.4168
25.1916
25.3940
25.7513
24.9386
26.6040
30.8381
32.2880
29.6378
30.7633
28.7109
24.3346
25.7290
33.3666
25.3955
28.4620
30.4912
26.5803
28.6237
30.8209
33.6627
28.7456
24.6048
26.4112
26.2889
27.4912
29.2856
30.2848
29.8062
29.2469
30.5935
28.5935
27.7006
25.9327
26.1536
28.4338
33.3318
28.6550
34.9291
34.0999
24.4836
31.3021
31.8484
23.2474
28.1266
26.3252
30.1187
30.8751
29.8466
31.1702
25.3246
31.5044
33.9510
30.4981
30.6062
26.3342
32.9718
31.6460
36.4172
30.6004
33.1848
33.2601
37.6131
28.5702
30.0511
31.1176
28.5297
30.2237
32.2117
29.2093
27.9039
26.0877
26.3504
26.7505
28.6246
33.1360
28.9122
26.9201
31.2745
28.3388
26.6516
30.7409
30.5992
29.5520
28.4608
33.5877
32.9090
28.3400
27.8175
29.7085
32.5333
28.4066
25.2208
29.1665
32.3532
32.0688
32.4546
36.6906
35.4255
35.1440
31.5461
28.6797
33.0507
32.0788
26.7315
24.3110
24.1057
25.5034
27.7212
28.0721
27.4525
30.9773
35.0112
30.1656
29.1954
33.8864
30.9762
33.4480
28.2682
28.7260
30.8639
30.3724
28.1780
37.8993
35.8830
31.8897
33.5988
34.5928
31.7969
26.5171
26.3166
30.3977
33.7324
28.0328
27.4891
27.9293
27.4914
26.6033
30.0973
27.3547
28.6926
24.6981
25.7067
28.6498
31.3390
33.9047
26.4539
25.8058
25.6738
24.5080
26.4729
26.1582
29.4630
27.4370
26.4701
28.5961
27.0165
26.9556
25.0584
25.5838
26.6865
32.1014
26.5390
28.7973
34.1903
29.1505
30.6961
28.9612
28.6275
27.3259
29.5579
27.3874
30.3808
28.0338
30.4116
31.1283
34.2188
32.0227
29.4021
29.7948
27.8921
28.7731
36.4138
26.0594
26.2132
31.5667
31.2311
29.4402
28.8396
27.9695
34.1447
26.3754
27.6891
28.8144
31.1089
33.5240
26.7317
28.0407
30.6127
29.4844
29.6437
29.0446
30.3984
25.9898
26.5967
26.5674
39.8206
31.2505
28.4205
31.0528
33.6415
29.5071
29.3707
30.9216
31.2948
29.1319
24.4959
30.0450
39.7415
40.0591
32.1309
33.6896
34.0619
30.2806
32.8590
31.8997
30.1159
32.1208
26.5816
32.8693
27.8357
27.8380
28.4259
33.8239
28.8742
26.4992
29.9579
41.1779
40.7357
42.6170
26.8130
25.3346
27.6380
26.6922
29.6270
29.7152
30.6587
30.7693
29.4289
34.7412
34.2194
30.2412
26.5321
36.1523
37.9979
28.7594
36.9529
33.0359
27.1617
28.0590
28.1925
26.5399
26.7973
28.5441
27.3323
28.8920
29.7500
32.5289
33.5760
31.6564
30.3873
33.1665
34.6119
31.5665
32.1330
34.5472
30.9171
33.7750
33.8931
40.3092
41.5297
32.7244
36.7999
30.2916
33.6479
31.7999
36.7657
34.0652
31.3758
31.1622
28.1138
30.5506
30.3777
33.4815
32.6569
29.3953
27.1678
35.3487
25.9891
28.0432
28.9905
29.6999
30.9887
29.1323
28.5294
35.0597
29.1929
28.9872
27.5278
26.4392
27.2107
26.6435
28.4070
27.0318
27.2433
29.9097
32.5288
26.4813
25.6329
27.0898
29.0679
24.8486
27.2502
25.7737
23.6554
30.8921
27.7865
24.9567
28.3950
28.0910
26.9622
26.1053
28.7854
26.2110
25.8919
25.9843
23.7920
25.6759
29.1366
30.6135
30.9121
29.2381
28.5319
25.2030
27.3567
25.7223
24.0297
25.8145
26.9985
25.5230
26.1885
31.0869
27.1661
28.7426
31.1119
28.0628
27.8422
28.2494
29.3694
28.4284
29.0559
29.3704
29.5160
29.6047
28.6563
28.0921
28.7744
29.3013
28.1139
31.5700
31.5626
30.1503
31.1939
31.3923
29.3100
27.3457
28.7271
30.0237
30.5916
33.1253
29.1298
28.6983
29.1537
34.2781
30.8555
32.6471
27.6836
31.9940
34.5093
29.7389
32.2563
28.9374
28.7633
31.5451
30.8086
28.5331
28.9443
31.7312
33.8111
30.6050
31.0473
30.8938
28.4854
29.0759
33.0918
29.4877
30.6999
30.7350
31.7714
28.7156
32.6126
32.4746
29.2700
30.1087
26.7866
28.9148
27.8706
25.8723
27.7473
32.7583
33.6041
33.3126
26.5014
31.1152
34.3970
36.1962
30.3914
34.1104
31.4846
29.7762
38.1523
48.0751
35.4613
31.9679
32.6175
28.3373
32.3451
31.1338
31.9465
28.8645
28.2196
28.1052
28.0525
30.1396
27.0804
26.2202
26.6369
25.2215
27.4817
32.0670
26.5996
29.1592
29.2672
27.5756
30.4554
33.5134
37.6528
30.5573
32.8153
38.9134
35.6141
34.7842
34.1471
35.5352
33.9842
34.8540
31.6986
26.4048
29.8213
26.7525
26.8932
29.0761
28.5262
28.2656
28.1060
28.2141
27.9425
27.9828
29.8076
34.8105
25.8653
27.2567
31.7038
23.4933
27.6876
27.4782
27.5476
29.0512
27.5073
27.3036
26.6933
26.1488
29.5876
25.0753
33.7047
32.3111
27.9510
25.7178
24.7769
25.0034
25.8229
25.8249
26.8747
24.2591
30.2806
29.8824
30.7789
30.1198
31.9662
30.7097
35.9907
30.4116
30.0809
26.3732
32.4858
31.5279
32.0528
28.2341
30.7754
25.5296
31.9239
32.9045
29.8719
29.0212
32.2672
26.2630
27.4745
27.9689
27.8470
30.1626
26.7621
27.2315
27.8130
30.9495
28.6622
30.8531
27.7035
29.7623
30.4988
25.8072
31.3229
39.1058
30.7780
31.7911
28.5651
28.3907
28.6597
29.0004
26.4897
28.8598
32.3161
35.4335
28.8338
38.3471
26.8787
29.2536
28.2189
28.3088
34.3203
34.1832
29.3502
28.2020
32.8106
35.6832
31.6302
33.2643
31.8939
28.0099
42.7112
28.3829
40.1924
30.1672
33.0079
27.6812
31.4060
34.7429
31.2969
29.6420
33.4374
29.9577
32.8782
31.2938
31.9158
34.2674
36.0628
30.8576
29.6794
33.4947
26.1361
37.2194
33.4580
30.6925
27.5326
30.1975
26.2567
29.8531
30.4498
29.4794
43.6208
37.8455
32.4966
36.2246
28.6449
27.7258
30.2545
24.8661
28.6072
28.0770
25.0497
28.4062
28.2709
31.0471
28.1293
35.1008
35.9256
30.2150
27.6370
26.6642
27.6531
32.5244
37.2479
30.5831
41.5333
35.4525
35.6993
34.8713
36.0384
33.4595
32.5158
37.2463
28.3116
27.1459
28.7229
35.0888
30.7358
32.1852
27.5316
34.7248
35.4168
33.8545
29.4357
30.7184
31.0490
27.1322
28.0493
26.2007
29.1778
31.6269
30.7428
29.1734
32.5935
33.5787
33.2433
31.2269
30.7722
28.1092
27.6852
28.3521
28.3770
30.4734
26.3129
26.0287
26.7024
25.6016
29.2297
26.5567
26.0500
28.6934
27.5681
31.4498
34.4011
37.2844
42.4624
33.9964
27.3392
31.7243
28.8111
28.9548
28.9150
33.7142
33.3391
25.5786
26.5906
29.6904
27.5862
33.5588
40.3325
31.4385
31.7943
32.1721
28.8364
28.6267
28.4187
35.0231
30.6646
30.9848
30.3610
26.8068
29.1684
32.3422
32.4889
34.0759
35.4267
31.8741
32.9690
30.1028
27.7712
31.1965
34.2167
34.3895
36.9666
40.0045
30.8598
31.7256
34.1276
30.0497
36.8884
29.7924
32.3132
33.6806
32.8685
31.2020
33.0342
30.6486
32.7651
31.8668
26.8986
28.3895
30.8973
32.6704
38.7114
27.9129
27.4894
29.6921
32.8388
32.2859
26.9005
27.9301
30.9960
27.9787
29.8285
26.4506
26.8104
32.1905
30.9093
31.6690
29.5589
30.0902
32.1635
30.3861
34.0282
27.1624
31.5783
31.5482
28.8237
31.4267
29.6001
29.8531
29.1177
30.3106
31.5744
29.1205
27.7940
28.3477
31.6062
33.2649
40.9961
40.5933
29.4069
31.5272
31.9632
34.5006
30.6052
32.1458
31.0701
28.1009
25.5663
25.9901
28.8454
27.6812
34.4465
30.0468
30.9097
28.8103
30.7783
31.9640
28.8680
28.5461
26.6698
26.6293
31.0063
29.2963
28.5925
32.6353
29.5439
29.6278
28.3228
28.7463
28.9379
28.9384
28.4638
28.3732
27.4287
30.2013
32.0086
26.3133
27.8446
27.1501
28.9136
27.7675
26.4722
25.4712
26.5129
26.4713
25.7581
26.5781
25.2097
25.8665
31.5427
32.7934
31.6781
32.1190
28.1050
31.5885
27.8910
30.5256
26.9300
27.5509
28.0166
26.4437
27.6555
28.7105
25.8244
29.0995
27.9537
29.8257
31.5853
27.7394
24.7707
26.3551
27.1758
26.4541
25.8431
26.7613
27.5468
23.8773
25.7285
24.9335
26.3326
26.7270
28.3995
28.1907
24.7620
26.5313
25.8368
26.6533
31.1271
32.2596
32.4560
29.4963
35.2409
35.4532
28.2864
31.9224
29.9569
29.2437
29.5512
39.5101
36.4995
33.9323
33.7837
33.6276
29.4557
30.5807
29.0250
34.1588
32.9023
29.8394
40.6195
26.4387
32.6792
35.7768
32.1417
29.9964
28.4211
27.5024
31.6104
36.2872
26.4506
25.7381
31.2258
29.8448
26.9810
31.9595
34.7034
33.4866
29.8575
25.9871
25.7679
30.3605
28.6570
26.9305
28.2696
27.6236
28.0742
27.0281
26.0436
29.7044
31.4075
29.1003
26.7926
29.1942
28.5831
27.5270
30.5235
30.7704
28.2043
27.2500
26.4406
27.1307
29.7851
29.8234
30.7054
29.9380
29.3889
29.9771
27.8734
28.9204
28.3920
27.3424
27.6868
28.7481
30.2637
29.3053
27.1222
29.2340
28.7222
28.5497
27.9495
27.5196
26.8858
29.5667
30.8036
28.0610
26.6840
26.1158
30.4394
28.3768
26.2677
26.6375
28.6020
27.9457
26.0828
25.3224
29.1160
28.4043
31.0125
31.9583
30.3734
31.2593
27.8514
26.3888
29.5291
29.5519
29.2035
25.8478
31.5110
27.9057
25.4518
31.0512
28.2321
32.4243
28.0729
28.3220
33.7487
29.5546
27.6927
28.8706
30.0873
28.4559
26.6328
28.3904
28.9102
28.0934
28.7021
27.4637
37.4989
39.5692
34.6880
32.2172
26.5748
33.5711
28.3776
32.7920
32.7259
31.1830
39.4700
33.4555
34.5910
30.4588
31.9189
31.4963
32.2117
26.2012
27.6491
25.4276
27.2134
31.3807
27.4131
30.0704
35.9608
33.5052
28.4986
29.3069
27.1757
28.7435
26.1594
26.0913
30.4864
27.9307
29.1111
28.6404
29.3473
28.3747
24.8553
24.2213
26.4118
24.7580
25.4325
28.0519
30.7227
32.4827
29.3000
24.9239
26.8471
30.5446
33.8567
33.8629
29.9761
30.9685
33.5621
31.4151
33.0509
34.4737
29.0387
25.0418
31.9311
33.6510
29.8657
29.4962
29.4499
33.2799
28.3434
38.7544
34.9048
26.3960
30.2278
31.1249
32.4094
28.3416
28.2238
29.7833
30.3396
32.1251
23.6798
24.9604
25.5320
29.0438
26.4485
24.7524
25.2114
31.2888
29.9634
24.4959
25.4683
28.1003
32.7052
33.4943
36.1891
34.7890
29.7020
28.2922
30.2087
34.9919
43.0805
27.7144
27.7537
28.2967
28.9324
26.8812
28.8237
28.7249
28.7159
29.1393
30.2602
28.2880
28.7782
35.6262
25.6899
35.0503
25.8679
27.4147
29.0495
29.0365
25.8456
27.8432
26.1044
27.5549
24.7451
27.8558
27.0190
26.6135
28.4868
27.5109
24.9171
28.5509
31.4192
29.0353
26.0371
27.6864
37.1117
31.3975
31.1042
35.7836
36.5749
29.8534
28.1688
31.1721
31.4790
31.4711
30.2529
32.2417
27.5275
26.6717
29.6685
29.9508
33.3749
33.0348
35.6578
30.4075
31.2964
35.8205
32.3364
38.3006
29.9864
28.6355
31.0377
34.1665
34.3152
29.0775
32.9846
28.4890
28.9880
27.4610
29.2268
26.9044
33.1004
31.4812
34.8407
34.0040
30.6155
32.1929
34.3669
36.9526
38.1545
40.1163
33.7158
24.3355
29.0066
27.3373
32.3815
33.0236
33.0734
30.0699
28.1854
26.1380
27.9088
30.4095
28.5115
30.9137
31.0603
34.8284
37.8080
28.6920
39.9744
35.5736
29.7588
30.9712
31.9398
33.7740
33.4641
30.7011
29.5019
31.2307
30.4681
35.6980
34.4058
30.6483
33.6845
27.1978
34.8011
36.8709
32.6078
28.8791
29.7563
24.7862
27.6338
31.8747
31.6365
35.5176
40.8891
34.7386
29.1166
29.0515
27.7572
26.0806
27.9934
28.2045
27.8320
26.8426
31.2250
30.5121
36.8018
33.5439
33.9279
30.2548
40.5339
41.2448
37.7971
32.5705
36.9679
32.9567
41.3636
30.3969
32.8521
32.0879
30.1718
27.9443
27.6088
27.8375
31.2523
32.5247
30.8337
31.8592
27.6503
30.7782
29.4412
28.7526
26.5519
26.9773
27.0199
28.6881
29.2972
26.9814
26.2224
25.5189
26.0334
30.6588
25.4974
25.5239
28.0198
29.6273
28.9669
28.5486
27.8154
26.1859
34.0081
26.3188
24.7488
27.0036
31.5638
29.9239
39.1548
28.8561
35.9133
38.3685
29.0655
32.5927
37.5799
31.7661
39.7973
36.9413
30.0742
29.9261
27.7769
30.9372
33.0187
32.3040
33.9331
30.8740
29.3553
28.9398
25.8752
26.2193
25.9660
29.9162
33.4887
39.0567
30.0539
31.4601
33.2734
35.9172
33.5596
35.9807
36.3672
32.8722
33.2996
35.6696
36.2074
29.2152
31.9051
35.5279
32.7960
31.0991
31.9758
36.3704
29.1049
34.8877
36.6501
31.2970
31.4525
31.6602
28.7122
29.1397
35.9371
28.6485
25.8212
26.4089
34.1152
26.1145
28.5321
28.1510
27.1857
27.9351
31.3328
25.2451
31.0825
30.1187
30.0057
27.0471
31.4168
29.1856
34.1047
32.7323
31.3739
30.8299
28.5826
30.2965
30.6504
28.3453
30.4312
28.6259
30.1198
29.7345
30.5566
29.8461
34.3121
26.9910
32.1602
29.8736
28.7509
32.9958
30.4472
25.4086
31.1418
29.1223
31.1633
29.2742
27.1167
25.2992
23.4473
24.7029
32.6462
30.5177
29.4173
27.2390
26.7109
28.4182
29.0074
26.2142
28.8888
26.2383
30.1169
27.5768
32.2973
30.8593
31.4796
27.0850
30.4353
29.5837
31.6658
37.6840
30.5992
32.9428
28.4798
34.8939
34.0162
30.4294
31.3746
30.2629
27.2405
28.1665
29.8785
32.4293
29.1025
29.9905
32.0097
28.3295
26.8788
26.3700
26.9867
28.3129
31.3980
28.7256
28.1771
30.1294
27.6764
29.1793
27.7527
25.3912
28.1586
30.3685
33.4221
29.7210
29.2467
28.9400
31.3891
27.8254
28.6393
28.3585
28.9685
29.4578
30.5352
30.3592
27.9250
28.6180
26.3861
27.4027
26.9357
29.7602
34.3520
32.9061
31.3369
29.8867
27.9564
27.5708
28.7045
28.0807
29.5610
30.7703
29.7055
29.8601
27.0281
30.7880
29.4603
34.1325
31.9455
27.9722
26.6430
30.0194
27.1030
29.6320
29.4593
30.7857
31.7051
27.6103
27.1417
31.8507
25.3832
29.1312
28.9742
27.9186
30.0647
27.2948
29.1612
25.0862
25.9725
26.4449
25.7322
26.9826
30.4121
28.8451
26.9001
28.5346
25.2562
25.8293
30.8746
31.9124
28.6747
29.3359
32.8704
34.3592
30.0481
29.1921
29.0373
27.1306
32.4126
27.4956
29.4993
32.1408
31.0366
29.8197
30.7490
35.6830
30.5523
32.5037
32.0169
33.0646
30.1859
24.6717
28.0896
26.6448
25.5055
25.0264
26.4646
27.1186
26.1268
25.8497
26.9098
28.4907
29.5555
29.5818
29.8777
29.2964
28.7511
26.8715
29.0440
28.6248
29.0870
29.0301
29.9250
26.8159
27.8028
32.6737
31.9452
35.6165
32.7723
31.2243
30.0901
26.7609
26.5838
27.0102
27.0266
27.5684
29.4784
28.8178
26.3962
31.6887
28.9471
29.7154
33.0381
36.8256
34.9180
28.6051
31.1319
37.3464
36.3554
31.6674
32.3311
32.2360
28.5454
29.1987
26.6847
35.7960
26.1041
33.9936
31.1683
32.6894
30.5668
29.8095
28.4008
27.5981
29.1245
31.4803
30.2617
28.4236
29.7258
28.3865
34.5365
30.7518
28.4695
31.9973
31.0818
31.6507
29.1428
32.1352
31.7347
33.4344
28.9524
29.9737
30.0584
31.9099
31.2079
31.6737
29.3838
31.7150
37.2294
31.0473
28.5671
31.5672
28.6431
32.4579
28.2832
28.7294
32.7053
29.5635
29.1245
28.2416
29.4728
28.3447
30.7887
28.7151
28.3711
32.8457
29.5012
33.1185
29.7982
29.0414
28.2835
35.2739
32.0756
30.8794
26.2271
30.5831
30.1333
26.9660
31.0110
31.1030
31.4735
28.6933
31.7319
28.5926
27.5474
29.8422
31.2282
29.2684
29.6630
34.9834
29.0235
33.3034
29.4845
32.3786
29.5254
25.8326
27.8539
26.6084
26.8640
29.3872
25.1211
29.7736
31.9830
30.4044
26.8580
28.5882
29.0764
28.2359
26.8884
28.1924
28.8652
29.0825
28.1754
30.4432
30.4133
30.3312
33.9990
28.4925
31.3262
29.3574
29.0040
28.7659
32.2286
33.2754
29.1032
28.9180
24.4683
29.9013
27.5756
30.4771
29.9024
27.5197
27.2274
31.0833
30.7003
31.4525
29.2684
26.6038
27.5756
28.6018
32.2257
30.2239
33.4984
31.5592
30.6385
26.3303
35.2832
36.6271
27.1255
25.6337
32.9385
34.4992
34.6384
30.8791
32.8260
28.1041
26.7088
27.7123
30.1931
29.5173
28.6605
27.3266
28.5990
27.9506
30.1677
30.0805
29.3810
29.1853
32.0995
30.9198
33.7334
30.6244
32.1933
32.1278
34.1608
32.6203
32.1950
42.1877
33.1381
29.9639
30.4299
31.8980
28.9071
27.8535
27.1267
28.8199
37.3003
33.0432
33.3997
30.4762
32.5281
30.4849
27.6365
28.1273
29.3424
26.5670
30.7134
33.0939
30.1934
31.9155
29.6056
34.9168
29.5792
28.6103
32.0377
29.2528
31.4783
33.1762
32.5796
25.9437
26.9844
29.3572
27.5723
25.3150
28.0549
30.1066
27.0196
25.4172
24.2750
23.8946
21.6689
23.7787
24.0480
24.1581
24.5158
23.1564
26.2045
25.7430
25.9252
24.3192
25.3141
28.2109
24.0441
25.6179
26.3499
28.1583
27.4461
28.3075
25.8058
29.8787
26.3560
29.6301
28.6121
33.3401
32.4708
30.4663
30.2375
30.0646
34.7237
37.0203
27.3119
28.9581
28.4941
29.6917
26.4507
26.1895
25.2877
26.6845
25.4423
26.1924
26.1452
29.5441
28.0825
27.9593
34.5988
34.7963
35.3047
31.6495
30.5785
38.2671
34.4198
28.5221
28.6276
27.1817
27.2862
26.7603
34.8852
33.0161
29.9379
28.0007
25.5428
30.2459
35.3385
27.5060
32.1704
26.5001
26.8329
30.3732
28.0254
26.0400
27.1233
28.3468
30.1193
31.1698
27.7302
31.4764
27.7952
27.8701
30.9247
36.2408
32.0851
35.4058
27.2759
31.7066
29.8638
25.5873
26.8610
26.9560
31.4296
27.8094
28.0512
26.8942
29.7519
30.6353
26.8688
26.3183
26.4101
27.9045
25.5796
29.6924
27.8464
32.0617
30.4835
27.9336
26.9698
27.1368
26.3392
28.5792
30.6438
30.4235
33.7787
28.9096
30.8703
28.6090
26.8074
29.8476
33.5003
29.6698
26.5443
27.9399
31.1429
29.5799
26.4541
31.5910
32.6104
28.4907
30.0856
31.0039
30.9254
26.2918
25.9246
25.5533
35.9667
26.4578
30.7259
30.6010
33.9788
31.9466
26.3319
27.0994
23.2680
31.5005
25.8787
25.9137
31.3698
36.3309
30.7389
29.9699
30.9814
31.3155
30.4088
30.1459
29.8397
25.1653
25.9268
23.2881
26.0632
28.4467
27.3675
24.2308
27.0581
29.5192
28.3209
33.3656
33.5376
27.3430
27.1345
28.8860
26.1620
29.4575
31.1503
28.7170
30.8104
38.2454
31.6211
32.0938
27.3011
29.1194
28.4501
25.0333
26.7580
31.5764
34.4102
31.5557
28.2663
31.2365
28.5564
28.2786
30.1567
29.0497
31.5732
27.4979
28.5546
28.4233
31.7860
26.2152
26.7961
27.7233
28.5825
31.2457
31.9860
31.5797
32.1141
37.8585
34.0229
32.5879
38.2289
30.7517
30.8951
32.4002
30.4432
26.2236
36.1146
27.0738
32.8605
37.0525
33.7865
31.9011
28.9331
30.4719
30.5718
32.0022
30.7356
33.5780
34.6341
32.4976
32.1011
31.1198
25.8085
32.6327
34.9596
28.3474
26.2770
25.8516
25.7920
26.0373
32.0487
30.7956
30.8774
29.6560
29.5087
30.3530
30.3567
34.2469
35.3878
28.5888
28.7850
34.3792
34.1355
30.5030
31.9519
30.2027
26.6661
32.9002
32.1969
29.7969
26.5025
31.9457
35.3516
34.0427
35.4233
29.9174
27.3481
33.2927
29.4087
31.6902
31.0982
27.5191
32.5558
35.5597
36.5264
28.2817
35.2179
29.9566
29.6749
28.9966
30.7321
32.1660
32.3286
27.8389
25.5090
26.9743
30.4466
28.5988
28.4573
30.5228
33.2986
30.9883
32.5175
28.4917
30.2170
26.0424
27.9887
30.5808
27.7319
34.3827
27.9730
27.3023
29.5310
28.8698
25.9952
29.1163
27.8725
26.0683
25.7880
27.2715
28.0629
26.7338
26.6440
35.4599
28.2960
31.4292
33.3400
30.9270
28.1435
31.8120
32.5599
29.8888
29.9851
31.4173
32.9761
25.7543
33.8898
34.6558
35.3226
31.4181
26.4790
27.1361
27.2136
28.3559
29.5597
33.0535
36.0080
29.9250
29.4020
27.8517
31.1493
32.3425
35.1369
28.2655
26.1836
28.7094
27.9044
28.3906
31.8392
30.6138
30.5783
30.0720
29.2706
26.6964
29.6766
26.5386
26.3141
26.0771
26.9997
26.1665
28.1420
28.1897
28.9123
31.9008
33.4565
39.2200
36.3436
33.7381
27.3001
30.5819
26.1622
28.0644
27.1556
26.0215
24.9809
30.2923
29.1914
27.1783
24.1735
24.3822
27.9989
26.0990
25.9320
30.3769
25.8039
30.5402
29.4935
29.0345
34.5142
26.5862
27.0339
25.3370
30.4198
28.7420
29.6821
25.9657
28.9471
30.4099
30.3129
29.1958
34.3629
34.7852
35.7991
29.2546
27.9748
35.2555
34.8554
33.2683
32.4405
33.0951
27.1444
28.2103
24.1548
24.6747
30.8397
31.0242
30.5517
27.1373
28.8532
30.7916
27.8218
26.5836
28.7401
25.6786
30.9108
28.0796
29.6170
30.2949
32.9585
30.4773
25.4880
28.0066
29.0366
30.0988
27.8991
27.6447
26.9255
30.0455
28.8580
29.2309
31.3667
28.6396
29.3420
31.4104
32.2154
32.7234
27.2455
25.1055
26.0677
26.1871
28.7963
27.4229
27.8093
27.6442
32.1306
30.4456
28.9837
29.6710
31.1289
28.0607
33.9360
31.3771
30.1555
28.3491
28.2041
24.6460
32.1802
26.6728
26.4536
31.0808
28.2236
29.7486
26.3715
27.6105
34.7057
30.7897
35.3185
31.1589
28.9698
30.4458
26.4068
27.2112
25.4940
29.1839
29.0903
31.6721
29.0097
34.7855
34.2908
29.2903
33.7934
31.2533
32.1225
30.7409
28.4349
29.4636
31.0803
30.0609
33.3246
27.0706
28.9239
31.4658
29.2388
29.2089
33.7415
30.7796
29.4189
31.5835
29.2919
30.7407
34.3156
31.4483
33.9419
29.5979
29.3699
34.2935
35.8556
35.7310
31.2012
32.4350
28.7630
27.6361
26.6887
29.4571
30.9166
32.6734
30.0785
27.1474
33.3041
34.5027
26.8152
24.9873
27.1315
31.5429
28.5996
33.1552
34.7535
31.6252
32.6834
30.9178
31.2995
26.4451
26.3674
28.0301
25.8237
24.8781
28.7407
28.5550
34.4647
28.3486
28.2248
28.1624
27.6518
26.9694
25.0578
26.3761
28.8698
27.6119
30.0396
28.3103
29.1690
30.6140
29.1735
29.0289
28.1745
26.8367
27.2328
37.3218
38.4927
28.2011
32.1158
29.5064
26.4339
32.7827
26.8458
29.7617
24.5290
27.0487
29.7792
29.0509
26.2908
29.3054
23.2825
28.0316
27.2146
28.7172
29.1262
27.8916
29.2965
32.2564
33.2967
30.5687
32.5345
33.4550
33.8903
31.2837
30.2738
30.5491
28.3530
31.3621
32.8416
31.0085
35.5063
35.8644
29.7323
30.2968
29.2887
30.1377
29.4705
27.4219
36.0897
28.6230
33.3520
34.0712
29.7173
28.2518
31.4065
29.2148
30.7749
33.3453
28.2386
28.6520
30.6684
26.2066
26.3605
27.1197
30.6920
28.7789
30.6663
30.3822
30.6017
34.2090
32.6193
30.0201
27.2475
25.1891
29.1321
32.6494
26.7501
27.8172
27.5663
27.2645
26.2476
29.1754
33.2338
28.8297
24.9668
25.6052
27.0805
26.8930
29.1271
28.3752
28.3203
28.8046
28.6445
33.0036
37.0353
31.6103
27.1186
30.7558
27.9226
29.8661
28.4811
31.4147
28.0398
30.5325
29.6635
25.4627
25.0439
27.5085
25.8304
26.9824
27.2852
25.4542
28.1143
30.8686
31.0709
27.3611
33.2987
28.3632
29.6961
27.6787
29.2158
31.5953
27.0176
25.3621
27.6391
29.7713
37.7376
28.3349
26.4688
26.8715
26.5371
28.8063
27.4666
29.4843
25.6678
26.8772
32.1169
29.1684
28.9589
25.1170
26.8933
30.7601
25.5507
25.0771
29.0036
29.6857
29.5591
23.8944
28.6120
29.0575
26.9989
26.7785
36.8933
25.5187
24.9162
26.5652
29.2909
29.3309
26.8525
34.4146
26.5987
28.2787
29.0666
33.0665
34.9191
33.3779
29.4011
29.6822
27.6130
27.3988
29.4651
27.0745
28.0038
26.3144
27.9809
38.7534
32.6436
29.8617
35.0655
31.3824
28.3763
26.7469
26.7677
28.7527
32.5339
32.9172
30.2660
34.1418
29.3538
29.0534
24.8620
26.2671
27.0287
33.4194
34.9795
32.1403
33.2789
28.6715
36.7923
30.6069
27.5189
27.0463
26.0755
26.7730
36.4118
29.5556
30.6986
35.4773
35.4523
29.4330
28.3646
25.9567
28.4263
29.9467
28.3004
39.6921
37.8848
35.6080
40.4695
29.9429
29.9293
32.1410
33.8935
32.9367
29.9725
36.1850
36.8150
36.6982
33.5532
29.6960
32.9850
33.9180
41.0025
38.6259
37.6015
38.1488
33.9193
32.0382
37.2626
31.0953
29.7974
28.6745
27.1390
34.0542
29.5044
31.1803
29.6538
30.5761
29.7726
30.4124
26.4621
30.6912
29.0179
31.9123
32.0127
34.8571
29.2103
27.3797
33.5852
33.5184
35.9843
33.3236
32.3768
30.8941
34.4638
27.8747
29.4015
30.8742
27.8531
27.7732
31.8347
32.3200
31.1465
37.1081
33.5243
37.2005
30.9773
28.2656
35.6311
32.1759
28.9961
28.8408
30.8396
31.4504
26.9023
26.0429
31.7388
28.6868
27.2953
27.3461
26.1964
26.8507
26.3927
27.4798
26.9181
30.5839
28.0691
28.5483
24.6353
24.8615
26.1416
30.8622
31.5370
30.2514
30.1059
29.4659
29.7450
37.5534
37.9210
28.8576
32.7510
33.7416
30.5397
27.9471
26.9272
24.0089
26.7224
31.5196
31.7957
29.7559
31.6081
30.6087
31.5416
28.2061
28.5057
26.4248
29.3615
30.4403
27.6170
28.0723
32.2747
32.4181
34.3430
28.0362
27.4321
26.0615
30.8134
30.3708
33.4684
33.9295
31.2001
29.9791
32.4318
35.6573
29.1129
27.8081
29.1732
25.8282
26.7481
26.6159
31.8352
30.4723
33.8191
36.2305
30.1728
33.4761
28.6443
27.2899
31.8959
31.2057
31.9972
29.3763
30.2235
25.3455
24.6346
25.4198
24.5292
27.6876
27.2831
26.2173
26.6458
26.6410
26.7831
27.6719
29.9647
30.0402
26.2528
29.7526
27.4921
27.4806
26.0064
24.2771
23.2730
25.7354
26.7056
30.3125
26.0578
33.1914
29.6659
26.6746
27.2383
27.4987
26.8596
27.0960
28.5265
28.6253
29.6413
26.4781
28.7728
28.8633
29.3840
32.1182
30.0306
26.1089
27.1323
25.3859
28.2158
28.8677
27.2668
27.5331
30.8150
30.7950
30.3004
40.7611
34.9369
40.6472
34.5071
33.2654
30.2614
35.1059
35.4605
37.3748
34.1520
29.0525
32.5770
32.9739
35.7634
34.2791
33.5424
36.0916
29.8913
32.8782
29.4780
35.2176
32.7487
28.3202
27.0793
27.6465
29.6027
29.3977
27.6550
30.3664
34.0759
30.8560
26.8468
29.7327
28.7320
28.7334
31.5153
31.0562
31.9803
30.6147
29.6583
35.4861
28.8996
29.7425
30.9592
33.6622
29.8599
29.4480
26.8330
24.7084
25.5856
27.3755
25.2520
25.4883
25.6560
24.1246
26.3053
25.8938
25.5218
25.4776
25.3218
34.9931
27.5421
30.0602
31.2010
36.2396
31.8660
30.6038
26.9280
29.1060
31.7397
30.5634
26.5880
28.6158
28.0694
31.2656
28.1853
35.5885
36.4003
29.8287
35.8687
25.9118
25.4492
25.6295
30.6016
30.5256
29.6739
27.6602
29.4186
25.5994
29.7560
35.1713
30.4368
34.2815
34.9464
28.9047
33.7560
31.5704
33.6489
34.9571
29.5878
30.6175
30.9314
29.9190
29.6378
30.8729
28.6276
27.4720
29.2736
24.2858
26.7730
30.4832
30.0479
29.1874
28.9746
29.3604
26.7305
29.1173
25.9563
28.9719
27.9195
25.8931
24.8118
24.8346
25.9814
24.1017
24.9246
24.6688
24.6530
26.5565
30.4460
29.2934
30.3205
29.5753
35.2550
35.1548
31.2071
35.8062
29.2352
26.9251
31.3430
29.7877
30.1581
38.4286
37.6316
36.6256
39.4062
34.0399
30.6864
36.3954
32.0425
35.8328
32.9128
31.2809
37.0948
39.6242
37.0880
31.0836
29.9889
26.9103
31.7883
27.7054
28.5097
28.9220
31.0753
27.9307
28.7830
29.7367
27.4108
29.8205
28.1693
31.8563
29.3853
26.8875
31.6392
27.2016
26.0821
29.1173
26.9109
27.1056
27.5252
26.2116
28.9937
28.9359
32.2367
28.0777
29.4773
30.3502
33.6441
29.0057
33.7452
28.5435
28.6807
28.2673
27.5100
25.2801
29.6740
26.7204
28.6345
26.0928
28.4304
29.2965
27.5295
26.8278
35.6221
26.3455
28.2215
26.1144
27.2088
27.3692
26.3733
30.3579
31.6373
31.4808
29.0162
31.4842
31.8006
31.3967
26.8414
27.9540
26.6182
28.3396
28.1532
30.6967
31.8271
30.0405
29.3620
37.4692
29.9070
30.9817
28.4148
31.0501
31.2650
26.9422
30.4656
27.9430
30.5147
35.8246
39.7082
29.9777
30.0286
28.6562
32.2109
25.3967
28.9355
32.2862
35.7401
28.7777
31.0411
29.8365
34.4228
30.8673
30.7792
29.3060
26.0790
27.5382
27.4537
31.4203
30.5869
31.2220
36.1232
25.8219
26.8204
30.1059
27.4512
30.7571
28.4296
31.4823
30.2412
28.3967
26.4739
33.6641
33.6755
31.0814
27.3693
29.6919
29.8268
28.5584
38.8296
32.1910
31.8679
37.3584
30.7423
28.5607
31.7057
35.4953
30.1503
28.4853
30.2174
25.4670
29.9132
27.3026
27.6218
29.5327
28.8045
27.0610
27.6874
29.7409
28.4643
26.5699
31.1987
28.7240
27.6101
30.1290
28.2325
30.8760
39.7609
29.4572
32.3021
31.4403
46.1237
36.9231
29.8766
30.3553
30.2419
27.0141
26.7323
29.5877
26.2544
24.8562
28.8881
25.6803
29.4103
26.7370
26.7117
26.9634
27.0648
32.2584
29.7192
32.8086
29.5024
30.4919
26.7623
33.8718
27.4588
32.5655
32.5334
28.5680
28.7189
30.8401
29.8096
30.8941
31.3410
30.7780
32.0977
31.7544
33.3097
31.7135
29.5363
25.9746
25.4677
24.9768
26.4337
26.5675
25.3054
24.5321
24.8993
24.9423
28.8779
26.5472
25.3529
32.2663
27.5436
25.7679
27.1350
32.1725
32.0739
31.2890
35.6455
28.7613
28.5099
31.5368
35.4987
40.9620
30.1197
29.9616
31.3856
28.3011
27.1496
26.5285
26.3537
29.3223
27.7583
29.0153
29.6910
28.3869
27.4392
29.4783
30.2337
26.1418
26.1486
26.1037
26.8768
34.6716
36.4172
33.6780
30.8628
28.8879
34.2821
28.4703
27.3774
32.3604
33.4828
28.4861
27.0234
29.3098
27.7156
31.2904
32.2739
29.2426
29.9474
27.3380
28.4351
27.7040
27.0854
27.3532
28.5749
29.3421
29.4462
28.3374
33.4128
34.4163
31.0048
30.2618
26.2239
28.9557
30.7516
30.9966
33.2430
31.4008
35.4370
33.0520
32.0678
32.1514
27.6672
25.5351
25.9274
23.8284
24.6447
27.6920
26.4678
24.0952
24.7107
27.7076
26.5873
30.2146
31.6874
30.7043
31.2626
27.5065
30.2027
25.9619
29.2623
27.3512
26.2686
30.0810
27.5463
29.5155
29.1574
30.7450
33.3206
27.3118
27.7139
30.8993
30.7293
30.1095
26.9395
28.2798
30.7165
31.2240
32.4109
32.3349
34.3174
32.1497
25.5854
29.2132
30.0227
30.0678
30.8676
29.3948
26.1439
30.2712
28.1797
33.1880
28.7331
31.1092
28.7286
33.1346
36.7541
31.6397
27.5083
30.3117
34.5386
37.7601
28.6177
29.2998
31.2334
27.8846
33.4414
32.9556
44.4932
32.9059
30.1711
36.2645
33.0429
31.2718
27.5442
34.4709
25.1901
28.3384
28.3606
29.8989
27.0795
24.6648
29.6356
31.8262
27.3267
30.5458
28.1995
29.9436
27.0087
27.1550
25.7418
24.4377
28.2601
29.7367
26.5993
29.6216
29.0292
27.6156
27.5761
29.2802
34.9689
32.9062
33.3206
31.8615
28.4571
31.3470
28.4891
24.1263
31.4209
29.6759
29.8633
38.4930
35.6764
35.4695
31.1249
30.7286
33.0037
35.9297
27.3592
28.7234
29.0159
27.5301
27.4038
33.5563
29.6383
29.8341
28.7899
30.6440
31.7516
36.2996
30.5932
28.4503
28.7286
25.5697
25.4025
28.4264
30.9193
29.9383
30.7627
31.8852
29.5281
31.8549
26.1253
31.4051
27.3248
26.6004
26.4195
31.7765
31.4014
30.2411
32.4053
30.2322
36.5589
32.2514
31.2231
25.9769
27.8308
28.5245
34.9604
27.6454
28.7124
28.2178
28.9664
29.0282
28.5933
27.8028
32.8816
34.2660
28.5790
26.1571
34.8175
28.7655
29.7668
38.8793
36.2097
37.2760
38.0475
36.7246
34.0496
30.1503
26.5774
29.2770
33.9523
31.9364
37.4458
34.9194
35.2433
34.1763
35.5756
30.1293
30.1119
29.4076
27.1056
25.3598
27.1364
28.3937
27.8368
29.4623
27.6773
28.7291
28.9849
31.5137
35.6416
39.6655
38.7646
34.6262
33.0184
39.3843
29.2680
26.4732
26.9936
25.1451
32.3185
26.4280
24.9393
26.1144
25.5356
28.2953
28.5051
29.5935
37.2949
39.1057
38.7236
34.4244
34.6846
33.5834
28.3943
30.2823
36.0937
34.1769
33.9411
35.2626
34.8273
29.2485
26.4426
30.9474
35.5084
30.9555
31.3218
31.7904
29.0825
30.5561
28.8575
29.4743
31.3087
27.2480
31.4565
28.8550
28.2466
28.5260
36.8889
30.4868
27.7999
25.3098
28.9635
30.1084
31.9638
29.5118
36.7110
32.8171
33.5385
31.6978
33.0597
33.9293
34.2461
29.5354
29.4318
30.2311
27.7045
24.9736
28.6318
30.8922
36.7477
32.4131
28.0107
30.6159
37.5597
35.9485
35.3999
35.4584
28.3526
29.3709
27.3574
25.1715
31.7375
28.7390
30.2462
31.4900
26.7581
32.1106
29.8440
27.6859
26.8066
27.0437
24.8396
25.9587
26.2679
28.0024
28.4711
27.6473
28.3209
26.0570
24.9640
31.7876
27.1242
27.0818
26.7348
25.0830
26.1669
36.2006
35.0065
33.7610
28.2927
30.7203
28.9374
29.5656
28.6104
35.2490
35.7664
29.6767
30.7738
30.7813
28.5347
32.6438
28.7711
30.7254
29.7153
32.5563
30.4135
33.3724
31.9489
33.1363
30.8122
29.1593
32.0567
40.3201
31.9535
30.5822
30.9455
29.1945
36.1467
27.1075
30.3153
38.6580
31.6529
29.6541
28.1183
25.7369
25.6780
26.6303
26.0688
27.1872
30.4322
31.2054
26.0331
27.6000
29.1207
29.3018
32.5692
37.3549
30.6962
35.1239
28.7496
32.9900
29.6927
31.3724
32.0193
27.1629
30.7726
30.3383
28.8588
32.5881
33.1150
33.6426
31.8198
30.8843
30.0063
30.3291
27.1377
25.7066
27.1167
26.2162
35.2269
28.7295
28.3090
27.8609
30.5300
31.5010
26.3364
23.3505
25.4892
25.2979
23.7680
25.4150
29.8258
29.4941
27.5440
27.2796
31.5997
25.7107
30.8693
29.3860
28.6860
27.9283
26.2529
27.6877
31.5885
31.0855
27.0542
25.8863
28.4507
26.4079
30.9902
25.7954
24.9932
25.8101
31.6455
28.5127
27.3530
31.5861
36.5293
30.6199
28.2145
27.0247
27.4668
29.0605
29.5319
26.2954
27.3264
26.1150
29.7879
28.6473
25.5215
26.2894
27.9211
29.3690
27.9045
30.3378
30.8973
29.3295
33.9764
38.2650
28.3717
31.7117
24.5457
28.2556
28.9107
32.0017
32.0220
32.0823
29.4194
27.7469
24.9418
26.6829
26.8511
29.1286
27.5885
26.9102
28.7503
25.9091
31.1160
30.8795
30.2343
28.7837
27.1940
29.6405
32.0228
26.5632
33.9331
31.2675
28.4653
28.7370
30.6818
35.2207
30.3810
30.8530
28.0819
25.6770
27.4018
30.4514
33.2751
32.5176
33.7616
34.7007
33.2670
32.2259
31.3863
35.8064
32.6036
32.0375
30.5862
31.2067
31.8335
27.4516
27.6853
26.4591
29.3758
35.0543
36.7471
31.7574
28.3765
28.2928
27.3536
25.1474
27.9167
26.1873
28.8179
27.0051
29.7977
29.0458
33.5848
28.9914
31.3209
33.8452
32.5440
32.3170
30.0048
36.7793
35.9135
27.2457
28.1290
30.1781
27.6570
25.3077
27.2525
31.1772
28.7402
27.8303
30.7117
30.9356
32.0931
31.5843
28.0355
27.4330
35.4541
33.2060
34.8995
32.3798
28.9845
29.1542
30.7331
28.7135
32.9899
25.4665
31.1082
31.7527
31.0037
32.8141
29.6864
33.6030
33.8928
31.5458
30.8121
29.2133
30.3020
28.1404
28.4393
26.2044
30.1036
28.0771
26.1617
25.7368
26.5667
25.3229
31.6682
28.3473
29.7135
29.4933
25.0050
27.1072
26.6070
28.4500
28.1408
27.2489
27.5975
36.3982
26.7549
30.0657
26.9314
33.3237
35.9900
35.1271
36.6545
33.1661
31.0460
28.4024
31.6200
33.2146
34.4018
31.9068
25.2907
27.5293
28.2395
28.7752
28.1473
28.7595
26.5670
28.9241
33.1682
32.3078
27.1642
26.0017
24.6649
25.3235
30.7792
27.2917
25.3549
29.4120
32.4610
26.5505
25.9946
26.9369
29.7199
28.4543
28.3426
25.6271
26.3368
29.9590
31.0420
26.8251
24.7666
30.6310
28.4761
29.9374
28.7275
29.9099
32.0615
29.5755
25.9063
24.4532
25.5980
26.7340
27.2197
26.7609
29.3069
27.8559
26.6560
30.5160
25.7867
25.7654
32.5276
29.6641
31.0129
27.8472
26.7894
27.5909
30.6427
26.4069
30.2923
27.4908
29.3861
25.7318
30.7797
36.8171
31.0924
30.9045
27.8687
30.7255
38.6991
39.9480
31.3374
29.3349
27.8026
33.1430
32.8500
33.4561
31.9262
36.2338
31.4394
28.0558
31.5335
28.8242
29.6571
28.3381
37.7379
41.3611
38.0030
30.6628
34.7723
33.7372
33.1473
32.4679
33.8808
30.4494
35.1606
36.3684
27.5121
34.6950
35.1012
32.0496
29.4873
27.6381
25.6779
24.9526
29.6461
27.1056
26.8378
29.0758
29.0938
29.8911
26.6122
30.3534
27.0374
31.0587
28.0776
30.5140
26.5038
28.8328
30.6237
28.4851
29.1083
35.9084
35.9830
33.1034
31.4886
29.2919
27.5147
31.6064
31.3064
30.6585
33.8218
33.8651
31.9777
32.1311
31.0738
26.9113
25.7619
28.0569
30.5319
25.6954
29.9607
30.1357
28.3529
31.0342
30.0041
30.6251
30.5713
29.6201
34.4561
30.4698
31.0762
29.6992
30.3143
29.3611
29.9545
33.5306
29.1372
33.4211
32.3438
29.4897
35.1543
33.2770
32.7537
27.3541
30.3906
34.9394
35.5935
33.0783
39.4655
39.3727
36.5635
38.1602
33.8814
37.1318
39.7951
31.9518
28.5729
34.6342
32.1590
29.8478
30.3331
28.8510
27.8268
32.1408
32.1812
31.3810
32.3184
34.9610
31.9716
30.5798
29.9102
29.6604
28.6170
29.5705
28.3578
28.9538
29.2356
32.1461
30.5522
33.6412
33.4905
31.2826
25.9835
34.6286
37.0586
33.6304
32.1278
28.5491
26.9959
28.8232
28.7533
35.3966
37.6101
32.7958
29.5023
25.3660
25.0567
24.0072
25.0866
25.7833
24.7343
26.1863
23.9515
24.2311
23.6700
25.0819
24.9825
27.6436
26.0063
30.7013
26.7426
27.3360
26.8464
27.8070
27.0168
28.7183
27.9355
25.4268
25.3446
24.0752
27.5972
25.6975
24.9689
26.0425
28.6863
34.1167
26.7547
37.4150
38.0254
32.4001
37.0560
35.6991
32.4293
28.2844
30.5452
27.9929
30.7639
29.1492
34.5345
30.1335
33.0545
37.6822
31.9019
33.6125
36.4948
38.3286
33.1583
31.3856
29.7122
30.1598
34.4247
29.1480
34.1830
28.3823
35.7784
32.1786
27.1106
27.6745
28.6763
30.4060
32.4523
33.4308
30.2796
29.3314
27.6158
28.6157
26.4314
27.5081
27.2326
25.3381
32.4021
31.9068
35.1613
33.3965
27.5659
26.2558
26.2800
26.1399
29.1973
31.0658
28.2913
32.0049
30.7554
29.9196
28.3005
34.6789
30.8929
29.6680
36.2131
33.0449
30.2387
31.0867
29.0611
31.3755
32.7113
29.5716
32.0027
27.3505
29.4794
27.8191
30.6925
27.8593
26.3305
25.3901
25.2643
26.1180
28.5631
32.3077
34.4906
28.8220
26.9822
25.4801
29.4208
30.5010
30.1518
29.5000
29.2427
28.8873
33.6570
31.8417
37.0466
28.9048
28.7626
28.0897
29.8556
26.3692
27.5028
26.0991
28.5866
28.1505
25.7747
27.9155
28.0593
31.5013
36.1191
28.5175
28.3651
29.2873
30.0993
29.1693
31.0101
29.8280
29.2531
30.4606
29.3666
30.9559
30.2209
30.7535
27.3520
27.4833
26.5238
30.5428
27.7969
27.1096
25.2071
28.0890
28.0554
28.0075
30.8499
29.4161
31.4233
27.1790
26.9870
27.3668
27.2493
26.0227
27.9660
28.0184
31.4771
28.0262
27.1681
26.3865
30.8780
25.9489
27.9313
28.3966
27.2564
27.4995
26.8625
26.9765
29.9265
32.7113
30.7439
30.9336
29.8563
33.2539
31.1813
30.9265
30.9043
28.2642
32.9985
30.4238
36.8039
28.8803
29.9909
30.4772
26.4990
28.5541
25.6712
26.2919
29.5806
27.2646
27.6001
29.0434
27.5295
31.6948
32.9002
30.8309
29.1952
25.9859
29.5738
33.9580
27.4343
32.4647
33.2149
35.2623
35.0368
29.5259
27.7856
27.2606
30.6912
31.7643
28.6792
27.9984
31.6870
32.6602
28.9292
28.1163
38.3923
29.1856
28.4085
28.2968
30.9557
33.1993
33.1582
28.1811
28.9374
29.2077
28.2179
29.0946
29.7817
27.4047
28.4817
31.4966
28.4855
27.6371
27.8144
25.3154
26.0169
25.5223
26.8190
27.4598
30.0541
24.9787
26.6272
31.5859
29.8224
30.2531
33.5839
33.6431
37.5729
31.3372
32.4159
30.7556
26.4061
28.8593
28.8912
35.3248
30.8297
28.2656
40.2340
32.5817
37.9137
33.0530
30.4141
30.0426
29.4930
27.7919
29.7232
32.5416
37.5038
32.7690
29.6389
27.1808
28.8829
30.6614
28.5318
27.0753
30.0158
26.1369
24.1723
25.3104
28.6433
27.2642
28.0124
26.3819
26.7587
26.3528
26.8140
30.3638
27.5407
27.7444
24.7369
25.5822
25.9826
26.4674
27.8402
29.5200
31.1363
28.1395
29.3337
27.5769
29.0009
31.9540
27.3629
31.1038
32.2323
30.3043
29.3665
25.5288
26.7142
24.9683
25.9883
27.9763
27.1029
25.4182
25.4946
25.4889
25.1206
26.8788
26.8037
27.2304
26.9751
25.9323
27.2112
26.6313
27.6804
27.2105
26.7518
28.2713
27.2037
27.1638
27.1087
28.0171
30.2410
27.2069
31.9763
32.2096
31.5355
27.4337
29.1094
29.8738
29.2809
26.6541
25.5663
27.9888
24.4717
25.9212
26.0875
24.6687
27.3673
26.8234
25.5804
27.3377
31.2323
30.0586
29.3427
28.1089
28.5028
26.1782
29.1449
29.3368
28.9104
26.8622
27.1473
29.0180
29.9610
32.2978
30.7827
28.7667
27.5550
30.9502
38.4283
30.8839
29.9678
26.3326
26.7219
28.4956
28.9470
25.6272
26.9733
33.0177
34.4835
29.2153
27.4346
29.3905
25.0084
30.6210
31.2702
27.5706
26.7357
25.7126
28.6393
30.0355
27.9451
28.1828
30.2242
28.1748
33.9875
31.7565
28.7045
28.9974
28.6837
28.4586
29.2130
27.6170
26.7667
26.1096
28.1613
31.3330
30.7676
25.3580
27.1979
33.4700
36.3215
34.8599
32.3474
32.8900
29.4166
32.4521
31.5113
28.1183
27.2557
26.2614
25.7048
35.2079
29.6516
25.4285
29.9429
27.7066
27.8848
26.8569
26.8467
29.4680
28.7661
35.0287
33.4895
31.0956
30.4502
26.5317
33.0840
32.9991
29.2831
35.8908
31.8942
32.9962
30.1267
33.4198
27.6562
28.3529
29.3980
26.3337
33.8632
27.4076
32.5519
27.3630
34.3788
28.9307
29.3845
29.4597
34.6106
32.4957
29.7263
33.2129
32.9952
32.3172
27.3421
30.2143
29.2247
29.0264
26.4959
31.9798
30.7505
32.1120
24.9599
28.5086
30.7752
31.1042
28.2382
32.6645
32.7875
31.0580
32.3802
32.6485
28.1768
31.1056
27.3992
27.3663
33.1276
34.4374
30.0633
27.7158
32.9376
30.4267
31.6331
26.9415
25.9085
28.2730
31.1352
23.8774
26.0395
22.9002
26.3011
27.0191
26.4758
26.7755
26.3529
32.5847
27.2093
27.4880
27.8366
29.7839
26.1043
25.2456
25.3439
23.8514
24.3918
26.2695
27.5279
28.6143
24.4166
26.5233
27.4701
25.2375
25.9838
23.9943
24.9947
26.6454
28.1415
28.7507
28.5889
29.5220
28.8673
26.0865
25.8546
28.1019
29.2374
26.8735
27.1465
31.8252
37.9096
28.7245
28.3315
29.7438
32.4663
27.0891
26.7200
35.0367
32.7632
33.8254
32.7459
32.4376
30.7576
29.2347
31.1098
35.0578
34.8367
30.3361
30.9502
29.7034
31.9846
29.6601
32.0988
28.0199
27.9811
29.3449
29.0086
29.7332
27.6347
29.3948
28.4955
30.3920
32.8337
26.9487
33.2191
34.2350
33.8170
33.6513
35.2209
33.1209
31.2487
29.9939
29.4157
31.3991
32.8922
28.3615
28.1615
29.9493
28.0442
29.8598
29.8359
30.7558
29.7438
28.2738
28.7251
31.7333
27.7884
32.6911
31.1922
30.6878
27.5306
31.8998
30.5830
30.5002
29.4419
29.3270
26.8498
29.3581
30.4333
29.8905
31.3571
29.4346
29.9393
32.0342
25.6187
30.1451
29.4264
33.2567
29.8989
31.8338
34.8767
31.8958
29.2536
32.3662
33.4807
33.4375
33.0048
27.0706
27.8755
30.0353
28.5177
29.9012
29.9306
29.9786
31.0411
26.0022
31.4271
28.4290
27.3599
27.5210
26.8037
27.2567
30.6023
29.5097
30.0287
29.4694
26.5185
24.1274
31.1599
27.6454
27.3291
29.2303
27.2891
29.6336
29.8441
31.2360
27.4867
29.1234
31.6722
31.7428
32.2587
30.7585
33.6171
31.8330
31.9030
27.2939
28.3168
29.4291
30.7407
28.5960
31.2556
25.8242
26.6780
30.2972
29.0351
28.7017
30.6479
26.3618
25.7376
29.4106
28.2089
29.5844
26.8927
29.4900
29.9699
29.0792
31.6645
27.1519
26.6840
27.8123
27.1736
27.2172
30.9772
28.2370
31.5217
27.1016
30.5342
25.7142
25.9444
28.3502
25.9977
26.9326
27.2277
25.9203
24.3690
23.9879
25.0422
26.6907
25.5073
24.7600
26.2939
24.1792
27.2297
26.0208
26.3943
28.6664
30.8300
35.0228
33.2643
33.4067
30.4379
29.7813
28.2225
29.4231
30.0387
27.2938
30.2163
27.6374
28.8303
33.0842
27.9287
25.3990
26.5181
28.9482
26.9832
31.1241
28.5597
28.9126
29.0490
35.7572
33.0870
34.0901
28.3287
32.3861
29.9003
33.2992
33.9341
36.1990
31.1695
27.9043
31.7812
35.0779
33.5141
29.1765
29.8799
34.1512
31.6936
30.8343
31.9018
30.5923
27.3641
29.1475
26.1688
25.2217
27.6880
29.3404
27.9873
26.4922
27.5151
25.5656
30.1199
29.7020
26.4245
27.4391
29.7868
26.9593
28.6661
29.2290
27.9511
26.2980
27.9328
28.3478
31.8691
32.4250
26.9929
31.0820
28.0077
30.2366
24.9779
31.9587
30.9927
28.3646
32.0073
31.4637
31.0237
29.5142
26.3444
29.4916
28.4285
31.1452
30.2273
32.1578
29.7173
27.7709
30.0989
27.9947
28.7533
31.1147
30.6581
28.9674
30.3883
30.5686
28.3713
28.6835
27.2922
26.8042
29.4661
29.4213
27.9685
29.5369
29.1421
25.8437
24.8857
27.5686
28.9855
27.7754
28.5459
25.6562
29.1064
28.3359
30.0518
32.6918
32.6223
34.3885
29.2767
31.7166
32.2461
32.0208
30.4798
31.0898
26.7823
29.3505
28.9754
29.7347
28.8534
29.4639
29.7650
27.8536
36.4485
35.0274
34.5254
35.6954
33.9440
28.0504
26.6813
28.4290
29.2251
29.1770
27.6792
28.7342
31.9592
30.2902
30.0806
28.8365
28.5131
33.2302
28.4444
26.4726
25.5723
25.8872
26.9801
27.2720
28.1028
30.3802
27.5861
25.1134
27.1720
28.4741
26.5169
29.5956
30.1771
37.3232
36.5329
30.3768
29.0131
36.2253
31.5736
29.3084
27.7227
31.0898
33.3396
32.5027
28.5312
27.0403
32.1757
28.4320
29.2494
29.5458
28.2181
27.9327
26.6884
29.0889
25.8091
27.2219
30.7761
28.7344
27.0324
25.8145
28.1007
27.3049
26.0255
26.5962
27.4625
27.4945
33.6663
32.0051
27.4636
31.8501
27.4096
27.2114
42.8537
33.2961
29.4313
29.2211
28.1284
36.1714
35.4584
28.7421
30.1981
31.0445
27.8538
39.7251
34.2592
39.3328
36.8686
42.6016
29.7985
30.5362
25.1090
31.3668
34.6010
33.8248
34.3144
31.4649
31.3251
28.4510
26.5970
27.9394
25.7730
27.4637
27.7808
28.0750
27.2471
25.9508
26.0223
28.9232
32.8367
27.5966
25.4495
28.3316
30.0868
27.8159
27.1609
30.4140
25.5230
31.4206
27.6660
28.3622
29.2037
27.0583
32.9315
27.0609
27.1249
26.2822
30.9144
31.4479
36.0572
34.9662
30.8063
29.1636
33.5173
29.9427
26.4994
27.4000
29.4727
30.6005
29.3037
35.2306
30.5602
27.6330
33.2373
30.8060
30.1010
30.9255
28.4727
33.1869
29.4566
28.4488
30.4886
31.5157
30.9957
25.4992
26.5680
30.9848
27.9246
26.5789
29.4999
29.0744
27.7104
29.6189
25.6213
24.9697
28.8687
27.6214
24.5972
35.3680
29.2317
27.4664
27.0931
27.9188
25.1909
27.8397
28.5262
25.0312
26.5761
29.9867
26.4750
30.9060
28.8741
27.0700
26.0371
27.4457
27.7900
37.0716
33.0019
28.3875
30.8853
31.0469
31.5314
29.1419
28.2233
32.3498
37.3553
38.2303
27.7905
33.0566
27.3798
29.5094
32.1190
30.4780
25.8699
34.0917
31.9293
33.2991
26.5506
26.6293
29.9246
27.8779
28.1244
35.6163
28.5488
31.7259
28.8791
27.8205
29.3138
26.7182
29.3815
27.7983
27.3048
30.8855
31.1717
26.3916
28.6620
30.8717
29.7090
26.7012
27.2157
27.9486
30.2025
30.0039
31.7179
32.4441
35.5081
29.3887
25.4625
28.0039
33.0859
33.5910
35.0779
29.4523
31.5069
27.7924
25.7173
26.7779
28.4778
28.0791
25.8482
29.1714
30.2207
32.8804
34.9731
34.1063
32.5180
33.4006
31.6807
26.7227
29.5631
28.2075
27.7878
30.7589
35.3506
29.7120
29.9710
33.3956
26.6653
30.7954
36.7353
35.5593
37.0457
33.0593
26.8942
27.1767
38.3209
29.4208
30.9708
31.4772
28.3443
26.8048
27.3653
26.3056
25.6639
29.2713
30.9794
30.8124
28.4432
31.3523
31.1235
37.5681
33.5391
33.1943
35.5434
28.1138
30.3220
30.1929
27.6386
28.2090
29.9709
27.8454
29.0065
25.3382
33.8700
32.4209
33.1139
26.5383
29.8796
27.9566
35.7890
35.5609
31.9193
30.3971
31.3927
34.2099
35.2769
24.9234
30.1429
29.7552
29.9719
28.0467
39.0200
33.2916
36.3626
26.7406
34.1321
29.2460
31.0687
31.5846
27.4207
27.2575
36.6899
31.4672
35.3322
32.6930
28.6984
26.9227
26.6931
28.6542
29.5358
33.9967
31.7811
35.1595
32.9100
35.5618
32.1482
32.5768
33.9369
32.6920
31.2788
32.8866
26.1104
35.4802
29.6184
35.7024
27.6416
31.1905
32.5538
36.8870
34.6018
34.1983
33.9123
37.3378
38.9218
33.1218
34.0790
27.0487
25.3285
28.1651
30.2163
28.9971
29.2531
27.2819
28.7193
26.8006
27.9461
27.6110
30.7163
30.2013
33.2982
26.9356
26.8251
29.9081
26.1773
28.0251
30.1596
32.0603
28.4692
30.5552
29.8066
30.1219
31.5981
29.7311
33.4126
32.6265
33.4708
29.6192
29.3269
26.2968
26.9720
29.6395
27.1078
25.4958
29.9086
33.7404
28.9255
30.3030
31.1796
27.5265
33.9652
32.8877
29.8841
31.0203
26.6697
30.1509
29.7289
30.2158
29.1086
26.8628
27.4309
27.2029
29.2494
32.0754
29.0358
27.5976
28.7936
28.6233
29.1311
26.9392
30.3401
29.9061
32.5982
26.7193
24.7820
23.4440
25.5242
35.5624
27.1399
27.5967
26.2899
28.2626
25.5822
27.0960
24.8893
23.1007
23.6295
27.7809
25.5346
31.4350
26.0930
25.7227
24.7034
27.4901
27.9642
26.4828
23.3639
25.6696
24.7300
23.4233
24.9370
26.5059
28.3267
28.4152
29.1412
30.7182
27.9244
27.4204
24.6158
26.3531
28.3518
27.4347
26.5181
27.0261
24.2441
27.7148
26.9174
26.7988
25.6992
27.6728
23.4564
23.4908
27.7473
25.6267
26.9640
29.1197
26.1886
25.1592
25.3286
25.9598
24.9293
28.2870
26.5286
27.1861
26.8127
27.9679
26.6625
25.4065
29.6231
27.0927
29.4006
27.6652
25.6309
25.9420
29.8341
28.7939
28.3416
27.7065
26.8760
24.6230
28.9861
25.7392
25.9218
30.5316
29.4496
30.0396
26.7173
34.7034
31.4051
28.4051
29.5327
33.4225
41.7038
31.8775
31.9506
28.0249
31.9940
34.6506
30.6444
33.0133
31.4051
27.9816
25.6525
27.2953
30.8687
27.0854
26.2656
29.2638
26.5564
29.4848
33.0518
28.9686
29.3626
30.0120
31.0786
30.4056
28.5810
37.9977
34.8114
31.7631
28.2406
27.6250
25.5849
25.2433
25.5029
25.8268
27.9646
25.4494
25.4967
26.8150
31.2675
30.5041
33.6167
27.5150
31.9815
34.1048
28.9823
30.4644
28.8539
28.6682
30.6938
32.0577
29.8311
33.6787
34.1217
27.7105
29.6492
26.1341
27.7046
26.0552
28.3633
27.5937
30.6384
27.3941
29.7610
30.9191
30.8809
34.4179
29.0762
29.6435
29.6281
29.4611
27.9002
26.8606
30.2297
28.8956
25.3372
28.3806
26.7270
30.7846
28.1225
27.3163
29.9375
31.0224
34.5522
30.7333
30.3311
31.5824
29.8962
28.7914
28.1336
26.6891
26.3487
30.5227
31.3786
29.7750
33.5561
31.0826
34.1023
31.3506
32.7913
31.3442
29.4480
31.6248
33.6112
27.8961
28.7438
29.9612
31.0028
32.4574
28.5795
27.2794
24.7191
27.8142
24.0385
26.7794
26.2738
26.4306
24.7854
30.9750
27.0109
27.4498
28.5194
28.8456
26.8932
27.3156
28.1027
27.8142
25.8677
26.9009
33.8703
30.5347
25.1875
33.1981
40.8557
39.1850
29.0399
38.2291
37.2349
31.9337
27.9019
29.1482
34.4705
30.2236
43.2530
46.2307
37.8168
31.9414
34.1584
33.1294
32.0953
28.5721
25.3657
26.1586
26.2234
31.0388
28.4192
28.3919
31.7060
33.6878
29.8986
29.0933
27.3657
29.9563
35.3606
30.9109
32.2395
36.5241
35.6367
31.8386
28.7868
34.2463
29.2015
28.6155
28.9397
26.6218
25.6678
25.4847
27.0564
33.7327
30.0327
28.3727
27.8394
31.3003
26.1182
28.5236
31.1170
26.6007
25.0551
24.6452
25.1066
27.3127
28.5933
32.5571
29.0482
