47.4307
44.4573
47.7183
48.5890
49.8262
48.4852
49.8167
45.1384
42.7188
41.7754
41.7425
41.3984
41.5214
42.0045
42.3933
41.3172
40.1560
42.1942
42.2583
42.9878
44.1306
43.4385
43.6536
41.9071
44.2823
41.2224
43.3400
42.3271
43.1381
41.9270
42.5184
39.2727
41.5748
43.3766
43.0680
43.9088
43.3770
46.0769
41.8809
43.8106
39.9664
42.2744
43.1940
43.2023
43.9381
42.7693
42.7672
43.9697
42.6423
42.3450
39.4601
43.3189
44.3987
44.2643
44.7197
44.3728
43.6613
42.3616
43.3785
41.2488
40.0951
41.5416
41.8632
40.2522
41.9838
43.5024
42.9687
41.3948
40.4516
43.6143
43.2041
41.5858
42.4438
40.4029
44.0109
42.4112
42.0624
42.2036
42.5792
42.2850
42.4673
43.9481
43.1329
40.9818
40.0686
39.8084
40.5408
42.5800
40.2775
40.0183
39.0224
39.2493
38.0478
40.1071
38.8819
40.8375
39.9994
43.2134
40.0105
38.2833
40.8656
44.1851
40.5299
42.4837
41.6769
40.2597
38.9287
40.6935
41.4639
41.8562
42.1495
42.0840
43.6759
42.9249
46.7472
44.9129
46.2418
41.5761
42.0242
43.2310
41.9967
43.0655
44.0233
43.5386
44.2020
41.4755
40.8851
43.6533
41.3266
42.2468
41.5443
42.4725
41.3974
40.3601
40.2722
41.4197
41.9061
42.7788
44.5504
46.5644
43.7463
42.1530
39.1221
39.7116
38.2943
38.0011
38.8429
38.8623
36.8711
38.6028
37.5666
38.5528
37.2308
36.6109
37.9003
38.0240
36.4314
38.9034
39.0626
42.6076
39.0149
38.6449
42.4496
41.4882
43.0237
43.0157
46.2327
40.5915
39.0569
39.5745
38.7041
38.6677
39.7919
38.8825
39.6516
41.7060
40.9408
40.8354
40.8361
42.3885
41.0416
41.6377
40.0252
39.7914
38.5814
40.5334
40.5846
39.1366
40.8286
41.4002
42.0341
40.2451
41.3794
42.0718
43.1970
42.6118
42.2956
41.9319
43.0506
40.4062
41.5587
42.0818
42.0546
42.8669
44.1990
43.6152
42.9437
44.2929
45.0069
44.5718
44.7443
45.0211
44.2662
45.8265
44.9476
44.9566
44.5100
43.4394
44.9613
43.6193
43.8582
43.3017
43.0389
46.0885
44.2580
44.1081
44.9183
45.0771
41.5581
42.3814
42.8140
42.6367
41.0559
42.2613
43.3882
41.6090
40.7902
41.0388
42.0808
42.5987
41.2236
40.1379
42.6157
38.8850
39.9631
40.9447
39.5725
39.6215
42.1075
41.0400
42.1286
41.9735
42.1822
42.4701
41.9377
42.9751
42.2734
41.3679
40.4166
40.1290
40.7483
42.2168
40.0195
42.4338
41.6395
42.7199
41.6549
40.9891
39.7115
40.6550
42.5889
39.9317
41.7573
43.9940
40.9769
41.6068
41.0964
42.3416
41.0726
43.8801
45.7837
43.0290
44.4501
39.4800
39.3516
42.4493
42.3649
42.6380
43.2061
43.1180
42.5271
42.5558
42.4319
43.1754
43.0101
40.4506
41.9695
38.2425
41.2812
39.5251
42.8089
40.1822
37.6826
39.7822
39.2117
39.4510
37.6172
37.0645
42.2965
43.0297
40.9365
43.2325
43.6787
43.3569
45.8924
45.8848
45.3733
46.0457
44.9657
44.9887
44.4910
43.4821
43.1718
42.4460
42.7682
43.2033
40.3388
41.8909
42.7161
42.9807
43.1488
41.3383
41.9586
44.7796
44.4528
42.2138
44.2840
44.5671
44.6135
44.9192
42.0947
44.5827
44.1500
42.8037
39.8619
40.2431
38.3813
42.2671
41.0168
41.2059
44.4959
43.0204
40.5930
41.3451
41.7387
41.7197
41.5776
41.9728
38.6774
38.9547
38.1928
39.5970
41.2535
42.0171
38.1502
41.3820
40.8458
39.9871
39.5749
41.7390
38.8167
37.7969
36.6251
37.8510
40.3340
39.8021
36.0393
40.0486
39.1815
41.9375
41.2728
40.2117
43.4593
45.2087
45.6054
46.3836
47.0104
42.3061
42.0658
43.4920
42.9625
43.5311
41.3295
43.6613
45.0226
43.9602
43.9966
44.1165
43.9051
43.4740
43.7295
41.9083
41.5775
43.5324
41.4036
42.3723
42.9838
44.1256
44.6317
44.7659
44.9327
45.8956
45.0896
42.6541
43.6387
43.0369
43.3917
40.6448
47.3426
46.6138
45.3024
44.5231
44.9355
45.4939
46.2872
43.9559
44.5990
45.8328
44.6437
45.4884
43.6619
44.9207
41.3717
39.5359
39.0228
39.8001
39.2118
40.9355
43.5338
40.3646
42.4881
42.4101
43.7473
43.6912
46.8462
45.3056
45.8135
42.9452
44.9962
45.1729
43.3827
43.5189
42.9354
41.4070
41.7521
44.3078
44.8577
42.1279
42.9509
44.5445
43.4974
43.3498
43.3645
44.9240
43.3164
44.3332
43.7346
44.3854
42.8615
44.1143
44.9328
42.3563
43.8808
42.0083
42.9133
47.2527
46.8363
42.2335
46.0120
42.1991
43.7460
45.8486
44.8076
43.0592
42.4409
42.4074
43.9034
41.0808
40.5367
42.6661
43.0427
44.9970
43.6242
44.4605
42.7175
43.6398
44.2478
44.3622
45.6534
45.0336
48.1885
45.5841
45.2856
47.3399
42.8215
47.0362
48.8347
51.0756
51.0886
50.4298
49.6578
46.3692
50.1837
50.6268
52.9369
50.8403
51.2271
49.1884
51.7162
54.4632
51.7932
49.9709
52.4288
51.4921
49.0816
52.0613
49.6182
51.6677
51.5528
50.4464
49.4383
46.3294
48.5159
48.7109
48.0671
49.2431
52.3076
50.7202
51.3055
50.8569
49.5110
49.9813
50.6579
46.7902
50.3516
52.1680
47.2684
47.8585
46.0468
45.0356
45.8656
43.5978
40.5888
38.8318
41.2438
41.5224
41.3837
43.9059
40.9972
43.5615
46.3829
47.7614
49.6495
48.6840
49.0170
49.2709
46.2623
44.6985
47.7789
48.2459
51.7370
49.7947
52.5234
50.5531
49.8178
50.7026
48.2977
48.9763
49.2913
46.1875
49.3446
48.5487
49.4832
48.1256
49.6502
48.0735
47.4717
39.3171
40.8666
44.6209
46.1330
44.3498
41.0568
42.5851
40.9938
42.4331
42.6841
47.3665
47.7523
43.8979
44.6111
46.6836
44.6852
44.3410
39.1942
41.0868
42.0390
40.5392
39.9416
40.7109
37.3731
43.3092
44.2021
45.0389
45.1017
44.7478
46.0304
45.1718
43.7562
47.8276
42.5870
45.2321
44.1573
45.4224
44.6396
40.2873
41.7470
40.3083
35.5742
36.6819
38.7148
40.2821
40.8712
40.6558
43.3787
40.3817
44.0982
48.2265
46.0226
43.0550
45.2900
46.7507
49.3070
50.6433
51.0066
49.7490
47.1208
50.1235
48.8824
47.7690
48.5498
50.2144
47.7751
48.4767
51.0971
49.8015
51.2719
50.4072
46.4583
45.8591
47.0512
46.3883
44.4948
44.4097
46.7164
46.4807
45.7949
46.1973
46.2194
46.2424
45.8825
44.5942
44.5775
45.1223
41.7305
45.4711
48.0252
49.5290
46.1455
48.0321
41.4295
44.2738
45.8007
41.2711
43.9661
42.2087
42.8302
44.4829
43.0056
40.3159
40.7105
41.6947
42.3797
45.2379
41.3084
43.1529
44.9161
42.0593
43.9237
43.8411
41.1551
41.0702
41.0934
44.0106
43.3112
41.1741
42.1361
41.1099
42.7334
42.2177
40.7502
41.8745
40.5210
40.5575
39.5597
39.6358
40.0466
43.0319
44.0862
44.3852
42.1372
45.9725
41.9008
43.5966
44.3115
43.6722
40.7616
39.5813
39.9859
39.8929
40.1403
42.0892
42.6593
43.4725
42.5054
41.6718
40.4907
40.0643
43.1293
41.3152
40.7380
38.2459
42.1571
42.3091
39.8127
41.1733
40.9279
43.8457
43.3423
43.0946
45.4361
44.8319
45.0162
42.7398
44.7422
47.3791
46.2016
46.1670
43.6025
41.2116
42.5873
41.6858
44.9420
42.1575
44.7418
41.8938
44.7650
44.1635
45.7801
48.5114
46.8542
46.3545
47.7239
46.5196
48.5329
47.0514
45.5678
47.3843
47.9780
45.0180
48.0166
47.8799
44.2208
47.4315
45.7411
44.0474
45.5766
45.1813
47.3425
49.1738
49.9493
47.7662
47.3410
47.8673
42.7488
46.7881
45.6338
45.7646
46.8364
44.8430
42.0242
41.9249
43.6479
45.4120
46.7963
50.4712
48.1760
44.1443
39.6737
45.2670
47.6733
47.1812
42.1285
49.8161
46.9500
46.5075
43.1668
44.7409
43.7148
47.7289
47.8959
46.5836
45.8321
46.1064
44.2333
42.6646
43.3865
43.4364
42.5859
47.8499
49.5723
45.3290
47.0297
48.8526
42.6503
42.4508
40.2532
42.2391
43.7487
42.3956
48.1988
49.2718
49.6268
47.5690
48.1433
45.7318
42.6979
45.6325
42.7479
44.4259
49.0135
43.6103
41.8815
47.1609
50.0377
52.1252
45.3464
48.1156
47.1167
47.1013
48.6928
48.6641
54.8655
60.2752
54.8677
50.8887
48.6535
51.9769
47.3962
43.7910
46.1535
44.5495
48.3346
46.8990
44.9643
42.8383
43.9612
47.3235
46.4716
47.6006
46.3118
45.8498
46.1574
48.4802
47.9310
48.1601
46.7767
48.8742
45.7167
45.2670
46.6554
46.7972
47.5306
46.0007
44.5071
44.2985
53.8026
45.2839
44.2778
44.4622
40.5634
43.4933
44.8657
45.3265
44.7478
44.9218
45.9183
45.2995
47.3773
46.7364
45.9324
44.5793
42.5683
43.7352
43.3769
45.2439
44.6223
48.6250
48.7188
46.9961
51.6356
46.2229
47.8089
46.2689
47.3967
46.9914
46.1467
45.6951
46.6170
45.6439
46.3885
48.0797
45.9599
48.1134
49.2029
48.6957
48.4889
44.1152
47.0890
47.4838
43.8642
42.8477
47.4198
44.5949
48.5732
46.6755
44.8316
47.4311
47.0679
41.5960
43.4240
42.6524
40.5938
39.0292
41.6867
42.6946
42.7133
42.9553
42.3700
41.2793
43.1697
41.6210
44.7164
42.8967
42.1384
42.9518
40.3628
39.9727
40.1106
43.9285
44.7345
38.2818
38.5848
42.1843
43.1547
41.9437
38.4090
38.7962
37.7998
42.2055
45.2032
44.7966
44.5810
46.9893
45.8927
47.8700
46.4911
46.0335
41.9562
42.7905
42.8087
42.8883
41.4518
40.7875
39.5352
38.2798
35.1015
35.7271
32.3917
32.1617
35.2226
38.5340
34.9694
37.2840
35.2043
34.8819
36.6885
36.6645
35.1750
34.0044
36.9133
33.4809
30.9537
31.8347
34.1713
35.7807
42.2841
43.0488
41.1291
37.7050
40.8441
38.3958
37.7591
36.8399
38.5025
39.1995
38.0083
35.7085
38.3292
38.4028
39.4151
38.3650
38.0910
38.7392
39.3560
40.6306
39.5244
41.5499
40.3476
43.7980
40.1611
41.0319
42.6372
39.5024
41.1561
38.1818
41.1086
43.0260
40.1100
40.6924
38.6864
42.7300
41.4275
40.4347
40.4908
41.3071
39.6318
37.5136
40.9859
40.7482
39.5563
36.3846
36.6099
37.4721
38.8534
36.7824
40.1003
40.6587
39.2703
40.4522
39.9727
41.3859
41.6981
44.2973
41.7490
44.1532
42.4780
45.9817
45.9565
44.9937
46.7615
42.6369
44.6377
43.2368
43.6708
41.6495
40.4441
37.5465
40.6892
39.8741
38.8312
37.5536
38.7959
37.9871
39.0752
39.6995
37.3629
41.8376
43.0785
44.6022
44.0206
45.8524
46.5234
46.0200
45.0705
43.1876
40.7074
42.9928
43.7425
43.2299
43.8254
44.8270
43.6407
43.2455
41.3240
43.0165
44.6934
44.1709
44.5677
42.4376
43.5729
43.8846
42.6662
41.2750
42.2222
39.3455
38.1883
39.0447
38.5697
40.0813
44.0712
40.1280
40.0880
40.0753
40.9919
43.2866
42.9635
45.0586
46.9164
41.6575
39.4652
39.9631
41.3011
39.8830
38.1352
38.4346
40.5791
38.8761
39.3827
38.8318
41.4520
39.6047
39.9326
38.8568
40.5791
39.4151
39.5670
41.0626
39.1961
41.8063
41.2488
40.7724
41.0204
41.2103
41.1574
42.0953
40.1501
40.7665
38.8479
37.9557
40.7100
39.2624
36.9541
39.7729
39.6242
39.5404
39.1228
42.3473
42.0169
38.1294
37.2191
38.2595
38.5747
41.8742
39.9186
40.2565
42.3169
41.9177
40.4919
40.9116
42.6388
42.9449
39.5753
40.0523
40.8017
39.2337
35.6002
38.4932
38.3297
37.0451
40.4365
39.5282
40.9704
41.1854
39.1448
40.9578
41.3862
42.2700
42.1585
42.5793
41.5698
39.9134
41.2248
39.4687
40.8645
39.6507
39.1156
39.7849
41.8749
41.0861
41.1673
39.7710
39.3223
39.5660
40.5036
39.3325
36.9663
36.5551
38.7669
39.2555
38.5567
40.8987
38.0464
39.1447
37.7339
39.3269
37.6718
38.8591
40.0002
41.5124
39.5175
39.8833
39.8753
41.7742
43.5488
42.0913
42.2171
40.4297
42.9171
42.5383
40.9534
38.7464
39.3818
40.4753
39.9764
40.2577
36.3998
33.9891
37.5459
38.0648
38.9215
39.9389
41.2695
42.8171
37.0012
41.0581
41.1115
42.7772
43.1936
40.9892
42.7029
40.4225
39.7125
39.7645
39.6840
41.9230
43.3660
43.3030
44.3757
43.7546
40.8661
42.5358
45.5735
46.2065
46.0766
45.0353
42.5460
44.1759
46.6727
44.4364
44.5211
42.7592
44.9795
45.7145
44.7130
45.8589
45.4185
44.2752
45.2549
44.5651
45.6694
45.5977
43.6205
46.4002
46.3337
45.9615
46.4308
45.8886
44.5705
46.4090
46.3646
44.0288
43.7424
43.9630
45.3029
44.4761
46.0991
43.2842
41.4322
42.7557
44.6871
41.0754
44.0177
46.6180
44.4361
45.6441
45.6967
43.0713
45.3417
44.6751
43.3027
43.3846
44.5217
42.8172
44.4431
44.9766
44.9841
43.6942
43.9671
45.9665
45.7320
45.5366
46.2223
45.4442
44.8341
44.3094
45.6987
48.7969
47.9965
46.7973
45.6869
49.8530
43.2931
46.2148
46.9589
48.0502
46.7782
47.2676
47.3745
48.1360
44.2101
44.1285
43.6833
42.8156
42.7172
42.5229
42.6335
42.9610
42.6305
42.9139
44.8125
39.9808
43.6716
42.8557
43.0402
45.0436
46.5723
46.0127
46.6732
47.5933
46.7311
45.0018
44.8667
44.4402
45.2625
45.8144
45.6421
44.3301
44.0828
42.2715
42.4589
43.6242
42.8396
44.7170
43.2504
43.3604
43.1206
44.9983
43.4609
45.2493
45.0763
43.5201
43.0940
43.0092
45.1357
45.5749
45.3895
47.2019
47.2529
45.3253
48.3771
47.4161
50.5500
49.6382
49.3834
43.0909
44.0219
42.6391
45.5630
44.5296
44.6400
43.6908
43.8305
47.3146
48.2480
43.4021
40.2759
42.2035
43.1664
41.1390
45.3636
45.8014
46.9333
44.6352
48.5429
50.2281
50.2859
47.9407
50.7835
41.1138
40.6398
40.6072
44.8515
42.1840
36.7658
40.5598
41.9809
41.7778
40.2894
40.1776
42.2618
39.5020
41.9159
41.5891
42.6094
42.4204
41.0536
39.3340
40.4629
37.0331
39.6726
39.3793
41.0280
39.3025
40.0899
39.8346
40.7878
42.6224
41.4455
42.5344
42.2082
43.7675
42.7204
44.4074
41.3770
42.0900
41.4396
45.2812
43.6018
39.8342
42.0034
41.3039
41.1212
41.8608
40.7542
43.6772
40.6016
43.4298
41.9227
40.8340
43.3687
41.0046
40.5837
39.5809
39.1674
39.1548
40.3556
42.0208
42.5863
41.7074
43.8258
43.3387
44.0066
43.0647
44.6393
43.5457
43.2137
42.0719
41.3189
43.6368
44.0839
46.0719
44.6700
42.3393
46.5654
42.5926
43.0287
42.0743
44.4566
46.0975
47.0863
48.6257
47.2634
47.6807
50.3141
46.3822
46.1020
45.7291
44.8734
42.0455
42.9058
41.3799
42.8188
39.9152
42.0803
41.2870
41.9925
38.0946
42.2695
39.3991
38.7490
37.7997
40.0350
41.2411
39.5446
39.6984
39.4344
40.3816
37.6515
38.0796
36.1812
37.3289
39.5456
38.9042
37.8926
37.5622
37.7265
36.8888
36.9481
37.2692
37.3466
37.9086
37.3387
36.5337
37.3510
37.0483
40.4008
39.7148
43.1629
46.7422
41.9702
44.5677
41.3293
44.4721
45.6666
42.5529
42.3129
42.9538
40.5579
40.7675
41.5715
42.5501
41.8058
44.1640
46.9375
44.8396
42.3338
45.1560
45.8843
47.3761
47.5169
43.1468
45.8072
41.6953
42.9793
43.9824
44.4739
44.3431
44.1589
45.9124
44.9266
42.9868
41.8005
41.9786
44.5807
42.5903
44.7422
45.9751
44.9901
41.2412
44.5500
44.2402
45.6393
40.2736
42.3871
45.5876
45.3748
44.1044
44.3456
44.3233
44.4687
40.7889
39.6340
40.5385
40.7671
40.2122
45.0838
44.7719
43.9775
43.4141
44.1697
42.2002
43.5361
41.1472
43.3932
41.8576
42.8884
39.2753
39.9968
39.7552
42.2182
42.3204
40.6827
39.2801
40.3111
41.9198
39.7262
40.0822
40.7835
41.5421
41.3848
42.0599
41.6928
38.9197
41.7433
43.6773
43.1346
39.0991
37.3236
39.0163
37.2321
38.2146
37.0660
34.8616
34.6454
36.5924
37.3424
36.8056
35.3840
37.2114
37.6232
36.2259
36.9980
36.9702
38.7387
34.8443
36.5789
34.0949
35.0903
36.3785
35.8426
35.5253
36.1266
36.1703
34.5328
33.9142
36.1950
34.9878
35.4050
34.4400
35.8217
35.8779
33.0556
37.9611
37.7310
39.4657
39.2128
37.1948
41.7485
40.6872
39.1189
42.5857
41.6801
43.4403
43.5160
45.3212
44.5750
41.8986
40.2855
41.0530
41.1739
41.8717
42.3072
42.1995
42.3408
44.1799
43.7406
44.8302
44.9026
43.1050
43.3701
41.7009
42.7623
39.3092
38.2989
37.5438
37.2070
37.4034
41.7883
41.8209
43.6289
41.8147
41.5975
40.7058
41.1299
41.8330
41.8643
40.2221
41.3748
40.3025
41.9269
43.5908
42.0607
43.8187
42.3836
40.8340
42.4139
42.2510
42.8562
41.6806
40.5373
40.5156
40.1937
40.4578
42.2516
41.6703
42.0351
41.8215
41.2294
40.2773
39.1109
38.2488
37.3297
39.0189
39.2034
40.6335
41.6956
41.8958
42.4904
42.9473
43.4602
42.7999
42.8841
40.8742
43.0938
45.4811
45.0807
44.3372
43.2422
44.8775
43.9374
42.1005
39.6948
40.9563
40.1180
40.9920
41.2886
44.6271
45.7382
46.1002
46.7296
45.0344
42.1520
44.3268
46.4594
43.7007
42.4515
44.2312
42.5932
44.1967
48.3888
41.9963
46.4544
47.0445
43.5708
50.2374
55.3485
55.4336
55.0111
50.8268
54.5248
53.6669
50.3646
46.5182
53.8732
52.6300
55.7184
49.5916
52.8138
44.5934
52.1425
40.1143
40.0137
42.0401
38.5612
40.4149
43.0764
41.7651
41.1830
40.5933
42.4605
42.4346
42.9079
41.3049
41.1031
39.2694
40.0408
38.8868
39.3302
39.8373
39.4168
40.0146
39.2902
38.8117
38.4058
39.8482
38.4148
35.8578
38.3443
39.5226
40.0407
41.6234
41.3707
41.0352
39.3265
40.3293
40.3391
40.7888
37.0131
38.1710
37.7406
35.7432
36.8849
37.3307
37.4419
39.6273
37.7138
38.4522
38.7692
38.3363
41.8525
39.8429
35.2224
37.3369
36.7856
35.2250
36.7025
38.2505
34.1072
36.1518
38.7984
40.3166
34.3886
38.0500
38.0838
38.7885
37.7231
36.5594
36.9382
39.6209
39.0389
43.2258
42.2971
38.9232
42.0369
41.6464
43.2485
36.6471
37.8879
36.2331
39.1215
35.3594
36.7784
34.3026
36.8588
34.0305
35.7820
36.0236
36.1398
34.8805
36.5612
32.8761
33.0432
33.2382
34.1677
35.7122
35.4586
36.7499
38.6405
34.4328
34.7185
35.2061
38.6481
39.6623
37.2126
36.8464
37.0572
35.2868
37.3375
35.0748
37.4750
35.7173
36.0995
36.0505
36.3006
38.2773
36.5841
35.9764
35.7004
37.4247
37.4252
38.4066
37.4928
38.2755
38.8780
40.3659
40.3130
39.1586
40.2777
36.9841
36.7079
35.7248
35.8391
35.9743
34.6911
37.6666
36.8242
36.1861
38.7195
37.3139
37.9319
39.1074
38.8897
36.9911
36.5127
37.0577
36.7723
38.0359
40.6315
39.7055
39.8041
41.0890
43.2705
41.5787
41.0654
41.9122
45.6448
48.4063
45.1997
45.6822
47.6979
45.6122
47.7448
42.0747
40.4602
40.6058
38.2337
38.5957
38.5863
40.2853
39.8454
39.3900
39.3625
39.1091
40.4455
42.3338
41.6686
39.5074
37.4745
41.3703
41.1801
43.3545
42.0165
41.2765
41.1415
44.6258
44.9435
43.3482
43.1414
40.4930
41.1182
41.2524
38.7187
39.4943
40.5911
41.1452
43.2925
40.6211
42.2139
41.9491
42.7924
42.7587
42.0292
42.7156
40.2836
40.9551
41.4706
40.8171
40.5256
40.4400
41.3423
43.2802
42.3198
40.0899
43.0461
40.5997
35.5565
36.0513
40.8169
37.5575
39.2012
38.0855
37.8721
38.1091
37.7095
40.1741
36.0784
40.2153
41.2852
40.0742
41.2997
37.1627
39.4829
41.9103
39.0001
39.0919
38.0349
38.7277
37.7093
35.9736
35.9205
35.2130
36.4315
35.0185
37.0851
37.0915
36.2227
35.6885
34.0086
36.6615
37.7970
36.2229
34.8983
35.7677
35.5126
35.0749
37.1664
37.5066
36.0597
35.8286
37.4082
35.5748
36.2072
35.8309
34.5941
36.5272
34.5384
34.5897
36.0208
35.8793
35.3969
36.7884
37.0855
36.0193
34.9724
38.2008
34.3678
36.4002
37.5510
37.7113
36.8930
37.1166
38.8783
35.6201
38.0630
40.7630
39.8154
38.6974
40.9271
40.8569
41.1900
41.0556
40.4458
40.6761
40.5289
41.9741
41.0026
40.8825
41.0930
42.0143
40.9386
40.2286
41.1462
38.4496
38.6456
41.5772
38.2632
36.4126
39.2585
39.0717
39.3800
40.8363
40.3912
41.4311
40.4073
40.5147
43.2125
43.8998
44.7948
41.9361
42.5469
44.0352
39.4690
41.3008
40.2850
41.5390
42.3792
41.4035
41.8479
43.1093
42.8614
43.7765
38.0657
43.0119
42.6272
41.6974
47.5705
44.8590
45.2680
45.6790
47.4180
48.2958
44.9593
46.9056
41.2834
42.5419
41.7563
44.8569
43.0140
41.1956
40.5955
39.6066
40.7642
42.0284
39.3011
38.7370
37.5637
36.6571
37.8245
36.6675
35.9647
38.4628
38.9997
46.2778
42.5925
40.7623
43.1008
40.9434
40.7460
42.9281
39.5801
40.6136
40.8046
37.9062
39.9911
38.7644
37.7636
36.0444
36.4123
37.0292
39.5804
36.0515
35.9171
37.3860
38.9812
36.8108
37.4659
37.4952
44.3467
43.6188
38.0566
37.1905
35.2621
35.7313
38.9333
37.0775
40.8152
39.9181
41.1676
42.4727
39.3223
38.2707
37.8051
38.2570
36.1605
38.4138
38.4704
37.6685
38.2469
39.0727
39.6350
42.9518
43.0656
45.9387
45.8874
43.2898
42.9992
44.6716
45.6362
44.6185
46.4477
44.7496
47.5491
45.2649
45.4094
42.2020
42.1965
42.0363
44.1604
45.6203
43.6859
44.0324
48.3334
46.3365
47.1284
46.2511
46.6847
42.9367
45.3818
42.9681
43.3499
45.5102
46.0719
43.4738
43.5274
47.1040
47.7122
44.3002
44.5874
44.7913
44.4290
44.5297
45.0410
45.5791
44.3931
45.2560
41.3144
43.9452
44.2178
46.0420
44.6392
43.9111
42.3590
43.3144
45.2899
44.6555
41.5392
42.2819
42.2082
43.8578
44.8004
44.6337
44.2993
42.4489
48.3322
49.0630
45.6939
46.8660
46.3580
45.0708
45.3974
47.0170
44.6688
45.3087
46.2547
46.3846
45.3625
45.8838
46.3317
43.2706
44.4789
47.6037
42.0565
39.7138
43.0171
43.2486
42.0971
43.0334
42.9812
44.2448
45.8991
45.9104
46.9167
46.1154
46.2946
47.9530
45.5580
45.5061
44.8267
45.3649
45.0035
43.1115
45.4373
42.8063
41.4927
38.5071
41.1957
40.0910
40.1989
42.0809
41.4496
42.1844
41.7763
40.9909
42.5859
48.6044
41.6248
39.8360
39.5760
40.6149
40.0387
41.0162
42.4481
40.9671
39.0724
36.5285
38.1619
37.3224
35.8208
35.7295
36.5923
40.0188
37.6812
39.0399
40.1558
42.2503
40.7004
41.5531
39.4907
42.7592
43.7026
41.6226
40.7479
46.7463
45.8744
45.1641
43.2327
38.8086
44.4227
40.0011
43.5859
42.2002
43.3072
40.2980
40.5072
41.2649
43.3758
42.3622
38.1398
42.5486
42.3024
41.6637
39.5417
39.1365
41.4847
42.0188
37.8014
38.7285
42.5282
38.7945
38.5795
37.7009
38.4593
38.4054
39.9675
41.3049
40.4829
43.1459
42.4235
43.8024
39.1687
39.3947
42.0969
40.7105
35.5216
37.4541
34.1830
41.7279
51.0259
51.5524
49.0133
49.0437
41.3703
44.0043
46.5083
46.4213
52.6057
52.1742
48.9312
47.4163
52.0618
44.4525
45.8092
44.2021
47.4587
42.5781
45.5477
42.7599
46.4253
51.1179
50.1369
48.9562
48.9623
51.3399
49.1706
50.0637
46.3802
51.9241
50.9694
52.5970
48.1966
52.1945
51.3474
53.4899
52.2135
54.7701
43.5414
53.5844
53.2495
49.2627
53.6170
63.5240
59.4538
61.4733
61.2539
61.0825
63.8059
62.9292
63.4864
64.2575
68.1687
61.8988
58.9690
72.1957
59.0114
59.8341
59.3171
64.3838
64.2483
62.9400
53.7310
47.7787
50.9607
51.3066
53.9994
58.3804
56.8245
59.4616
55.8204
56.9859
56.0993
57.6353
57.4692
57.2583
61.3960
69.5024
72.3801
75.3983
68.6562
63.6925
59.3480
68.4270
70.2000
60.7984
66.0011
65.8261
60.4993
56.3354
56.0161
55.4279
50.5583
53.6083
54.3029
49.0821
49.4099
47.0439
45.6986
50.4800
47.1111
47.8855
47.2609
48.3175
46.2569
47.5225
47.2502
48.1119
47.8986
46.1791
48.4665
46.8927
45.5338
45.0070
46.3422
49.8866
47.0059
44.2029
40.6889
42.4398
42.5415
45.6395
43.5977
43.2982
43.9113
50.4244
48.6770
49.5021
50.3109
46.8845
45.9977
46.7006
48.6499
46.6831
51.3819
51.3593
51.1721
50.6145
50.0397
49.6038
48.1817
52.3928
51.1191
47.0755
47.2250
49.4579
49.7015
52.2269
47.9673
51.3198
52.2917
52.3307
52.1676
50.8719
49.0254
49.1498
46.4776
50.2098
48.4148
47.5066
47.1672
46.8355
45.6123
48.2007
48.8860
47.6447
48.1864
45.6990
47.8432
48.8453
46.9573
45.5799
44.2844
45.5265
46.7546
48.4629
43.4721
44.8499
45.5990
44.1644
43.2832
43.3154
45.5962
46.4509
45.7821
44.5305
44.2656
44.5333
44.1363
41.5577
42.5231
42.9273
44.2850
42.2123
39.1434
43.4144
41.8339
40.1660
40.3319
42.1069
43.3115
39.0236
36.1162
39.7606
37.5994
41.1710
41.4091
43.7806
45.5480
44.4299
45.1646
45.3996
41.0788
40.5361
43.5970
45.4138
42.7440
42.7358
44.2934
47.9195
41.1259
43.3113
40.6064
43.1426
44.0382
40.1774
43.8438
46.9755
41.5841
42.7686
46.9907
41.7371
41.7330
43.3072
42.2777
42.7927
44.4017
44.6923
43.0923
43.2143
43.9002
44.4971
38.4646
41.4461
40.2473
40.2742
42.8955
46.7870
46.8750
45.4104
47.6073
43.1789
42.7341
46.0665
44.5434
47.4477
45.7395
42.3953
41.6826
42.2666
43.2738
45.5166
44.3083
45.6525
44.7150
48.0812
49.2886
49.2885
48.3250
47.0981
45.4820
41.4056
44.3989
48.4677
47.0107
47.3883
48.5969
47.3227
46.1838
43.5129
43.9794
45.5260
42.7780
45.6729
41.4184
42.8058
42.3971
39.5417
43.3274
46.7372
45.6486
46.5789
47.6511
46.3780
46.1358
45.5570
46.9943
47.7881
45.2286
46.9337
47.0770
48.6029
43.2205
44.4864
44.4882
43.6633
43.8157
48.5801
47.5744
43.7771
45.4729
47.7242
50.1067
48.3774
51.9965
53.7547
54.5397
51.5886
55.5219
50.9581
51.9613
53.6300
50.1879
57.5032
54.3619
50.0163
55.4646
48.5300
53.3494
57.2505
54.0531
51.4074
53.4717
55.7530
52.0943
51.5733
51.9645
52.0432
53.7895
50.9621
57.2858
58.0099
53.2446
51.9227
54.1597
50.6524
52.0358
53.0895
55.3371
49.7839
54.3568
54.3382
54.6169
54.2139
52.0493
48.8216
48.8998
52.0028
55.2213
52.7558
55.2218
60.6541
63.3125
61.9506
62.5022
59.0410
60.4673
57.6452
57.3464
61.8704
69.5716
73.3794
73.0161
76.8757
73.5408
66.5756
58.9026
70.0990
66.7160
61.6441
47.9898
58.6700
62.0785
63.4247
52.8307
51.9592
51.4147
60.0803
61.9345
61.1978
67.7968
52.4113
60.7232
54.3895
51.9940
63.0973
66.1358
66.4480
64.5346
70.3383
65.2914
62.3174
61.3743
58.7132
58.5722
59.8270
54.2123
58.4090
64.0940
67.6817
63.9640
62.2746
62.5560
61.5808
61.3826
57.6316
58.9966
54.5036
57.2976
64.5339
68.9336
62.8663
69.1492
74.4500
81.2990
63.7119
65.5144
62.7991
65.8532
54.9774
60.0650
42.2145
51.0095
56.0175
64.3150
73.2709
67.0238
81.8674
91.2277
84.8235
89.2628
86.6020
82.4864
78.1151
81.6116
81.7733
78.6928
78.9603
67.5820
64.4382
67.2085
64.3712
68.3218
64.3999
65.0315
59.8001
66.5815
55.8276
61.9077
66.3704
72.7939
71.7034
68.9439
72.0080
71.4095
72.7652
72.8599
78.3141
73.6824
70.0110
67.4059
61.7775
66.7854
66.2951
63.2819
67.2093
66.6595
66.6325
55.6396
63.7307
61.9203
65.7145
57.1739
61.4568
61.0694
65.9367
63.4150
67.5737
70.5267
74.2681
66.4004
70.4015
71.0318
84.0551
81.4058
87.1021
77.7624
74.1875
63.9221
66.1514
72.0865
74.4490
74.2851
74.6140
68.5299
65.5671
74.2674
67.7916
66.6872
66.0977
61.2094
67.4624
67.8790
65.9239
67.9914
66.9693
69.2871
66.3995
68.2025
57.5156
56.6208
58.7543
59.4234
58.3827
59.3908
60.9815
67.7446
69.0872
70.7654
65.3235
73.4536
74.6240
74.8049
71.7133
71.3129
70.8842
63.7826
65.5257
63.5817
68.2361
59.8462
55.3830
59.2067
54.8030
53.3652
51.2212
54.7327
67.1807
66.1912
71.9590
63.0269
55.7293
66.8740
64.2999
54.8369
49.9890
57.5177
46.4703
53.8896
50.6842
51.8831
50.6904
51.8930
56.6233
58.7972
48.8999
58.5469
58.9149
53.5859
57.9905
59.7236
59.3552
58.9090
60.7387
66.7450
62.6246
61.5498
67.4219
58.6791
54.2176
63.9716
68.2427
70.4565
66.8631
61.8727
66.4190
63.4596
60.8056
61.8646
60.4976
61.8152
59.6369
60.7723
55.1614
58.0127
51.0552
50.6667
52.8991
56.3932
61.0191
58.6513
67.8447
69.0947
65.1569
60.8144
63.5621
60.3207
57.2412
54.9692
55.4897
47.3713
58.3019
56.6330
47.9914
44.3085
63.8050
55.0515
49.4624
50.5407
48.7827
54.4243
53.5565
53.9670
48.1234
54.2309
59.1923
53.1040
61.1481
77.0310
74.8385
62.6290
63.3474
69.5108
70.2963
73.9902
70.5619
70.1939
76.1806
72.7338
76.0643
68.7113
61.7136
56.6376
64.3346
59.7251
66.1483
73.9435
74.0618
68.2612
64.8142
68.2483
66.0288
67.7153
66.2723
68.7866
68.7442
67.6314
62.6635
63.5033
74.1430
75.4789
55.3995
55.6586
54.6922
57.9067
51.0966
54.4029
66.3515
64.3967
55.3371
57.5406
59.7003
51.6071
61.6900
63.0985
59.8578
56.9544
50.7899
46.8969
48.2105
50.0312
68.7310
66.1608
62.7467
66.2838
66.1767
67.6647
61.1656
59.8794
63.0386
66.2428
59.0632
60.0632
62.7262
63.7071
67.1663
69.8881
62.9586
68.3769
67.6971
65.6216
66.0985
68.8992
62.7607
72.3853
70.6658
53.7727
48.6082
45.4445
44.9669
45.7137
46.7964
56.3345
51.5944
52.1791
56.7413
59.4656
47.7173
60.1942
57.5681
55.9071
53.9165
56.7783
61.6438
55.0354
54.4751
54.7715
56.0891
51.4080
50.8487
55.4346
51.8880
56.1999
53.6095
52.7755
51.2383
50.4815
56.7784
49.1799
59.8215
61.8229
51.6949
55.9356
58.0158
47.8010
49.3732
54.6246
62.1859
59.7608
59.1327
60.6145
61.7451
49.2011
43.7201
42.0788
46.0947
46.5912
48.1966
44.3879
41.6898
45.7497
49.0814
47.7482
48.2269
50.6696
50.3517
50.0602
46.8341
45.1059
40.0287
38.5801
48.8618
50.0755
45.7850
48.4059
51.9225
48.2738
53.7331
49.7895
54.1575
47.7135
48.7896
48.6407
48.2897
46.9725
53.7343
43.3997
43.1527
46.8224
49.2708
53.4098
50.8997
50.3961
48.4257
48.4758
53.8535
52.5789
52.8719
50.1793
48.0890
51.8894
49.4821
53.7646
47.4670
55.5278
56.1938
53.5158
55.6584
53.9296
54.4927
55.2839
54.6834
51.5060
52.6451
53.9570
51.8431
49.5958
50.5547
54.2947
50.7456
50.3896
55.0197
57.3924
49.0730
56.4748
62.3557
50.2753
49.0041
49.9127
56.2694
50.6791
59.1926
53.6603
54.2551
55.3016
54.2542
61.4269
56.1152
52.7558
45.5698
46.8959
45.8387
47.9601
46.6363
47.2366
51.0446
51.7926
52.2493
47.0777
53.7562
54.0317
57.3961
50.6945
51.9033
49.0636
51.1395
52.0942
52.0572
44.2902
41.9607
41.0413
47.5798
43.8797
45.4375
42.4220
42.0809
44.7540
39.3689
41.1486
46.2539
40.4701
43.0245
45.9758
45.0303
46.7404
46.7840
49.2339
44.8307
47.2003
52.2913
44.4772
48.3962
52.0424
55.4966
52.8828
53.6441
54.8775
50.1451
50.2780
50.3460
48.1827
51.7217
47.8456
45.3804
49.6340
51.7492
50.9318
49.2943
49.6124
47.2466
45.9138
48.5434
48.8756
47.1870
46.9152
49.4888
48.5576
45.3325
51.4132
44.7426
48.2874
49.2774
52.8336
50.1511
55.5348
55.9329
51.1088
46.8959
48.1269
46.8287
47.7494
49.9154
50.5715
48.9367
48.5383
47.6883
44.7853
47.1735
45.9067
44.0447
41.1619
42.2873
41.5539
45.1696
45.1309
45.7423
48.1473
49.6645
46.3257
49.8506
47.9394
46.4352
49.0169
48.7259
48.5151
45.9641
45.3189
43.3482
43.4808
46.7870
48.5848
48.4765
46.6634
47.2604
49.9290
47.0533
46.7693
45.1000
44.1262
45.9582
43.4186
44.8900
43.3413
45.1719
47.4936
47.9220
50.7504
47.5413
48.2623
49.4143
48.3019
48.0199
48.4625
49.2676
46.9179
48.8634
50.6046
47.8185
51.1504
49.1338
49.9931
46.3996
48.4125
46.8154
50.4959
49.5221
49.2014
52.1132
48.6552
52.0302
52.3068
49.0702
50.0358
47.9920
46.9886
47.5105
48.3276
50.9595
49.3460
47.7645
47.7196
47.4801
45.8130
48.2493
48.8818
50.5767
47.9767
50.3922
51.1032
51.9892
52.3119
46.7559
52.4260
47.5744
50.0639
49.4142
47.0317
51.2355
49.0289
47.0705
46.0188
49.5427
48.0131
48.3498
46.2552
47.0327
46.6521
46.0452
46.6868
44.2748
44.7721
47.2741
49.3576
45.8079
47.0641
46.3720
45.2516
46.6630
45.2237
44.2344
43.3042
44.8315
48.0290
48.3971
48.0137
46.8200
46.8301
48.6555
46.7208
44.0296
48.8269
45.8411
48.1382
47.7850
48.3673
48.2805
45.7957
48.5357
48.6772
46.9759
47.5753
47.3315
47.2181
44.7169
44.7748
44.5494
44.3219
43.7196
42.7826
45.2279
45.1238
45.3947
46.3693
47.2788
45.7248
46.0891
40.9229
43.4601
45.5435
40.7075
40.3020
42.1425
39.8921
36.7980
40.8218
40.6724
36.6876
38.0472
39.1941
40.8265
41.3360
40.9062
40.9162
39.1773
42.5882
41.6201
44.1332
42.5671
42.9937
42.9113
42.6181
43.9065
44.9198
45.2489
44.4092
47.7357
42.6450
44.4126
42.9927
43.6715
41.4461
44.7393
42.8771
43.2471
44.7420
47.9080
47.5201
49.2534
45.6734
45.6584
45.9783
47.9707
46.3541
45.6390
44.9424
43.4446
41.6415
45.4973
49.5385
46.1998
46.3849
46.5274
45.8116
49.8098
49.3159
49.0465
48.4892
51.0498
52.4657
59.1045
49.6910
46.5624
44.1918
46.8121
40.2807
42.9537
45.3156
47.2566
42.7552
46.3773
48.6889
49.0392
55.3796
52.3232
57.9049
53.7360
57.3301
51.0647
46.0843
50.5439
49.7565
49.6718
51.6053
49.0300
46.4276
44.6148
49.9640
47.0050
42.4943
45.5657
44.4301
46.8531
40.2201
42.1947
39.7233
42.7066
41.3793
43.8842
43.2593
42.8943
44.3038
43.7499
42.7375
41.7767
43.8585
42.1079
46.3250
46.7046
48.4136
47.4688
46.4510
47.6311
50.2653
51.6972
54.1479
48.3490
53.7661
51.5431
47.5403
50.0313
47.9432
44.7181
42.6721
48.7283
44.1135
39.9101
41.2272
41.3985
45.7344
45.8730
42.3544
45.4121
45.4654
44.3487
42.1906
44.9871
47.2997
45.0680
43.0568
48.8465
48.2333
46.9607
45.5100
44.8750
44.4174
47.9118
47.8380
46.6365
45.3147
44.8178
43.1785
44.5700
45.6269
47.6363
48.5422
49.9547
50.7303
46.9019
48.5186
48.1517
46.7699
47.1923
45.9762
42.8123
43.4356
41.6256
45.8337
42.9709
43.9968
41.8258
42.2767
41.5238
41.1867
45.7133
43.3137
43.8309
44.0932
44.6398
44.9961
42.1500
40.9400
40.3179
40.4898
42.3835
40.8769
41.9541
42.8160
42.8469
40.4267
43.5176
47.5300
46.1067
46.9098
47.0951
45.4243
42.1341
44.8589
46.1066
46.8783
45.9915
43.7193
46.4406
41.6969
44.0736
44.6794
44.6634
44.0474
45.3409
41.1476
40.9330
40.9669
44.7033
42.3349
44.6469
46.9726
44.5169
37.2568
42.0561
41.4091
45.4451
49.9484
48.9772
46.4323
44.9712
43.7756
46.2939
46.8693
45.9597
46.5039
45.4184
45.4882
47.7140
47.6621
49.0452
47.9289
46.4926
47.6039
46.3808
46.6801
48.4101
48.0330
47.4067
52.8371
50.9335
49.4648
52.5268
51.9088
56.7336
56.5727
60.6184
58.3256
68.6702
70.3184
68.9860
60.0711
64.5996
68.1783
73.0801
69.9288
65.9404
77.7565
68.6091
77.6397
73.3151
68.3925
64.7318
64.3994
49.4919
57.1036
50.1921
59.1817
62.8959
66.5857
65.7504
70.0669
62.7512
70.5092
77.0667
62.1915
56.8285
61.9494
55.1099
62.8822
63.5481
64.6096
64.6053
71.2006
59.6856
58.1814
55.8894
55.7074
56.9498
70.7779
59.5456
60.8995
65.4358
57.9265
56.8520
57.4015
52.1730
62.5404
44.3851
48.4391
49.7304
48.5507
49.7541
50.5056
50.4964
52.5438
51.9266
51.1756
51.3661
51.5566
49.0471
47.1786
46.9928
46.1476
46.1122
47.3862
47.2911
45.0582
46.9318
48.6639
48.2051
49.4329
49.2244
48.3256
48.8922
50.4073
49.0634
47.6719
46.4327
49.6029
47.5097
45.3644
45.9921
47.0523
49.9378
44.2675
52.1769
48.9546
46.6730
51.2159
51.8020
47.1461
52.4929
52.2471
54.4251
53.3567
53.8397
55.7754
56.1878
54.7717
56.3331
56.1401
54.8305
54.2151
55.5814
53.5418
54.1934
54.0735
55.2096
50.8537
50.2415
48.2409
49.1161
51.8130
49.4648
49.5766
49.7373
50.4674
50.1561
50.1530
50.5962
50.7389
51.9108
51.0807
51.1429
47.6913
48.1349
46.6391
46.4926
53.7670
48.1501
50.5600
52.4623
48.2353
47.7122
50.1974
50.2858
48.7424
51.7688
47.5810
42.7093
46.6411
47.0969
48.8702
46.2277
45.7307
43.9596
45.3091
45.5179
45.5163
43.2288
50.6342
44.0673
46.1322
49.9601
46.1782
49.0982
48.0551
50.8787
46.3741
45.2162
46.6496
44.2167
41.8703
47.4298
48.0946
47.8753
47.2278
51.6289
53.0399
50.5374
48.8409
44.8608
48.1172
47.5057
49.5410
47.5160
51.0329
49.4289
48.3454
49.3835
54.6946
48.8796
48.7740
46.7500
44.6276
50.5429
49.5940
48.9275
48.3329
46.1114
55.5163
56.2603
71.1983
70.4088
68.2179
67.9280
71.6797
77.5863
74.6500
78.2672
75.6890
77.6200
78.1354
83.7626
86.2029
77.4427
76.8428
69.9422
79.2445
74.2846
76.1082
68.8428
68.5892
66.1261
69.5311
60.5765
63.6037
67.6580
68.7391
57.9058
61.0568
61.7850
65.6563
68.6909
63.1901
68.1266
66.2106
70.3864
70.8530
68.1200
63.8301
65.5292
50.1297
72.2204
73.5501
71.6025
64.6682
64.9709
71.3450
67.9004
58.6945
64.3100
69.5245
68.0363
70.7593
70.0292
46.7773
50.5292
71.2018
63.9957
56.9536
49.8895
47.6958
51.9556
39.2252
44.8579
49.8787
46.7267
42.8438
46.2356
47.8339
49.5677
47.8436
46.5968
45.8432
46.0619
42.4751
43.4584
41.0981
42.4258
42.9172
41.3373
42.0623
40.6268
45.1428
41.9777
46.6358
44.7916
47.1016
44.9379
48.4974
44.5171
47.0095
45.2449
43.3386
45.9588
48.8493
50.6695
48.3298
48.7976
50.2951
49.1885
45.3975
57.8936
56.5365
64.1927
68.9723
54.8795
57.1948
57.6137
56.9367
55.1050
55.2233
52.3255
53.5574
54.5628
59.7661
49.7455
55.4253
66.2018
64.1711
54.3219
52.5638
54.5578
47.7638
39.6351
46.9257
48.9152
47.4581
69.1418
63.9684
60.4282
61.8889
58.5959
59.3855
65.2231
60.3898
50.8377
54.5803
54.5159
51.0527
63.6861
53.8403
49.5404
49.3208
63.5778
55.9831
56.3937
55.7830
48.3920
52.8610
49.9718
48.8364
53.7226
48.6924
49.4358
48.5858
50.1146
50.1816
50.1303
49.3080
52.5039
50.8021
52.6361
53.5125
53.0239
50.4173
53.9827
53.1037
54.6148
52.1400
53.3358
52.8506
48.8892
47.5100
40.5439
41.0871
40.9758
43.3186
38.7727
37.2204
39.7205
37.3657
40.5017
43.5372
41.0709
45.1855
41.9731
43.7572
44.1483
43.5823
42.1001
42.7323
40.9363
42.4652
44.2324
40.8935
44.0978
45.7859
46.1226
42.4326
42.6750
43.5543
41.5434
43.7973
42.9466
44.0292
43.9742
44.2395
44.8857
45.9410
45.7962
45.7819
47.5558
46.4778
46.3138
39.1800
43.2466
40.1047
42.0845
40.1702
41.8916
43.3691
43.7268
41.1123
38.6449
41.2663
45.7685
43.1414
43.9071
47.1138
47.7151
45.3655
42.9102
44.5835
42.5823
42.0352
43.0548
42.9615
46.7713
49.1369
47.4448
45.3971
48.8498
51.9010
47.9077
48.4336
44.4411
46.6833
47.8251
45.0141
44.7555
47.5105
48.2899
46.9105
47.4038
48.0035
47.3518
46.3327
47.0074
48.2815
46.5872
46.1039
45.3579
43.9758
43.6570
45.5231
42.9655
45.2843
44.9978
42.9174
43.8039
45.8822
45.7219
45.7469
48.7678
48.3498
44.7989
46.0988
45.2390
45.4598
43.6990
46.0325
46.6431
48.6320
49.3147
48.6657
47.0917
47.2777
44.5598
44.6459
46.2819
46.3127
47.6827
45.7894
43.8141
42.6922
41.5141
40.7067
41.1813
39.5785
41.3955
39.5171
40.1366
41.6668
38.2850
44.3512
44.5715
47.1840
47.2298
47.3731
49.3914
48.6810
47.8142
48.7497
46.4749
48.9702
48.6172
51.3890
49.9109
48.1088
45.4083
47.2659
47.7731
48.8526
49.6164
48.9393
47.8395
48.1972
44.8819
44.6515
46.1039
45.7033
43.7646
45.2856
44.9968
44.5706
44.1241
44.4058
45.0280
43.6245
45.1598
46.1077
44.9907
43.6138
45.5228
46.1119
47.6120
43.5367
43.3285
42.5634
43.4025
45.0529
42.7464
42.4316
46.5313
44.5798
46.0929
42.3307
43.4154
44.7265
44.9438
45.4030
46.1491
44.4676
45.6239
48.2445
46.1100
43.7268
42.3462
41.8793
45.4812
45.4882
44.1952
44.5084
44.4910
45.5133
42.3953
40.9619
41.2327
44.7254
41.7271
42.7732
44.8170
40.8123
43.9592
44.3774
42.2873
40.2266
41.5120
41.6611
40.9757
42.2304
41.2671
40.1144
38.8497
37.3787
37.5981
36.3700
35.3666
35.3784
36.7158
34.4942
38.7658
42.1170
42.0861
39.7567
40.9498
39.1316
42.8424
41.7977
41.1772
42.2421
41.6374
46.9715
41.3346
44.8707
46.7420
44.9183
44.1151
41.5844
40.8334
42.0641
43.9464
43.7952
46.8178
44.4042
47.4394
46.9209
48.2108
46.2900
47.5425
49.8089
51.2076
49.1040
49.5641
50.7059
51.3854
53.4618
51.7425
51.7386
51.1688
53.2099
51.5857
51.6040
48.4236
49.1168
48.7304
48.2200
47.9951
48.2278
47.1297
47.9516
49.0264
47.0937
47.5537
48.3903
45.6093
47.2886
43.2289
43.9686
38.9838
40.3285
39.4453
39.7682
39.1179
37.6807
37.1293
36.5654
40.1739
38.6506
39.5841
37.5450
39.4538
39.2287
39.9075
41.7691
42.1468
41.9557
43.2997
41.3311
42.1396
42.2372
43.8287
43.4098
41.5280
46.0991
45.1581
46.9374
43.3090
40.0325
43.0723
41.7161
40.3962
39.2724
39.7728
38.4047
42.0588
43.6848
41.4073
42.5200
41.2169
42.4616
42.8031
41.1245
41.6783
38.8832
41.5843
44.7042
42.3719
42.8529
41.8386
42.7487
44.2211
43.4805
43.0917
44.2851
44.1745
43.9410
44.9310
45.2491
47.0453
46.2712
49.3626
51.9092
45.7425
46.1137
43.3849
42.2921
44.1665
42.7726
42.9417
44.9743
42.4002
40.0295
39.4850
39.2376
38.4214
39.4537
36.4465
35.2434
35.2842
37.8783
37.1550
37.0376
38.8026
39.8427
38.3744
40.9022
41.6870
40.7306
43.0358
44.7626
43.6613
39.8644
38.1405
41.1502
42.7771
43.3715
41.1276
40.7659
42.9518
44.7481
44.9292
43.9340
45.5833
43.7481
44.1399
44.0653
44.0854
46.3953
44.6442
45.5162
45.5435
47.7851
45.9840
42.9198
45.8158
48.0303
46.2017
45.4613
45.3023
44.8671
44.8644
44.6239
46.3172
44.9908
43.8366
45.9316
46.2596
42.3301
47.6385
49.4502
46.7616
47.0136
46.3453
45.8004
44.9969
44.3349
43.0684
45.5723
44.3352
39.2292
41.7165
41.7905
41.8596
41.3630
40.5490
40.7130
40.8741
41.0598
42.5803
41.8366
40.1524
40.0524
42.5939
42.1136
44.4300
46.0304
45.1635
44.4829
47.1045
46.0583
46.0170
46.1500
44.8641
45.0820
45.2804
46.6311
45.5527
45.2575
44.0011
44.6156
43.0440
43.7081
43.1981
44.8071
45.3920
42.9223
43.2415
44.4486
42.5897
41.4891
45.1965
43.7710
43.1626
46.0425
45.8385
46.7143
47.9757
46.8332
49.2476
49.4850
50.2557
48.2091
48.1953
49.0030
46.7913
48.9932
46.3464
50.1521
49.3343
54.3365
51.5299
51.2688
52.1981
50.5663
48.1419
51.7456
49.8973
54.4308
56.0464
54.2965
51.0267
52.0942
51.3949
54.4377
54.6263
48.9925
53.3992
50.8037
52.4029
50.1376
48.9743
48.7897
48.0428
49.3976
49.8516
48.2996
49.7189
49.8826
51.3315
47.6367
48.8794
51.3208
48.0928
51.0657
48.3940
48.4815
48.3831
45.6986
45.8868
50.5824
50.1330
50.9385
49.7695
52.4554
50.4349
49.1141
51.6236
50.6776
47.0271
51.8224
47.1859
51.2717
47.2958
51.8545
49.7686
49.5854
50.1383
50.6503
50.7893
50.8419
55.7478
56.2260
52.8695
52.6053
52.2212
51.4112
52.8069
54.3908
53.4264
52.3433
56.0381
55.8923
54.6504
55.9588
55.5056
56.9414
57.2292
54.4445
52.1125
55.1153
54.3610
52.9483
57.5006
56.4775
56.8526
57.2834
56.2624
55.5601
56.7058
53.6241
54.2174
56.8135
53.0330
57.3898
53.4838
54.3513
50.6266
52.0345
51.6964
52.9583
55.9139
54.8951
55.2750
55.5678
54.9376
55.8301
56.0476
56.0303
54.9238
55.6202
54.9870
55.2528
52.9867
55.3484
53.2653
54.2053
55.9890
56.0006
57.1299
56.7501
57.0348
57.4114
56.5635
58.2352
56.8034
55.6362
54.9204
58.5477
56.2176
55.4437
54.9825
54.0891
57.4886
58.2360
58.3143
57.7887
54.4797
54.6696
56.0109
54.0394
50.4244
53.0471
50.8008
54.2588
51.9842
51.2686
49.8755
51.3161
45.0546
53.6540
52.4560
51.1467
55.2164
60.3631
54.5613
51.9212
56.9116
58.5829
59.3702
59.6707
59.0872
57.1719
56.9024
55.8929
56.1534
55.8192
57.0114
55.3660
53.3138
51.3469
50.0035
49.5336
48.2633
46.8772
44.3157
45.5780
46.6798
47.6594
47.9831
50.7675
52.4992
53.2739
55.1682
54.3073
52.6501
53.6894
52.4186
54.1914
55.5704
56.5904
57.7466
56.1236
56.5062
55.7732
53.5472
52.1461
53.1785
55.8583
56.0898
55.8491
58.2954
57.4310
57.3220
58.6835
57.7849
58.8641
57.9413
57.3900
59.1522
57.2842
53.4282
60.4668
60.1172
57.1126
57.9550
55.6302
59.0572
55.7201
56.0343
57.9565
54.3408
58.8934
57.5425
59.3864
58.6177
57.0073
58.6830
53.7636
56.9079
53.9405
53.2210
55.7242
55.9312
57.1237
54.5814
56.1395
52.3395
49.6451
48.5331
50.0342
49.9914
50.2443
50.1658
48.1251
49.4115
49.2543
48.4619
46.0220
47.7458
47.7351
47.8027
44.8038
43.9718
46.9746
44.1013
49.2959
50.5705
52.8180
47.3378
47.7923
44.3496
46.6731
46.2958
47.3964
41.7064
44.0618
44.6541
46.9631
48.0017
44.2360
43.4168
43.8159
45.8555
45.0192
44.9219
44.8418
45.0371
48.0769
44.5564
45.5252
46.3052
47.1357
48.1789
46.4842
48.0613
47.0116
47.9262
50.9922
51.2618
50.8287
50.7800
52.1743
50.3294
50.3316
50.7892
50.7324
47.9355
46.6101
47.0439
50.2625
49.5546
50.2865
50.3758
50.1267
51.1994
50.5436
50.8489
49.9936
50.0639
48.7703
50.5375
46.4131
45.4772
45.3215
44.9729
46.5916
45.5083
44.9355
43.4890
42.5299
45.8596
45.3028
45.5226
45.8413
45.2537
45.2569
46.9246
48.7957
48.9806
49.5036
48.5859
48.0397
48.3852
48.4466
49.1816
50.9556
49.1052
47.3909
46.9885
48.2821
48.4981
50.3200
50.1695
50.9091
51.6708
51.0193
49.9142
50.4468
50.5077
50.1399
50.7184
48.3871
49.7831
49.2673
50.6618
50.3117
49.6902
50.7840
50.4302
50.1411
51.0404
53.4654
51.4283
50.7064
50.6713
49.5567
49.6829
50.8095
48.0672
48.5060
48.6554
50.6956
50.9286
52.2840
46.9854
48.3403
44.5384
47.2571
43.6677
46.4437
45.3895
43.9624
44.6721
47.4860
45.3789
45.2738
45.2280
44.5514
46.1638
45.3038
50.8351
50.6174
49.2186
50.3326
48.3071
42.5111
45.6512
46.5486
50.9937
48.4137
50.4677
46.0677
47.9934
47.1803
48.0238
49.4907
47.8740
45.8371
46.6012
46.5861
46.3904
46.0574
49.0506
49.4066
52.3197
50.8564
48.6704
45.5789
41.0167
42.0636
41.7960
42.0427
43.8677
44.9052
45.4338
43.9759
43.6219
43.6461
49.5540
43.3252
44.5987
46.5235
47.7135
48.1967
49.2957
47.7631
49.1917
45.6686
46.7079
43.7422
48.4850
46.1166
45.9646
47.9230
46.7363
44.7032
46.0563
47.5861
49.3249
51.1055
50.4797
50.5359
49.4261
48.6096
50.7332
46.4268
47.2806
47.0696
44.3591
46.3734
48.6615
45.7911
49.2971
50.7885
49.8701
46.7922
48.3031
45.3640
50.3770
49.5609
48.1151
46.9284
46.1949
46.6560
46.4876
44.3668
46.0444
42.8046
42.7081
40.7762
38.7233
37.4814
35.9443
37.7505
38.7188
39.1782
38.1761
36.6492
39.7526
38.2442
38.8940
42.1203
39.7078
40.3994
38.8511
40.6923
40.3311
39.0712
39.4731
40.3432
41.0809
41.0140
42.1314
44.8733
42.2903
41.3412
42.2435
41.1866
44.3989
44.5320
43.0941
46.6793
47.1967
44.9275
46.4523
48.8927
48.5641
47.6381
45.8089
46.5948
50.1220
48.2003
45.4832
44.8194
46.5241
48.4792
46.5825
46.5882
48.9467
46.4627
48.1436
46.3023
45.4959
47.6151
47.3547
48.2062
48.5203
50.4788
46.0875
47.1032
47.5418
49.1198
47.8406
46.4136
46.3036
44.8482
42.9483
43.9512
44.5192
43.7833
46.4319
45.7396
43.6296
45.2739
47.7457
46.6718
45.4726
47.2932
49.1337
47.3543
48.9916
49.0542
47.8616
47.7816
47.4558
46.6293
47.1067
47.9488
47.8349
48.8282
47.5079
44.7285
44.5569
45.0623
45.7388
46.8150
46.4897
48.9145
49.3783
49.2682
50.4191
49.9180
49.3858
48.9073
49.6554
45.4100
47.6748
48.8052
50.1600
46.9440
48.8448
48.9196
48.9026
44.7540
42.9898
49.2035
47.6021
50.0148
49.6223
49.8321
48.9931
49.9226
50.7735
50.2336
49.7320
51.2369
50.3650
50.1531
47.8674
49.4587
47.7803
48.8212
47.2733
46.4580
44.5731
44.7762
45.9805
48.5458
48.6908
48.3393
47.1268
49.1618
49.8370
48.2626
47.1381
48.1680
51.8623
49.2509
49.5365
44.8505
44.5471
48.0526
48.5363
43.7642
41.2478
43.7186
41.2745
40.5970
40.4641
41.1469
42.6075
37.8109
40.9200
40.5091
40.3703
42.7111
41.7808
41.0168
41.9603
42.7498
41.9300
42.5066
41.3705
43.6899
39.9886
42.8480
40.2242
39.6158
43.9029
42.3347
42.2720
43.7470
43.6559
42.1556
41.9066
41.9896
44.6067
40.0083
39.6232
39.2970
41.0104
42.9534
44.2217
41.3418
48.4005
44.3584
46.1376
50.9349
50.8073
51.5344
50.8206
52.1475
49.8538
51.9610
45.0358
51.4843
49.3170
45.4810
46.3174
45.3506
52.0457
53.7981
57.4536
51.9607
53.4884
58.2194
55.5069
55.4582
53.0852
54.0231
53.3341
47.7639
51.4860
47.4229
48.3733
52.2359
51.6076
51.1807
52.0426
51.0874
52.0872
49.7752
53.0433
53.1494
49.1535
50.4758
51.3298
49.8027
52.7417
51.9423
48.0604
53.7171
51.6030
50.0778
49.5834
54.8924
55.4153
56.1757
57.2884
56.2104
51.1626
50.7136
48.7982
51.7303
51.6376
55.2568
54.1542
52.2290
51.8735
48.8650
47.9199
47.6504
47.0149
46.4760
48.6678
45.8080
43.8038
42.4111
43.6150
47.2283
41.7843
40.9274
42.1063
43.8857
41.2001
40.8146
44.5674
47.3794
46.6962
46.4748
51.7934
54.3785
50.2755
51.1853
48.6987
53.7255
52.4684
49.9149
48.3467
46.0398
48.5350
52.4866
48.0589
47.8442
50.5010
48.5547
50.2987
50.4110
50.2503
50.6520
50.4093
47.2960
48.2324
50.9727
50.5949
52.0382
51.3397
53.1569
54.5272
57.4511
55.9685
49.3057
53.0109
51.2827
48.1821
49.4103
64.1402
58.7486
66.5620
70.4662
55.9339
55.3822
67.6065
67.4402
72.1375
70.3077
70.4846
72.8580
62.0553
65.5728
64.9661
68.7186
62.8631
65.3917
58.7138
63.8013
64.5063
58.7774
52.0096
52.2132
58.7486
62.4357
57.4858
56.0639
56.5481
54.2869
53.4885
53.6058
53.7334
54.9492
55.7304
54.8442
61.3230
59.0205
52.9424
53.0660
50.2591
51.2583
48.9883
48.5670
45.6713
46.9003
44.2697
46.2212
43.3220
42.0020
47.0875
42.2913
42.3147
42.2467
42.6206
43.4111
48.9524
41.0129
38.3105
49.3846
53.8726
55.0706
49.9184
49.1942
47.8356
51.4245
48.7164
47.4125
47.6586
51.7457
48.6690
50.6471
50.9821
50.1670
50.7917
50.8678
50.7252
50.6328
46.9597
44.7434
47.3710
49.5717
54.8282
52.2798
48.2488
49.7922
50.1299
49.8006
52.6223
50.9112
50.2872
49.7635
54.2438
47.9306
46.0748
43.8014
41.9366
44.8872
49.6928
43.9296
46.5309
46.9800
42.4853
40.4487
41.6823
44.0828
46.7119
47.7667
42.8755
45.8584
46.0161
43.0738
44.6228
43.5616
47.3011
47.0082
47.3717
48.5458
48.4075
46.5961
46.2760
48.5391
49.3444
44.9437
45.2691
45.6223
46.6537
46.9496
45.2984
43.2544
44.4700
45.7277
48.2167
48.2371
47.6086
46.3933
47.2338
49.3776
46.9973
47.0403
47.5626
48.7323
46.6151
42.2295
46.2474
47.2876
45.6814
46.0410
46.3803
47.2479
45.4013
43.8410
45.3586
45.2569
48.3922
47.8736
47.2997
49.4914
47.5735
47.3293
46.8634
46.5159
46.1119
43.5458
44.5779
41.4089
42.5573
43.5993
43.5118
43.0100
41.7414
44.6946
45.1223
43.3949
43.5875
42.5700
43.6986
43.6436
41.2682
45.6472
49.7572
51.5382
54.9725
52.2534
49.8693
53.3269
56.3122
55.3631
52.1697
54.4107
51.0021
52.9792
53.9099
50.5739
49.9229
48.0490
48.4029
47.0482
48.2390
47.6255
40.9793
40.2081
42.0610
49.4465
49.1405
45.9062
51.3654
49.1774
47.0755
52.5864
52.8585
51.5469
55.4317
55.6056
53.1946
55.3639
51.4583
54.8311
54.0170
50.0373
48.8854
49.3473
49.2337
46.7460
47.9589
54.1301
52.5823
59.2189
55.8506
49.2222
53.4501
52.0515
53.9723
54.8474
50.2713
53.0126
50.4139
50.5645
45.4246
48.0993
46.3308
47.1943
46.8057
48.5574
50.8688
48.0046
48.8684
48.9677
49.2866
45.3556
54.0908
56.8102
55.7903
59.7804
54.5226
56.9870
59.5963
57.5704
57.7333
56.5226
58.6039
55.9274
54.9050
54.4868
53.8188
57.4348
56.1408
57.5440
58.1351
57.0573
49.9216
50.4610
54.6418
55.4603
59.3433
56.7812
54.2139
55.2385
53.6439
55.2837
56.0040
53.3189
51.5134
51.4269
52.9977
53.3468
50.9883
52.1865
47.9837
47.7661
47.2703
49.1325
52.5983
52.2214
46.0661
45.0633
47.6537
48.8207
50.3243
50.2005
47.1280
47.1962
47.8224
46.0160
44.2765
46.9609
45.9982
47.8351
48.9273
46.1865
46.8010
46.3156
46.1645
52.6928
50.1852
48.1986
47.4948
48.1139
48.6361
51.9202
48.8921
50.1844
48.4223
50.8243
48.4765
50.2278
43.9098
42.2920
42.8612
36.5667
41.9167
44.1443
44.3872
43.0641
43.9981
46.3647
44.3045
42.2528
48.4592
44.9668
50.0452
46.5994
47.9758
46.4204
48.5369
48.3271
49.1215
49.0341
48.3883
50.6358
47.1394
48.6931
47.8034
46.7842
43.9385
47.9745
46.9379
49.1973
47.6374
48.2459
49.5238
48.8923
48.2653
41.3425
39.7678
37.2656
39.3815
40.5627
42.7957
45.2927
41.7355
44.6370
45.2541
48.1648
44.7497
46.7627
47.7255
48.2050
50.3033
50.2544
48.4188
47.8913
50.1093
50.7433
49.7549
49.6996
46.5560
48.1953
48.1563
47.1910
48.0721
49.0123
50.5743
47.8582
48.7046
47.1068
49.6191
48.7286
47.1027
48.9487
47.4826
51.3457
54.8728
54.8430
53.0935
54.4398
53.3491
52.4859
51.7665
53.2626
56.8758
49.9467
53.8502
52.9570
48.5309
51.9492
50.7493
52.8781
53.4732
55.2256
52.6708
51.6243
51.5138
49.3548
50.4943
48.6577
53.3182
53.9546
51.2833
48.3206
51.7080
45.0712
47.2781
45.6606
50.3931
51.1028
52.6759
49.6792
51.8078
49.7071
51.1471
50.0409
50.9811
50.2851
52.2646
50.4416
59.6082
49.2788
49.2891
50.1623
48.4615
52.8077
51.7302
49.3419
45.7469
52.9824
53.3824
53.6066
51.7309
53.7843
51.8323
53.7500
53.9138
52.3959
51.7811
50.5183
48.8425
50.3711
50.4822
50.8032
48.0039
57.5720
58.5289
54.0191
44.6349
46.1124
44.5680
45.2359
44.5248
49.3620
54.5425
54.4105
51.8761
52.6846
46.5047
45.0231
48.2369
47.7162
48.5971
49.7644
58.5801
53.4738
52.8168
59.2860
55.9007
55.5034
55.3388
50.0608
49.2869
57.6991
53.7711
47.3730
52.9153
54.6032
51.0332
51.5232
48.3614
46.3626
45.6457
46.0954
45.7501
46.8820
45.5683
42.5683
43.4613
44.7261
43.9820
47.0111
48.2249
48.1872
47.4692
41.8504
43.8068
46.2302
44.3769
43.0534
46.2177
45.9798
46.4505
45.9915
43.6045
48.8608
49.6093
47.1002
45.4770
44.7306
47.1697
48.9614
49.9061
49.9814
47.2342
45.9011
48.6831
47.4224
49.4787
44.9022
44.6212
44.8108
42.7613
45.1407
41.6811
40.9851
37.5678
37.8754
39.9848
40.5142
42.7727
47.9459
45.7493
47.2063
47.8122
49.9011
47.6383
49.2905
49.0030
54.1843
50.6754
53.1224
52.7491
49.5992
49.8267
48.0672
45.9664
42.9561
44.6430
44.2222
44.3601
42.9387
44.5373
45.3548
45.0310
45.4477
43.6822
43.1159
42.1203
45.0595
45.6245
47.0632
47.3379
46.8368
48.2701
45.3448
44.7918
48.5510
45.2395
47.2621
47.3814
43.0477
45.1531
45.9374
46.1879
43.9233
41.2575
42.4604
46.0916
45.2515
46.9646
46.5998
47.5562
49.1688
45.6695
45.7020
47.9177
45.4703
44.8358
45.4974
44.1750
44.5269
42.3357
46.4989
46.5737
46.8873
42.4475
39.8983
55.8725
63.1251
54.8263
63.0398
56.9275
63.6775
73.0047
65.0043
73.1829
69.9135
69.5115
67.0061
68.7944
60.3772
69.5641
63.1531
56.5329
55.7285
52.3703
54.1700
50.6429
54.5527
54.6006
56.7938
64.2576
54.8620
59.3310
60.9423
63.0650
59.8552
62.7471
69.9370
62.4021
56.8981
59.4731
74.9670
73.7016
66.6304
62.1793
70.1725
69.9960
68.4699
66.0587
62.7928
65.8977
62.3275
57.0646
67.4180
60.8795
58.3123
56.2526
44.5380
66.0416
59.9817
56.5417
53.9108
54.4950
53.8687
53.2441
55.6274
54.8085
50.7331
55.5482
54.1291
50.9133
52.0821
48.9123
55.0428
60.7016
54.1125
61.3556
65.2577
64.5048
57.1576
65.7225
72.7132
64.2945
52.6171
53.1739
53.0818
56.7420
61.1264
66.0905
68.6977
67.9655
63.8994
63.6051
65.1465
52.0412
48.8863
47.0336
49.3402
46.4190
51.1086
51.9327
48.7999
49.3540
46.1036
46.7468
49.5696
48.0238
51.3248
47.4329
44.3296
47.9242
53.6281
54.2667
48.0478
49.5119
53.1037
67.5216
70.8305
72.1746
72.6333
69.9417
71.4342
68.1129
60.3467
53.6543
57.7386
61.0091
61.6715
64.1040
65.2274
72.7718
71.3477
58.4144
65.5363
64.7483
66.2769
60.4915
67.7667
66.8313
68.2933
62.7686
78.9766
72.3797
67.2844
54.4590
60.3914
54.5182
61.3215
62.7325
57.7179
51.3283
56.7274
54.0627
56.5808
64.4384
70.3711
58.3920
55.7347
49.3231
59.4826
58.1761
60.3092
64.1120
58.7683
66.3205
61.2403
66.0504
59.4243
69.2145
67.0579
60.9799
60.0448
62.7793
69.3871
64.4404
61.2624
71.6952
70.1921
67.9798
63.5113
64.2446
61.1366
57.7438
57.9097
62.5071
68.6300
65.3928
59.0951
56.8541
54.0976
56.9163
57.5102
58.3190
70.1978
66.9690
60.5763
57.1995
60.3106
63.4582
57.5938
64.2790
55.5743
55.7732
52.9060
54.9853
58.3313
71.6730
64.5140
61.6013
69.7455
55.9787
58.7006
65.8282
64.8130
65.7312
66.3135
74.0531
72.1431
78.9955
80.2835
68.6545
78.0046
81.9580
74.9518
69.2656
66.7239
71.1582
66.2766
63.8559
73.7570
60.1752
70.2996
66.9396
63.8101
64.5721
70.3717
78.7745
76.8080
70.5473
67.9787
72.6139
64.6587
62.8843
59.3305
55.3702
59.2164
60.7154
52.0390
54.0474
50.7747
58.3763
59.5555
56.7360
57.4718
67.6998
66.4125
68.0597
64.2916
68.5356
70.8168
71.6389
57.2764
59.5010
61.4565
60.2713
65.7036
56.6317
48.6356
54.2860
51.5566
54.5928
51.4062
50.0339
51.7471
48.7639
47.6360
50.9543
51.1684
49.3571
52.7328
47.6819
49.7541
47.4902
47.6036
53.1993
50.8713
53.3331
53.5985
57.4327
57.4286
55.8429
56.8221
55.6266
54.3727
54.0918
54.7065
55.7043
55.0485
54.9737
57.4870
55.1521
50.6145
48.5041
55.9103
56.0030
56.9257
50.5345
50.9925
50.1867
50.0328
54.2600
54.6219
50.5850
48.9094
46.1488
48.8731
45.1877
46.5865
46.6439
47.3163
49.4202
44.2517
46.2108
46.7848
45.9999
50.4853
50.1878
50.7016
50.0526
49.7242
46.2766
47.5611
49.4837
46.7339
44.9886
40.4721
42.6869
45.1792
44.5375
56.0534
54.1977
67.4780
54.3385
46.6889
38.9624
37.9157
43.6254
47.0569
43.1961
43.7465
43.9280
40.6858
44.8186
49.9096
47.9714
49.7398
48.0483
43.3331
45.1523
47.7871
45.8620
48.1947
48.4054
47.6000
45.8069
45.5143
47.3906
48.7248
48.0232
48.1066
50.7200
46.6460
46.7345
42.6138
46.7092
45.3807
44.1076
43.0920
49.0828
51.2931
57.1329
45.3081
43.1413
40.5106
38.1603
41.4758
37.5076
40.0667
39.8817
43.1334
43.1643
45.2025
52.0202
52.3022
55.1101
63.4481
58.7320
58.7795
63.3244
71.8624
64.6992
67.7744
64.5820
68.0264
69.3536
65.5832
65.0945
75.3262
70.9433
71.5208
63.1347
72.2050
58.4583
62.5483
65.7819
66.8851
68.2676
67.0071
68.0153
73.1262
75.3922
61.0762
69.0354
69.6154
77.8100
78.1096
77.7750
74.6414
84.0301
76.3358
77.5436
75.9119
69.2221
73.7974
54.4448
54.7763
63.8637
53.1788
48.9587
48.3262
46.0364
47.0566
46.3034
52.0072
43.6672
44.6504
52.3943
51.4217
53.2453
51.4884
50.6980
57.9191
52.4378
53.4542
52.3074
55.9686
55.4891
52.4011
54.1010
61.6070
55.8738
56.6027
53.9765
53.4316
56.0048
55.8090
55.4367
50.2867
53.5343
56.9545
53.5792
51.4369
53.2496
54.2859
47.9958
51.5878
49.7291
54.4201
59.4310
53.7114
54.0228
58.2784
60.2838
63.1091
65.1364
63.5660
61.3784
63.1165
59.6850
63.7111
66.0611
68.1216
57.8411
60.2435
75.8093
71.2381
53.5127
65.2537
64.7935
63.9075
55.4673
63.2154
53.4883
59.5298
63.3133
56.4838
50.3745
45.9622
65.3631
57.9649
70.0914
70.5390
59.9328
66.3907
58.2556
54.5556
60.9781
69.2673
64.9387
63.9737
71.2180
66.9494
70.9953
65.4763
65.2676
56.4727
52.0472
53.7014
58.0326
52.1028
47.4906
47.7479
47.6303
42.3344
49.8226
48.6950
49.4605
47.0514
49.5816
50.4636
49.7795
49.0810
51.2226
48.6133
47.8758
50.2845
49.6666
49.0785
51.1265
49.5913
50.1082
47.7401
49.6004
50.2102
51.4647
45.9347
50.0491
52.3703
61.1258
70.5816
58.8551
55.9843
59.6829
57.4306
60.8727
66.4406
61.8176
55.3097
54.3016
60.0806
51.3061
53.0980
65.2803
48.7710
47.3237
44.0001
45.8920
39.8512
40.4021
44.7558
42.0593
43.2673
42.7948
43.3643
45.9377
42.2874
43.7831
45.4961
45.2709
43.7311
46.3327
45.2546
44.4959
44.6523
47.5864
45.9079
47.6757
43.4930
48.2001
47.1016
42.8432
45.5068
45.4799
48.3272
51.8870
48.1496
42.1584
41.7792
44.9605
44.7402
41.8160
39.2664
43.9359
44.7888
42.2901
40.5934
42.0039
40.8372
40.9609
42.7163
38.6040
40.6843
42.9182
44.5281
43.3253
43.1799
43.1001
40.7431
39.6425
35.3839
36.2008
38.8344
38.4456
42.2185
43.4128
42.8381
45.9303
42.8279
42.3831
41.6543
41.0385
39.9437
40.3068
40.2215
43.0415
42.2960
41.7196
44.6692
41.4614
37.1462
41.7050
39.8217
40.8119
41.7009
40.6217
39.5819
42.6123
41.9447
41.8712
39.6753
38.2802
40.7983
41.5557
41.8655
41.5335
40.1937
41.3888
41.3431
42.6655
42.3485
42.0949
44.8209
41.7197
44.0320
43.9997
44.6350
45.7086
45.9532
47.5634
45.6566
42.0358
42.1028
42.8942
43.3940
45.1041
43.7293
44.0709
40.9390
41.6406
40.9110
38.7203
43.2208
48.8194
46.1615
45.8408
48.4987
50.6844
45.9797
51.6194
58.3711
60.1939
54.2695
52.6392
50.7514
44.7831
50.8474
52.3083
47.9264
43.9846
43.3344
51.2500
48.1927
47.9451
44.4937
45.5580
43.3997
39.1065
37.7105
39.4360
39.1234
39.4239
40.8823
40.1794
38.6741
38.8167
38.4892
37.9836
39.6802
39.4568
37.7394
41.4393
40.2809
37.2648
36.7021
40.6231
40.0690
38.0972
37.6802
37.0104
38.6349
39.9485
40.6590
39.5703
42.0980
41.1162
42.3252
40.9038
41.2155
40.3144
39.0771
37.8181
41.0433
37.5803
43.5232
40.4229
38.5410
39.9065
40.4616
37.9807
40.9451
41.5094
42.6975
43.1709
45.7330
44.3332
46.3618
54.1014
42.4207
43.1369
56.1003
54.4086
52.3813
55.2748
51.8871
54.2023
55.8057
57.2217
54.6385
49.5704
51.1262
52.0386
48.4794
53.6901
53.9928
58.3967
60.5859
58.4907
61.5078
61.0664
61.6523
67.5738
64.0930
66.8523
58.6103
58.0974
51.7504
52.3010
59.5528
56.0423
54.4893
66.5536
74.8238
73.5560
65.3625
61.4672
61.3510
61.8563
70.2500
65.4991
63.0196
64.4260
62.2358
69.9096
65.2681
63.2745
64.0589
65.3168
61.5436
74.5831
70.1823
72.4251
69.0558
74.0959
82.4325
67.4976
74.3272
69.0900
69.8980
64.4552
56.7063
54.1608
57.9942
61.3854
75.1191
67.6993
74.1118
58.9320
67.2433
62.7769
73.9070
69.9795
67.3231
62.4628
58.1408
58.0405
59.7528
61.9774
63.1596
62.7564
53.7971
54.1795
51.8139
43.9473
52.7531
55.4617
55.6643
57.1900
58.5349
55.2686
56.8421
50.2022
47.4981
51.8835
55.4865
51.1185
47.8961
44.4759
39.7712
49.4345
58.2548
52.6144
48.4208
70.0365
58.1118
60.5993
65.5577
58.3933
60.1458
64.1609
58.9598
55.8932
52.5203
52.0902
50.3740
48.8825
46.1378
50.6653
55.2705
56.7189
56.8481
64.5430
56.2181
60.7931
61.5116
62.3205
57.0486
60.2469
58.7337
56.8252
52.1292
56.3307
65.9256
56.8210
60.5353
56.6937
61.0454
65.1096
65.3676
54.1584
62.1581
55.6278
55.5758
58.2572
60.4407
58.7750
58.3366
52.8448
47.1717
49.3444
55.2093
58.9273
56.9605
63.5022
67.2150
65.7883
60.1676
63.9673
60.1141
58.7472
45.8159
53.0523
47.2017
61.1373
70.4078
60.1582
62.7239
66.0488
69.8298
62.8518
57.1206
55.5515
52.4064
53.9900
59.6486
59.8324
56.0690
70.1291
71.4568
75.8000
64.1335
63.1203
57.6188
57.2873
64.5649
62.8037
64.6198
68.8948
61.3907
50.6673
64.8892
57.3300
62.3446
62.6247
57.4765
67.7658
67.7652
60.2715
61.5192
55.3700
64.0561
59.5565
65.1073
66.3343
65.2473
67.1501
67.5787
71.6856
73.9838
68.5454
60.0846
62.4771
67.6631
54.8025
59.4140
53.2593
64.9861
71.3132
61.7668
60.1928
59.8808
61.4796
60.1710
59.6964
58.7375
66.3121
49.7843
48.7105
46.7035
45.6158
45.6143
39.3719
45.1143
44.0586
42.6448
48.2986
48.1659
50.7008
57.1951
62.0252
54.2482
55.5360
51.2345
51.8820
51.8726
49.4703
50.0248
47.2114
59.3973
45.4999
54.5898
52.6792
52.2785
55.0198
50.9992
50.9423
49.0355
48.7436
46.8221
48.7926
49.1213
49.4749
50.5810
49.6532
48.6470
49.8589
51.1151
54.0979
50.8984
50.8422
52.0275
46.1446
48.9991
48.3890
42.3569
48.7696
49.9223
49.6260
48.7606
45.6070
48.3562
45.4912
44.4063
46.1611
44.1249
49.8484
51.4191
65.9583
59.0889
51.7553
38.4750
46.9582
42.0807
39.4960
40.3006
40.5351
40.2412
41.5717
39.6041
35.4420
39.2950
47.3548
41.8753
44.9865
44.4477
37.6992
35.3764
41.1780
51.9813
40.1100
42.3759
41.0991
38.0505
39.5987
38.3635
40.0582
39.7084
36.3209
36.4807
37.4877
42.2056
41.0422
37.7971
37.9735
38.1604
42.2906
39.9021
52.8239
51.8854
53.3856
58.4494
56.5289
61.7604
57.1314
56.2762
52.8485
53.2259
49.2424
44.2229
52.3891
39.6499
43.2740
40.1167
41.2547
43.9138
44.9765
47.3934
45.0681
41.4953
56.3601
54.3014
59.8266
68.1829
64.2772
59.1562
64.1414
55.0677
55.6286
57.4215
64.4048
52.0310
54.2487
49.2306
56.8817
62.6592
52.6583
51.4775
72.1246
72.3750
71.3152
69.0336
83.3215
84.3652
71.9317
72.1587
61.6232
70.3984
65.1504
73.3635
76.5086
64.6803
62.1639
62.0708
54.9673
49.1973
65.7279
56.5536
54.1623
66.2419
71.6258
68.4124
69.0437
66.5846
69.9805
64.9537
67.2624
58.0896
55.9578
56.0710
65.9940
63.0918
53.9321
62.5946
59.0635
55.1239
71.9465
70.0056
67.6137
73.8104
71.2234
69.4275
80.1014
73.8408
71.3280
69.3435
74.5501
67.1448
72.4082
79.6515
78.8963
63.8219
55.1289
65.0062
54.4250
51.3351
68.1465
57.7905
64.5714
48.2119
44.5682
53.2804
58.2682
56.7555
50.3761
53.3747
65.7272
55.8286
59.2328
56.4903
57.5700
64.9377
64.8642
66.3581
70.4441
68.4916
67.6544
61.0763
60.7109
69.0774
62.6617
60.9024
77.2059
69.6050
65.9951
62.9060
71.2056
74.4182
69.2050
66.9949
71.2011
71.2888
71.4626
66.8073
71.9571
58.7649
61.4614
66.3499
71.9462
69.8083
69.4054
62.4134
60.8283
58.8587
51.0255
52.9177
55.2533
59.3708
55.0606
63.7447
59.5706
67.4198
65.5302
68.9617
70.0502
58.3028
70.9473
71.9533
70.7781
68.3219
68.2157
57.9047
59.8845
63.3270
65.2894
65.4404
61.1060
56.3662
75.5631
66.0280
74.5227
65.3820
68.5357
65.6026
63.1856
71.0321
70.1187
56.0160
76.1310
77.1556
63.9966
66.3195
80.3181
74.4721
80.4288
78.5403
69.4855
73.7162
72.4974
77.2732
70.7304
65.7987
75.1227
67.3526
67.7916
65.9980
61.9634
63.1307
66.0462
63.2004
58.3268
68.0877
69.7078
67.6345
72.5245
73.7515
64.8105
71.7718
66.1263
70.0911
69.9439
65.9469
66.3833
66.7975
70.2354
68.6166
69.9247
64.4771
56.9675
55.3982
58.1042
48.3563
49.9073
50.4696
51.7448
50.6825
53.9607
51.7916
66.0849
53.8968
51.0164
67.7003
57.7808
58.7427
64.2466
67.1328
73.1528
69.2031
66.9683
71.7106
67.9195
60.5926
66.8682
62.0962
63.8046
63.2454
63.9476
76.5124
67.4691
65.5099
64.8300
72.5242
66.3716
63.6754
65.5262
71.9465
66.6436
73.3557
71.2460
68.3742
68.3090
76.4806
65.9772
69.5291
61.6615
64.5950
53.7002
55.4682
69.2000
64.3025
61.8752
56.8453
58.9219
68.2746
60.0638
59.1733
61.8920
64.6971
63.7459
59.1980
66.9558
59.9889
57.7571
55.0072
59.9664
53.7122
55.0285
60.2236
62.0643
60.7925
51.2782
55.0185
60.0018
60.5735
62.9450
58.3643
45.0539
46.9863
45.9977
45.4278
43.0790
52.2629
51.5966
49.8741
52.7996
50.1885
53.5116
58.4874
58.9003
59.7766
52.5023
64.5915
62.1649
58.8830
51.3113
56.4764
61.4701
73.6607
75.8489
72.5240
74.4433
75.8568
72.8298
67.5834
73.0213
64.8358
66.0739
68.8329
63.1620
62.3025
63.5890
70.0806
62.9458
61.5833
62.1335
51.8317
53.0783
51.3098
52.8871
61.2621
51.4782
54.5485
73.4532
65.5862
68.8305
73.0759
69.1950
69.3668
67.1501
67.8954
66.1791
54.9371
57.1008
55.4733
51.6692
56.7354
58.0610
52.0185
58.8029
59.0052
59.3306
55.9019
57.9180
55.4158
51.3101
41.9367
44.7140
42.6174
43.7330
44.0551
47.9349
46.6465
47.1884
49.0857
51.2730
51.1353
55.4926
68.0157
66.9045
84.7943
79.0911
78.5465
68.7144
69.3760
66.1082
69.0286
70.1516
61.9806
56.8417
54.3350
54.4295
54.5424
62.8074
59.7011
59.2651
59.3320
61.8683
61.7345
61.3234
58.1687
63.9414
59.6623
59.7221
66.8576
63.4422
62.4958
66.9163
76.9553
82.2089
78.7001
75.9503
79.4986
67.2650
72.5623
69.7404
74.7046
61.6380
68.4590
55.8853
67.7598
65.7888
68.3182
84.3141
68.4711
74.3895
73.0711
71.3006
69.7648
68.4639
68.2572
58.2844
60.2543
56.8703
57.9016
60.1781
58.7178
57.2922
57.9655
58.2086
61.2509
62.1842
70.6821
77.7964
60.5845
64.3324
63.1604
65.4549
75.1609
68.0729
69.2884
60.7294
61.0643
67.9043
51.4537
51.4868
53.1487
55.6201
53.9082
51.3599
50.2219
52.8161
52.6606
57.3503
55.7587
52.0888
51.5001
54.2805
53.0396
53.1795
53.0532
50.3317
51.2944
53.1935
54.3719
56.9950
55.1260
51.2094
50.5346
54.4920
52.5547
50.1719
49.7431
49.8944
51.1184
43.3997
43.4818
48.2651
52.6993
48.0240
50.1533
50.5398
48.0182
43.4533
49.3145
40.8490
48.6094
50.7968
54.6970
52.2089
56.4005
56.9327
54.5375
53.2879
50.3557
57.5086
52.7015
54.8802
54.8278
60.7035
57.2689
50.5746
49.9720
46.8218
45.3223
46.2021
49.9240
51.4911
55.7653
50.8317
44.2609
42.9629
41.1320
40.5775
45.4890
44.1330
42.7025
44.0102
44.6777
52.7013
55.0623
65.4390
53.8983
57.4667
48.0085
54.7148
43.6554
47.1954
57.7964
43.6157
42.3515
41.2051
40.9864
42.8299
40.0793
43.0235
41.9574
43.3088
43.9964
41.9781
40.8674
40.4910
41.0250
41.9399
40.8799
42.1021
46.2485
42.2614
43.8755
43.7420
42.1685
48.2296
54.3355
54.6384
55.7456
57.2803
62.4067
61.0375
61.2029
63.4529
60.5679
58.7836
56.1859
49.1628
56.6301
48.6386
48.9724
44.9981
48.1892
51.9865
47.1616
44.4556
41.5396
39.8279
43.1354
46.1303
44.1453
44.9442
48.7527
50.4819
47.1085
47.8261
48.5262
47.2940
48.1042
48.6204
41.4392
52.5248
47.8085
46.3559
45.1945
43.8853
50.2786
47.0105
45.3413
52.8900
43.7143
50.8355
54.7888
48.5356
46.0971
43.7468
47.3026
47.9469
40.6220
45.6513
46.9069
56.5443
52.7121
55.3231
57.1741
45.8214
47.9412
40.7929
40.4866
45.6229
45.5436
42.7796
43.2446
53.2038
52.5866
46.4590
53.7594
46.8002
47.2829
45.9055
43.6900
44.6650
53.5999
49.6576
52.7675
50.6194
50.4259
49.7924
52.1342
51.0467
50.1626
45.8185
49.4814
46.4093
45.4116
42.9986
40.9375
38.8303
36.7933
40.7885
40.5413
42.9941
43.2393
46.8183
48.0837
48.0353
45.3873
50.6204
45.6115
56.5915
50.7997
56.8106
45.8723
48.7654
43.6536
51.4254
51.9151
52.0130
54.3593
47.4170
51.4206
46.5477
49.5485
43.4009
47.0613
42.5705
42.5836
40.2886
46.4265
45.7349
42.8598
44.4744
47.1776
50.2312
46.6605
55.0378
48.3658
66.2744
63.4813
65.0591
51.3508
51.9352
53.7090
57.7066
67.3545
53.8161
64.7629
51.9136
54.1866
50.9969
46.6813
49.5358
47.5803
45.4377
47.5618
52.6324
51.6834
44.8832
57.9809
59.2593
55.9862
56.6491
55.7828
56.3422
52.9156
54.8581
54.0134
62.0266
63.2780
65.7129
57.8821
64.8386
54.2065
60.9675
59.5811
60.7478
56.4434
55.4580
49.1445
48.3974
54.3285
50.0341
53.7719
54.2990
52.2303
46.1698
63.8963
60.9995
56.3751
55.8993
53.3444
53.8003
53.6411
54.7751
55.7276
50.6943
52.4747
52.9547
46.6342
45.2454
45.4044
47.5103
46.7901
41.8953
46.1149
51.5923
53.9237
52.8908
52.1840
51.0547
45.5766
51.4807
51.6522
59.0833
52.4309
57.8626
55.2563
54.4767
52.7106
48.9889
52.7482
54.6758
52.8713
51.8878
51.0291
49.6200
54.2494
60.4617
59.8721
65.3485
58.9048
58.1335
53.2837
43.7700
48.4621
46.7911
46.5370
49.0711
41.8381
42.0621
40.6167
40.9082
42.6590
47.1958
48.3659
44.1050
42.4375
39.9323
48.9724
51.7526
59.2177
57.3549
57.6847
65.3084
65.3325
53.3120
58.1387
52.7825
59.1895
50.8841
51.8318
51.5493
49.8628
53.2683
60.6277
48.7901
54.8328
55.9375
51.5687
51.0230
52.4601
53.3427
51.3221
63.8276
55.1047
63.3807
60.7335
68.8392
66.1408
62.0378
56.9139
63.1394
60.6891
55.0254
65.7949
52.3721
57.3467
61.5435
65.7248
62.0136
65.9845
61.3198
54.7080
51.4135
46.4330
49.6964
45.9040
49.0690
63.0825
57.5879
63.9536
65.0835
60.6616
69.3740
67.7469
57.1711
56.4035
58.6447
59.2684
62.5678
52.6734
61.2778
62.0782
62.2115
58.3182
67.5151
66.2873
57.8911
54.2480
74.5846
65.3714
62.0687
63.2117
64.8761
68.3562
60.5029
64.9104
59.3617
59.0176
59.9849
60.3230
73.9297
64.0473
55.7638
63.4889
55.5659
56.7382
61.0865
58.6142
61.2450
54.4413
59.0165
52.2986
58.8805
55.7268
59.5434
55.7049
52.8643
53.3114
51.6396
53.7746
53.9711
57.1831
62.0279
53.9110
64.3533
66.2123
55.4898
59.8337
51.4894
54.3520
54.0900
53.6766
48.1043
45.4034
41.6969
43.1535
45.5683
48.0078
49.5053
46.5790
46.7259
57.2177
45.9394
48.6585
44.0200
45.3721
44.5957
40.7630
39.9477
41.4902
46.7798
45.5785
46.3054
59.5170
54.1743
58.6709
59.6615
46.7327
51.2978
68.0750
69.5496
59.4005
70.3818
52.2167
47.4876
45.9821
46.6714
47.7789
47.9169
48.4755
46.3677
47.2060
43.2293
43.8770
44.4118
40.3303
41.6154
43.5838
41.1421
45.3153
47.6375
47.4468
45.6076
49.5043
50.5259
49.7438
62.5438
59.4505
49.6047
49.9831
50.4355
62.9463
60.8825
62.9169
69.7928
51.5117
52.5022
58.2729
56.3847
46.8865
48.5335
51.2406
43.7499
43.2620
58.6703
70.9329
71.0985
68.7615
70.6154
61.9155
58.7378
58.1761
49.9349
60.5731
61.0680
51.7697
51.7643
61.5179
71.3322
71.0792
72.3306
69.0990
67.1415
71.1137
69.7963
72.3752
67.0646
63.8963
72.9790
62.0072
57.0228
60.4580
66.1157
58.9117
55.7234
61.1025
59.6695
63.0335
60.1558
49.4121
56.0236
56.2196
56.7614
56.6643
53.7381
54.2460
50.8781
50.7654
52.7359
47.6018
48.7447
51.5862
47.8755
51.2891
50.8008
45.6192
56.4491
57.4300
54.4153
58.9899
58.9065
58.6839
54.1907
55.4228
51.8226
54.7175
60.0018
61.2443
56.3265
56.0011
58.7588
54.9632
60.9161
62.4240
60.1299
57.7085
54.5939
54.9592
62.4121
64.2701
59.1280
60.0897
65.7854
63.7837
68.3969
66.1536
61.9889
62.0852
62.1234
63.8952
68.6353
63.2482
71.8213
67.6072
67.8659
62.2847
58.0142
77.1308
65.4603
80.3886
79.4152
73.6453
67.0898
70.8895
68.1323
59.0015
54.3725
65.2649
54.2608
59.4514
56.8207
54.3673
53.9720
58.7693
62.5977
61.0976
62.6478
63.1395
62.6453
56.0559
52.2337
53.5324
56.0982
61.4481
55.9795
56.0532
56.7808
57.7275
53.5289
59.1639
56.4009
67.7485
61.4657
62.9767
63.1034
63.8721
59.5414
58.9290
64.2995
63.2536
54.3505
54.8437
52.2721
53.0467
56.3388
54.4573
56.8767
70.5030
75.8030
79.7298
61.9128
67.6465
61.7465
57.0144
62.2669
60.8105
67.0645
63.2214
53.0423
60.4301
65.5583
57.4404
65.1076
64.3092
65.7550
55.5761
61.2270
62.4226
60.3645
59.5164
54.5757
55.8935
58.7380
57.0703
55.8533
51.1397
57.5029
56.2016
55.9898
56.7496
57.6382
59.1229
55.7995
58.2463
55.8607
51.8655
56.1185
55.9723
54.0627
52.2764
60.4205
54.3501
52.4385
51.2163
50.4411
56.4582
48.2003
53.2112
55.5057
54.9167
53.3758
58.9278
55.7526
57.8849
58.6052
57.7266
58.8968
60.0654
60.2377
67.6465
66.4760
69.4825
68.5660
59.3138
58.3647
56.5161
63.5401
56.8600
52.3736
48.8091
47.0293
51.0256
53.2308
49.3168
49.3881
46.5309
49.3004
46.2319
47.4749
41.7131
44.1817
41.2700
41.7725
41.1974
41.8585
40.4971
43.8817
49.9219
55.1544
53.4247
51.4772
49.2979
50.5962
49.5952
52.7108
61.9023
56.4227
59.9914
48.6419
55.0427
59.3703
63.6553
57.0797
64.3916
61.9524
58.1724
58.9644
59.2545
65.0216
64.0000
67.9872
75.5369
79.8981
78.9174
76.1791
71.8982
66.2283
61.7884
69.4143
74.8484
72.1063
72.8029
70.7469
66.3807
69.6610
66.3642
71.5838
63.9540
73.0893
70.4393
70.6511
63.3433
57.4954
56.9888
73.6093
75.3351
60.2530
70.2593
63.5133
55.5999
61.5414
50.1265
56.5793
61.5594
63.6484
55.9959
58.7063
56.1860
70.1666
61.0480
61.8671
69.0602
74.2659
67.1121
69.5429
68.7470
58.2491
60.4303
56.6080
61.5456
62.0061
60.5257
68.1588
66.9817
63.5664
59.4614
61.0771
56.7525
57.3794
52.7656
54.2839
51.8279
52.0734
49.5046
52.0010
53.6818
51.2559
50.7679
45.7212
47.3744
49.8389
53.4067
55.6772
57.0042
56.5417
55.4097
60.7538
52.8547
57.3513
50.2344
44.0732
46.6253
45.6007
44.7302
42.7054
41.3639
37.8488
39.5787
44.7630
44.8457
45.7750
51.7207
48.6442
46.8567
46.6694
49.9248
48.8592
52.2068
53.3002
54.1214
52.3988
52.2281
51.7754
52.3412
56.7795
53.5953
54.2594
49.3723
50.4522
50.9773
51.9682
49.7677
49.9720
49.7800
50.1230
46.4076
46.4804
42.6730
48.9441
47.9115
46.7144
46.0354
46.6769
46.2161
46.9205
47.3462
47.4242
43.9812
45.4415
44.6501
39.5635
39.4109
41.0795
42.9278
41.6444
40.7909
40.2717
42.4988
43.8339
42.9201
50.4176
48.3516
48.3940
50.4154
51.8009
50.7242
51.1725
54.9020
54.2538
54.6139
50.3788
51.4146
49.5975
51.8016
50.5170
49.6862
48.4081
56.3860
54.2494
50.3138
50.4464
50.4005
49.8125
49.0491
47.4320
50.1874
46.7359
51.3627
51.3343
48.4551
43.8825
41.2794
42.5508
45.4878
42.7658
42.7285
45.1872
41.5008
40.4183
43.7166
43.3147
47.8323
43.3704
44.7519
42.6216
43.8414
40.7289
40.6661
43.3094
45.9020
47.5026
43.8620
42.6994
42.9779
46.4963
43.6468
44.0447
39.1181
40.5720
37.9479
39.1203
36.7135
36.7399
39.6622
39.2537
40.6735
40.1350
39.7000
37.3007
38.3340
37.4802
39.2456
39.0709
39.0895
40.8427
43.5281
43.8924
42.1511
39.5332
45.2735
40.7678
41.2346
40.4650
41.4835
39.6075
43.9558
38.2242
37.1471
38.6301
34.2190
36.4586
34.1563
38.3066
38.8149
38.1644
36.1125
39.2682
39.7948
38.6217
37.1942
37.6386
37.4468
39.1265
40.1462
40.8974
36.7527
42.0446
38.5267
36.0332
42.2147
48.1832
47.0729
44.4382
48.2434
43.3359
42.5570
54.8023
56.5317
53.3379
57.1953
50.5553
58.1079
59.7302
64.1176
43.8791
42.2722
61.1136
57.0890
64.5242
58.7822
50.6360
58.6450
59.0514
51.7182
51.7083
54.7619
49.9213
50.4157
50.4106
51.6807
50.2510
53.8381
57.1704
48.4108
54.5332
48.6154
56.7143
52.8467
66.4297
62.5121
63.1229
57.9264
55.9781
59.3249
59.3776
54.8032
58.7676
61.9736
67.8371
67.3521
58.1011
58.6376
55.8736
52.3340
52.5263
51.2379
49.9695
51.2002
50.5124
50.9139
49.9618
45.8505
50.6746
57.3756
51.2105
51.4702
43.8585
45.1583
46.7680
46.2819
49.2068
48.1042
49.2154
48.4905
48.8978
46.9086
47.2184
49.1050
47.9254
49.1644
48.0150
45.7957
46.2785
45.7518
44.8694
48.0734
43.8120
46.8163
46.2214
40.9937
45.5395
45.6730
47.8267
45.4459
46.7862
45.8721
43.7618
43.2834
48.4664
49.7194
48.3823
48.4513
47.1058
44.6418
43.2347
43.1535
42.2094
46.5759
47.5369
47.7570
49.4499
48.3584
47.7787
45.0724
46.8641
44.9154
44.3579
43.5983
44.2702
43.7273
45.3130
43.5418
45.5110
43.4986
42.8154
43.3469
42.0682
42.3089
41.6531
43.9615
40.1236
41.4717
41.4862
43.2989
42.2316
42.1126
42.3721
47.6557
47.7550
46.3175
47.7264
54.0074
68.6567
67.9771
64.1860
64.0222
71.4618
67.1694
59.3558
56.7878
64.0462
57.4780
63.6174
70.1904
67.4231
64.4638
63.5154
47.4001
51.9083
50.1418
49.6162
52.6056
51.0569
56.1444
53.1918
46.9747
45.0086
45.4869
42.6679
43.2852
36.7536
39.0991
42.2006
40.5489
41.2040
39.7996
43.1163
43.2050
42.0538
40.4635
41.1183
42.1245
40.2341
40.6417
45.4063
43.6521
47.3710
47.2644
42.9423
47.1475
45.3576
38.2618
42.0605
45.2917
54.8033
55.5371
47.8343
56.5883
44.8903
52.2182
47.5866
50.5004
50.7233
48.1389
38.6543
46.4577
43.8535
43.1007
53.8244
55.3096
52.4955
52.0010
56.1425
69.2364
68.8350
57.6163
59.5024
61.8985
75.8461
64.8001
60.6980
66.1473
70.1226
56.6058
58.6544
54.6961
53.4123
58.0913
63.7644
66.9731
62.2948
69.7986
58.2256
66.9087
70.8514
66.2875
64.2452
84.1673
81.3109
76.3796
70.1827
80.1314
75.3277
74.3851
62.7110
67.5009
70.8592
64.1437
66.1528
60.5033
59.4053
54.7263
58.3209
58.8461
53.4782
50.3010
49.1499
51.6099
50.2386
54.4295
52.3497
52.4860
51.4093
52.9701
53.4011
54.1773
56.0192
57.2092
58.8066
51.8361
57.9924
59.4689
56.2799
51.2874
51.9352
54.3574
54.0772
52.4897
54.3751
52.0312
47.8008
46.9256
44.8706
47.6999
46.5457
45.0972
47.6288
48.2519
46.1222
45.6971
49.8957
51.0573
49.4872
55.8969
52.9373
48.9435
56.0884
53.2460
54.8235
54.0726
52.5796
47.3127
45.1184
47.5806
47.1563
41.5376
39.7514
36.8960
40.0794
42.7908
41.0428
42.6164
43.8359
44.7128
48.4658
48.4237
42.8614
49.0564
47.4571
46.0180
47.6234
47.6154
44.9369
39.8604
41.4651
42.2074
42.1470
41.4978
43.5480
41.6743
42.7851
45.8727
45.2612
47.7184
47.0693
48.6368
47.7645
49.3239
45.6100
47.5534
45.5108
45.7379
44.9646
47.3428
44.6889
48.6744
48.3434
53.4433
46.0091
48.3732
49.4012
46.5812
42.0040
44.1669
46.9834
45.4857
42.2290
46.9346
44.6783
43.8493
42.6917
44.7356
45.9148
42.0837
45.8863
45.3383
45.6620
46.9339
46.3482
45.3744
44.5694
46.4932
45.6463
48.0104
47.6651
49.9460
49.3709
45.9108
41.7105
48.2367
46.8218
44.2282
43.2712
44.8892
46.1444
42.3912
43.8025
47.4521
47.1947
45.3074
45.6741
47.9545
47.6315
47.6360
51.1053
44.5437
42.8333
44.8641
47.2466
43.7681
45.7903
43.4716
43.3786
49.1139
42.4359
46.3818
44.4397
47.2639
47.0299
51.0241
50.5820
52.3544
50.5371
47.8663
48.2214
44.7109
40.0193
43.6458
44.1694
40.0014
48.8580
56.3628
50.1384
48.3062
51.3836
51.7739
50.3908
49.3863
50.0032
52.1857
54.4765
49.2616
51.9591
60.1812
62.4953
57.1930
56.2181
72.8958
62.7003
64.0080
54.6373
50.4418
52.6087
46.0653
51.2159
42.9902
46.6306
49.9168
45.5025
42.7545
40.7343
43.9755
42.3204
41.7544
40.7480
44.3495
42.8038
42.3354
38.6997
46.8912
43.8387
50.7267
51.2715
49.1190
54.2186
51.4530
59.7746
50.6941
53.8054
53.0176
45.9306
52.6416
56.5131
52.7881
49.3016
67.5570
60.1963
56.8831
65.3683
67.8336
66.1193
51.4658
45.2313
50.4878
54.5134
46.1729
56.5504
61.4891
70.4021
59.9458
42.1371
45.5601
43.4992
44.1010
41.6268
44.2022
46.1452
47.6758
52.7762
52.5594
55.0303
47.2514
58.4829
54.4342
52.5093
51.9193
53.3908
52.7814
48.2097
50.1305
51.1677
49.6237
46.2699
46.2894
47.3454
40.0946
44.2188
51.2217
50.7660
49.5772
45.9709
46.7478
46.3195
51.0093
50.5506
47.1196
51.9971
53.4970
56.5610
55.5991
53.8794
56.7649
57.3141
59.8539
62.2220
54.8021
55.8028
46.9837
48.3399
48.8344
45.5690
45.6106
47.9455
47.6931
62.6705
61.9354
61.8354
56.7485
51.7859
52.2473
49.5576
56.3013
51.6961
50.6386
56.9686
60.9776
57.1825
53.0952
56.1192
60.9661
58.8712
61.0469
58.1265
59.9495
59.4078
56.8565
58.0949
57.9519
55.8573
51.1623
53.4783
55.0935
42.6719
61.9082
63.8008
72.7806
75.7371
69.7897
69.6594
67.2611
64.4020
58.4984
54.7287
58.4679
56.8265
58.7721
59.4877
60.9350
64.5322
68.0268
71.2369
63.8472
54.1642
53.8619
51.5988
51.0812
67.8150
69.2825
63.1268
67.8600
59.7921
56.2675
72.5474
67.2125
69.5926
74.8176
71.1801
59.0658
55.0765
56.5743
57.2932
64.5925
67.2242
62.5996
61.7068
69.4118
65.0826
65.1636
65.4933
69.0712
67.1604
66.5276
69.2260
73.8200
79.1374
79.4158
71.3015
67.8304
66.9433
65.6550
61.9726
60.3503
67.0294
61.1941
60.5243
66.5713
64.1125
63.1664
57.5766
66.4062
64.0217
66.0920
79.9218
72.4566
70.5953
74.4480
75.2764
74.7073
78.6424
64.0639
57.7742
72.6807
55.1481
57.4000
62.9281
57.1412
75.0712
74.9075
68.7654
79.3848
77.1026
61.5823
63.0478
61.9998
63.8351
68.3232
71.3881
60.8953
68.5520
70.0070
72.9368
69.4703
76.8171
79.9881
75.2224
76.8130
53.8122
63.3234
58.9589
64.5241
67.6763
63.8728
60.0528
66.6214
69.8174
75.0413
70.9639
73.9081
69.3583
67.6557
63.7224
65.9778
69.7491
69.0710
76.9866
55.4872
55.8279
56.3690
60.5911
60.8668
54.4074
61.7781
66.0412
71.8652
67.4822
72.6579
63.8187
56.5628
72.1990
66.3722
69.4512
61.3154
68.8398
70.5149
67.7186
62.5518
61.1559
49.1944
42.6196
48.7327
46.8303
47.1726
47.1563
41.7986
47.6664
46.5483
48.5382
57.0903
50.1152
45.9570
47.8411
47.0544
45.7098
46.1025
40.9681
44.3907
43.9176
43.6975
43.3872
43.6042
44.5244
40.7069
45.5485
43.3016
44.9553
49.7434
50.5410
50.1911
48.7282
50.6663
51.5194
50.5380
51.3265
50.2876
51.3934
52.6772
51.1071
52.9361
51.6739
53.6532
51.6322
49.6023
52.3136
50.4014
51.4052
51.3132
50.9102
53.5403
54.9895
53.3178
53.3227
52.7526
56.0093
54.2524
53.8576
56.7044
57.0050
56.6298
55.5599
51.0622
52.1031
51.1634
51.7418
51.5012
53.8384
56.3060
54.5920
55.1599
54.2894
56.1873
52.9395
53.1626
51.3455
47.8786
48.6677
49.6340
49.1889
50.1028
48.0533
46.7528
47.4197
46.3413
45.0377
45.6461
47.4471
46.5096
44.5720
45.1785
45.6263
47.3588
45.6505
44.3883
46.2192
45.4594
43.4894
45.3137
43.8842
42.5668
44.0504
44.3031
43.9429
42.5676
42.0541
42.0554
41.8178
44.0304
42.8031
43.8564
40.2208
41.6667
42.6617
44.1451
43.0676
42.7171
42.5448
44.6474
43.3300
45.1677
44.1472
44.8088
46.7723
44.6786
42.5049
45.9934
43.3570
45.1956
44.9812
45.8204
45.5597
43.1540
42.8483
44.5162
41.4183
41.1844
38.8425
38.7774
40.7452
42.8445
41.0111
42.8763
46.0214
43.0424
42.1313
41.0927
45.7878
41.1552
38.7098
40.1303
41.6154
38.8186
42.6671
40.8554
42.5593
40.1455
41.4141
41.3041
40.4748
39.5238
43.9256
40.6674
42.9280
39.1992
37.3429
40.7634
37.5965
39.3179
38.7505
39.6965
39.1421
37.6733
38.2830
38.3947
37.4375
35.0368
37.3367
38.4547
37.6075
37.5868
39.0976
40.4360
40.3525
39.3660
41.0988
40.2229
39.4289
40.7361
40.6787
42.0917
41.4191
42.7219
39.6162
41.0514
41.9597
45.7914
44.1384
44.2154
43.9301
44.5364
44.1041
40.8458
41.5630
41.0171
41.9423
40.7633
40.7526
39.9538
38.4404
37.3853
37.5757
38.2734
39.4369
38.2888
39.3444
37.2908
35.9201
35.8512
37.0237
35.9013
38.4505
36.4490
36.9409
38.4622
38.0986
37.6255
36.0302
35.0543
35.5909
36.5460
36.2783
35.9661
35.9167
38.5458
38.2951
38.9944
40.7686
39.3271
36.4891
37.6171
37.2399
37.7747
36.9051
36.4865
38.9785
36.9714
37.4256
35.6584
39.7072
39.0957
39.4644
39.9034
38.8408
39.7795
41.3941
36.7296
37.4443
38.8177
38.1746
41.6697
38.7180
43.0712
38.8943
35.9153
42.3094
40.8127
38.8926
39.7397
41.0295
40.5630
41.2209
39.4741
45.3824
47.9476
42.6468
40.2454
41.4020
44.4757
42.6615
41.1578
40.7639
40.9513
40.4547
40.3606
39.5552
41.5380
40.3792
42.5144
44.2474
43.8493
43.0043
43.7695
40.9030
38.2831
37.9383
35.6234
39.3068
41.6133
41.7223
41.1524
42.7346
42.0650
42.1351
41.1594
42.8508
44.5395
39.9631
40.0351
41.7026
42.0605
44.8303
49.1692
48.6121
49.7393
45.6382
40.8326
41.2000
41.1182
39.5652
41.4827
43.0956
40.7279
41.5806
41.6219
39.3744
38.9455
43.2884
48.1808
42.6930
45.8837
44.0542
43.5517
42.5399
44.8428
45.3158
49.6930
46.9976
41.4399
44.0912
43.1628
43.1267
46.6017
42.6475
44.1678
44.3039
43.2013
42.3297
40.0468
44.7395
43.2533
41.2813
41.8632
43.6046
43.7997
44.7591
46.2668
43.5797
41.8663
44.8376
43.8267
45.0708
46.4360
45.6866
46.8460
45.9395
43.5247
42.3805
42.3718
46.4935
42.0373
42.7765
41.2404
43.1149
41.0105
43.4202
42.4295
43.3329
42.8823
43.2568
44.4413
44.3717
45.9353
45.5693
46.6827
45.9869
47.4476
46.3643
47.0769
47.8248
47.3792
46.2293
45.1882
48.3520
47.6230
47.3769
47.0529
46.9244
47.2120
49.0956
47.3398
47.3107
42.9322
44.5553
44.8951
43.1859
42.2035
42.7422
43.5804
43.5534
42.1834
43.4959
44.4728
43.5624
43.8735
41.9799
42.8801
41.9024
42.7004
45.5441
41.5510
40.9520
40.8972
40.8575
43.1202
42.2982
41.1181
43.0247
44.1599
46.4574
44.9673
45.0573
45.6683
45.4291
45.2107
42.8448
41.8253
40.9031
41.3687
42.7664
40.0452
41.3675
43.8054
44.4820
43.0889
42.3985
42.2041
41.4466
44.0273
44.7315
45.1801
42.6549
48.7319
48.5596
45.4329
44.3719
45.3310
42.0115
43.0629
40.9192
40.8568
41.7660
39.0597
44.5735
38.8211
38.7573
40.5461
40.6402
41.7779
38.8609
41.0510
40.5944
40.9359
39.2313
39.5468
40.2957
41.5983
42.2819
41.4237
40.7136
40.0446
45.4459
46.9476
44.4687
45.1798
43.9770
41.2174
40.5629
40.8132
39.9376
40.5157
39.1899
40.3946
40.5919
44.5489
42.9147
44.7511
42.6101
43.5906
42.9850
43.6131
44.9344
47.6744
43.2995
40.1327
40.8307
41.6154
44.9783
44.3216
43.3933
46.2990
47.2669
47.4283
48.7865
48.0164
47.7731
44.2394
44.8017
43.4261
49.0717
47.6127
42.3136
42.1326
39.4475
39.8578
43.5742
36.6755
36.8740
40.9278
42.9453
42.4411
40.7691
42.1324
44.1355
44.4210
42.7130
42.8160
41.6948
38.3984
37.5786
39.1024
38.0354
41.2996
41.2885
42.5109
41.9976
42.4762
43.7254
41.2706
44.6045
38.6832
44.6436
46.0651
42.9578
43.7464
41.0347
38.5633
38.3977
39.5233
40.3654
43.1834
40.2704
43.2975
45.5518
44.0026
47.7102
47.6088
48.2689
49.0712
48.2469
44.0377
46.8794
44.6714
47.9174
47.7951
42.2343
39.8269
40.1251
40.1594
41.8006
43.6262
41.8373
42.9140
41.9247
44.2727
42.7325
44.9338
45.7057
43.4767
45.8051
43.7506
43.3423
43.4226
44.3004
45.7737
42.3354
42.7773
42.8076
51.4567
64.2228
56.2394
48.2262
42.5785
42.1942
43.4344
40.3756
43.1063
41.7418
47.1287
47.9077
50.5436
55.9858
50.9650
43.4014
43.8223
41.9349
41.5568
38.4703
40.1432
38.5487
44.3273
46.8842
52.3282
41.3479
49.2747
52.8167
59.7993
65.1009
59.2561
70.1107
69.9494
78.3903
77.0154
71.6403
68.8540
64.4087
65.0482
69.6129
71.8537
73.9060
73.9791
79.1615
73.6429
77.5412
75.8076
73.9919
72.4881
72.6702
65.1098
60.0387
61.3007
71.0356
59.3696
66.7907
55.5376
55.6676
48.1233
45.4853
50.3500
52.2123
48.2966
46.7229
47.6561
46.2619
45.2750
46.5832
47.7947
45.5540
51.4624
53.7045
54.0621
53.4191
57.9826
60.4634
59.6479
60.5815
59.6584
58.9471
61.1151
59.9726
64.9429
66.8239
64.9699
59.2736
61.7525
58.8299
58.5093
55.4383
53.4032
64.5331
66.5112
61.4306
51.6266
59.7852
58.1433
51.7093
64.8616
57.5674
62.5423
62.0941
67.1314
65.5105
62.9970
65.7285
66.1617
64.1830
69.8589
73.0192
59.2660
59.9823
61.8861
68.3920
74.3184
67.6655
64.9443
67.9708
59.2726
63.8257
66.1113
73.5324
73.0714
62.1286
64.1678
67.1431
69.8848
77.4743
64.2242
58.6100
61.6424
59.7274
58.1981
59.5849
54.5275
64.0916
58.2661
60.4780
63.6654
57.1935
60.6071
57.7758
54.3502
58.5476
69.0078
73.2360
66.3334
62.2576
56.6923
58.8390
60.7473
58.2812
65.9020
50.4868
49.1186
52.9050
51.5887
55.3172
49.7240
51.5781
50.7394
48.6592
42.2789
47.7969
51.7109
51.3750
55.9859
57.5822
50.3232
50.2070
56.5391
52.4707
52.6907
54.2096
49.3498
53.3277
54.8444
51.2808
47.8026
47.6827
47.0128
47.3133
45.5471
45.5251
44.6496
43.1135
46.9384
46.3455
45.3916
44.1356
42.8686
46.1101
43.9085
41.4262
43.9140
42.8357
40.6408
42.4106
46.2938
41.1865
40.6442
42.0997
42.4460
44.9769
44.5301
42.3714
41.6747
39.3553
46.1218
48.1442
47.7654
48.3149
50.9658
48.6398
46.3527
48.0591
47.9142
46.0136
48.8520
41.2836
47.1390
43.4907
50.0123
44.5225
46.5179
49.7411
46.3269
46.1751
49.9736
58.2103
55.1691
61.4301
53.9024
60.7845
57.3601
54.2729
57.5672
63.8884
62.8507
56.7326
57.3476
63.2234
62.6987
65.7594
62.9838
70.2863
72.8699
68.0438
71.3501
74.6645
70.8102
68.3457
63.6869
61.8109
56.3712
62.4198
72.0315
64.6820
63.0884
57.8097
61.9394
57.9650
67.5969
60.9891
62.2211
63.5156
63.3709
62.8240
68.5797
67.0924
75.1868
65.5297
69.8643
63.2122
62.1683
66.5033
61.1255
55.8059
58.7888
59.1682
56.2488
55.0559
52.7007
46.9018
49.4686
54.2942
53.1576
56.0002
56.1223
55.1695
54.6870
54.3543
54.0569
55.2128
53.6548
56.2673
56.7605
59.2408
54.3790
57.6068
56.8230
59.5407
61.0594
57.2247
58.1028
59.8224
61.4767
58.6158
64.8218
64.4333
61.6087
65.0327
58.1000
51.1325
50.9748
50.6346
53.7103
49.2303
45.4055
49.5630
53.4682
55.0633
49.3183
53.5307
53.1125
57.1924
53.9821
51.9713
49.1139
49.4749
48.8314
52.7677
47.2551
51.0028
48.6427
48.9092
48.7723
47.8333
46.0617
55.2829
48.4287
53.2022
48.5691
49.8307
43.9096
45.1985
44.2515
43.7915
46.5608
48.5488
46.8138
45.5537
45.0743
46.9223
50.0101
49.8318
53.1107
46.5682
53.2398
52.9826
66.4647
58.4303
61.4871
54.5374
57.5405
62.5694
64.7527
65.7426
67.6148
67.4519
68.2208
75.2995
