0	0.0000
1	5.0505
2	7.2035
3	9.5155
4	11.6454
5	13.6375
6	15.4928
7	17.2314
8	18.8556
9	20.3979
10	21.8742
11	23.2760
12	24.6050
13	25.8812
14	27.1155
15	28.3127
16	29.4617
17	30.5599
18	31.6171
19	32.6391
20	33.6191
21	34.5659
22	35.4775
23	36.3565
24	37.2094
25	38.0329
26	38.8261
27	39.5954
28	40.3418
29	41.0633
30	41.7672
31	42.4463
32	43.1144
33	43.7652
34	44.3957
35	45.0118
36	45.6142
37	46.2009
38	46.7798
39	47.3477
40	47.9101
41	48.4608
42	49.0044
43	49.5422
44	50.0713
45	50.5983
46	51.1224
47	51.6419
48	52.1554
49	52.6676
50	53.1774
51	53.6828
52	54.1818
53	54.6803
54	55.1780
55	55.6739
56	56.1659
57	56.6575
58	57.1500
59	57.6420
60	58.1322
61	58.6229
62	59.1053
63	59.5885
64	60.0646
65	60.5387
66	61.0096
67	61.4732
68	61.9335
69	62.3850
70	62.8356
71	63.2754
72	63.7115
73	64.1458
74	64.5772
75	65.0077
76	65.4295
77	65.8458
78	66.2524
79	66.6586
80	67.0551
81	67.4475
82	67.8340
83	68.2156
84	68.5858
85	68.9507
86	69.3127
87	69.6684
88	70.0269
89	70.3776
90	70.7267
91	71.0714
92	71.4196
93	71.7579
94	72.0960
95	72.4342
96	72.7832
97	73.1353
98	73.4881
99	73.8365
100	74.1889
101	74.5440
102	74.9074
103	75.2705
104	75.6357
105	76.0101
106	76.3914
107	76.7846
108	77.1769
109	77.5716
110	77.9683
111	78.3763
112	78.7884
113	79.2057
114	79.6222
115	80.0410
116	80.4590
117	80.8847
118	81.3096
119	81.7379
120	82.1661
121	82.5926
122	83.0163
123	83.4386
124	83.8573
125	84.2710
126	84.6855
127	85.0907
128	85.4952
129	85.8896
130	86.2827
131	86.6662
132	87.0395
133	87.4010
134	87.7493
135	88.0827
136	88.4255
137	88.7532
138	89.0900
139	89.4080
140	89.7321
141	90.0656
142	90.4145
143	90.7565
144	91.1103
145	91.4695
146	91.8457
147	92.2269
148	92.6134
149	92.9943
150	93.3820
151	93.7632
152	94.1569
153	94.5395
154	94.9174
155	95.3060
156	95.7002
157	96.0935
158	96.4802
159	96.8699
160	97.2523
161	97.6369
162	98.0165
163	98.3828
164	98.7554
165	99.1165
166	99.4677
167	99.8161
168	100.1728
169	100.5227
170	100.8691
171	101.2139
172	101.5479
173	101.8750
174	102.2032
175	102.5303
176	102.8553
177	103.1694
178	103.4777
179	103.7728
180	104.0642
181	104.3432
182	104.6119
183	104.8870
184	105.1500
185	105.4168
186	105.6926
187	105.9662
188	106.2517
189	106.5603
190	106.8810
191	107.2105
192	107.5581
193	107.9205
194	108.2896
195	108.6704
196	109.0486
197	109.4309
198	109.8106
199	110.1833
200	110.5489
201	110.9029
202	111.2594
203	111.6172
204	111.9698
205	112.3217
206	112.6625
207	113.0006
208	113.3267
209	113.6588
210	113.9849
211	114.2932
212	114.5936
213	114.8683
214	115.1286
215	115.3653
216	115.5816
217	115.7844
218	115.9919
219	116.1864
220	116.3749
221	116.5466
222	116.7153
223	116.8696
224	117.0159
225	117.1641
226	117.2804
227	117.3639
228	117.4444
229	117.5093
230	117.5672
231	117.5996
232	117.5769
233	117.6304
234	117.7127
235	117.8653
236	118.0274
237	118.2412
238	118.5560
239	118.8603
240	119.2023
241	119.6520
242	119.9154
