58.0612
49.3263
45.8145
44.8694
41.8384
42.5710
45.5687
57.0686
47.8786
49.7784
46.8792
52.1224
54.2029
46.5453
51.2507
41.4638
60.9791
46.6008
44.5196
51.8995
49.1182
46.0365
47.2167
45.5245
44.6986
47.9809
53.2534
50.0078
47.1018
54.9415
50.9375
53.5083
50.7683
50.7273
52.9939
53.7209
51.3030
51.1320
49.4435
51.2449
45.2273
61.7284
52.3428
40.6385
35.0402
44.5924
38.4111
39.7501
34.5937
37.3915
38.7369
37.9173
32.8955
35.1572
41.9725
39.8790
41.5290
40.8550
43.3848
47.1214
47.2664
53.3017
48.2795
65.1145
68.6171
55.8559
54.4212
53.5131
47.6202
47.1392
48.2905
49.0695
59.7268
58.2890
54.5153
48.6292
57.4617
52.8236
49.9822
51.5828
59.3735
50.3220
47.4378
45.3152
58.2931
56.9463
59.4402
55.3656
57.0629
58.1034
57.3235
60.9518
55.0280
51.0352
53.6720
44.0687
39.8117
47.7295
45.2254
46.4359
51.5384
53.4802
44.6860
49.2380
45.9921
45.5807
42.9338
39.3894
38.4538
39.0115
38.3174
39.0494
37.5334
38.0908
39.0882
43.3489
60.5751
53.4300
48.3305
46.0790
39.9410
43.1459
44.8490
40.1018
41.8942
46.0255
49.5659
44.0657
49.9037
48.1719
47.9268
50.4000
49.0609
45.7555
47.2905
45.1156
46.7491
60.1216
49.7397
49.1342
55.7348
45.5558
54.3202
51.7586
52.5502
52.5813
47.8130
42.3236
37.5120
41.4570
37.5878
37.1758
49.6125
49.8749
48.9880
48.9441
45.3647
36.5856
40.4565
39.1516
38.1130
35.7041
44.3184
49.1638
43.2129
41.3492
39.5000
37.0735
38.5049
38.9302
42.9025
42.8698
42.7766
43.4254
44.1005
45.6395
54.9545
48.7074
36.6270
38.4517
39.0207
39.5845
42.5615
40.8222
47.5392
48.3593
46.4712
42.9885
37.0820
38.8004
38.2782
43.8961
41.5166
42.4376
42.7899
37.7984
40.9497
43.2229
46.4794
44.0269
39.2248
43.0748
42.5797
41.1980
43.7583
41.7174
40.3938
46.2601
45.2276
41.6859
43.8845
43.0502
45.7413
45.4519
45.6265
50.1339
47.3503
44.0555
41.8624
40.3385
40.4601
41.6235
42.8847
40.6076
41.6178
41.2130
39.2128
39.3901
37.0778
39.1714
40.7934
41.6902
44.3532
41.5751
39.3791
38.4157
40.4795
51.2549
46.4433
43.8443
41.7394
46.6736
44.3305
42.9798
43.9967
38.6598
41.8100
41.7228
41.8443
43.9330
38.4399
42.1066
40.5287
45.0759
42.9780
42.0642
43.0038
42.4367
42.6127
42.8407
40.5153
41.2572
43.7989
47.2640
48.1476
49.1533
47.7442
51.2405
53.0039
50.1456
48.9224
54.5517
56.0880
40.1571
40.9715
39.4592
38.9652
37.5436
37.0337
40.5087
48.1755
47.4060
42.0301
49.6335
48.8288
59.5072
59.5626
52.5155
55.8509
57.7334
61.4167
53.6446
53.7368
54.4391
58.3469
57.4955
60.2356
55.3172
52.1293
56.1182
58.1695
48.9592
55.4651
50.9850
51.4982
55.4744
53.6598
48.3235
58.9860
62.1976
56.1645
59.3184
56.0782
53.8917
44.3300
42.3653
42.7780
42.6536
46.5150
50.4253
51.0736
46.3988
45.7061
48.7513
44.8427
53.7735
53.4065
52.3154
42.5518
43.0582
39.2496
41.5549
35.4262
38.2020
35.2642
36.4803
38.2179
38.6175
37.8346
40.3934
39.4872
36.6797
36.9524
39.2678
36.6896
37.4273
36.9126
37.5838
39.9024
39.9494
40.8308
39.4483
36.9556
41.4113
37.7177
45.2832
44.3759
38.4804
41.7716
40.7340
37.0232
34.5759
36.2602
36.4687
40.2167
38.4404
37.2007
37.7823
38.3876
42.8920
37.3735
39.8961
41.7787
41.3763
40.4192
40.6929
40.2409
38.3916
36.9033
36.9107
39.8616
34.0660
35.8655
35.4560
37.2212
35.5664
37.9459
38.1925
38.1816
36.8602
35.1470
35.9886
37.3550
37.9150
39.8727
38.3056
40.4332
38.8405
35.6860
40.6271
41.2661
37.8003
37.6002
39.3801
37.7236
38.9078
41.2799
45.0110
41.5317
41.7207
40.6003
46.9269
46.7148
44.1546
44.0998
49.9825
54.5718
53.4497
45.8104
46.9449
47.3837
52.6272
60.5204
50.7287
50.6724
52.5671
47.9817
54.6883
57.4469
51.3952
46.3973
58.7226
55.2535
63.9947
55.3046
45.7586
62.3640
56.2993
59.7020
62.8366
51.4718
43.3269
39.9843
39.1036
42.9521
39.6292
44.5442
41.0822
51.5986
56.3595
56.9906
52.1336
48.8454
48.0800
56.6685
63.7712
59.9933
53.9185
47.6334
44.8248
46.7327
50.6600
42.8022
58.7113
51.0875
50.6205
50.8378
50.2453
46.9599
43.5138
40.6325
40.8622
36.4938
37.7531
41.3900
42.0617
42.3676
37.2251
36.6192
37.4395
36.8036
38.9546
40.7126
38.5836
42.0084
39.1905
40.2013
37.4778
39.4944
37.2016
33.3224
36.4453
36.0596
35.3471
35.3867
37.4844
40.6983
41.7714
41.7149
38.8339
45.9902
49.6903
52.7428
44.5822
57.0227
49.2724
55.4014
46.7572
45.5426
52.8230
41.7583
51.2127
48.4958
51.6731
55.5842
49.1301
47.3562
50.2378
41.3302
53.2905
53.1892
63.6951
57.9957
58.1815
59.7608
61.0685
62.7184
52.6410
49.6965
46.9780
47.2937
57.8579
50.3510
45.6246
46.9984
58.6059
47.1516
41.6118
42.3319
46.1923
47.6775
44.7121
42.2233
44.4789
48.4603
44.8185
45.4810
45.3529
44.4585
50.9831
52.3133
55.5978
50.9515
52.6511
56.1941
56.1345
55.5188
54.8562
51.8038
48.1628
52.2079
52.0736
50.9603
46.9511
40.0570
46.5277
46.5240
41.4766
38.3599
40.0179
41.1651
39.4077
38.2487
40.6189
45.1194
52.3304
54.8454
56.7114
53.8099
54.4370
52.6623
55.9475
48.7462
45.5919
40.4986
53.0947
46.3596
41.7897
37.6386
40.5381
40.3542
40.8911
43.4268
50.5839
40.5961
44.9404
53.0868
45.1518
39.4426
40.3370
49.8334
41.6966
46.1330
43.6709
42.2688
50.3959
49.2552
48.3650
50.6070
51.3734
54.0895
50.3699
52.7232
47.4513
52.6023
50.0099
52.3736
54.0690
53.5014
46.9459
52.0107
57.5381
53.0487
49.0300
52.1585
59.2237
56.4222
46.0793
48.3904
55.6882
54.2049
53.2549
56.0360
52.6846
48.6305
47.8978
52.3131
52.9176
46.2093
51.6360
54.6397
50.8129
48.6864
50.3804
49.7460
51.2808
48.8681
59.7084
53.9928
59.0204
55.9869
58.5925
48.7880
50.2559
52.4645
50.1572
52.0906
46.1976
45.0741
53.7759
54.0318
46.6174
49.7101
48.6304
47.7144
44.9547
45.2921
45.7074
40.3838
42.1944
41.1988
45.7936
47.0635
44.6772
43.2016
42.0843
46.0232
44.7551
46.2013
47.0316
44.7013
40.0797
46.5790
47.1892
46.8172
49.5438
44.7306
44.4514
44.3837
46.1658
47.1922
44.8693
43.7860
44.7908
46.6072
41.8961
37.5608
39.0835
38.7761
43.1088
42.6796
42.2462
41.3292
41.9359
41.9241
36.5655
40.4108
39.2038
37.6173
37.2656
36.8119
37.1688
37.6938
37.2660
36.9368
41.7777
39.2332
37.7852
37.5679
36.8587
40.3252
38.8893
38.2373
37.0204
37.1206
36.3468
39.1870
39.9525
39.7433
34.0558
35.7095
34.6510
35.7086
34.0484
33.3911
33.4025
31.6964
33.2062
33.8927
33.6549
32.9132
34.1038
34.1503
33.5018
33.5956
32.4988
32.4212
32.4295
32.9167
34.2618
34.0787
35.4264
37.0691
40.4568
36.8709
41.8893
35.0940
34.3131
35.8213
35.8172
36.7916
32.5031
34.4863
33.5707
34.9120
35.1940
33.9337
33.4254
33.2078
32.3032
33.7000
33.3525
34.6697
34.7375
34.9993
32.9496
31.9184
31.2026
31.2809
35.6347
31.7324
34.5496
33.7718
35.4453
37.4860
35.4861
34.9337
35.8577
34.8530
35.9982
36.5687
35.7226
38.1037
34.7295
33.8023
35.7538
37.0003
36.7269
36.3178
36.9092
35.2633
37.6789
37.6582
36.9084
34.7412
35.2925
36.2720
35.5542
34.0471
37.3968
37.5926
38.5527
38.8266
37.9441
37.2689
36.7685
40.0726
37.1370
36.0697
38.7042
37.8259
39.6615
40.9303
43.2175
44.2960
42.0508
41.2699
42.5674
38.1927
40.2894
42.1459
44.3727
45.7803
41.2124
45.3871
42.3022
42.5155
44.4147
40.7505
39.0775
43.8483
38.5525
36.3311
41.2766
37.0118
33.9844
36.3860
35.6922
39.2450
34.9164
36.5137
35.8453
34.8555
38.4936
36.2969
38.8572
39.7967
34.8626
36.7623
37.0737
36.0231
38.6994
39.5115
41.7727
37.7553
37.8188
36.1156
37.0514
37.9278
37.7471
37.1552
33.0275
37.8633
36.8240
37.7606
34.0234
35.8717
34.5599
35.6244
34.2130
35.1182
37.1266
36.5790
35.7620
36.3799
37.0107
37.5630
36.0548
38.5988
38.5654
39.7715
39.2364
37.3127
35.2007
38.4072
37.7337
55.8102
57.9526
48.2255
57.6082
50.0030
50.9621
50.3347
49.0471
48.4000
52.6051
53.2054
49.2741
48.0212
49.9496
53.0301
48.1272
48.5336
43.0126
43.3368
49.1292
50.6486
51.4600
43.0598
43.8167
44.5257
45.6727
51.1881
53.4793
50.8808
49.8766
46.6031
52.2818
52.7502
47.4978
43.8245
42.0737
41.7655
43.5107
42.5200
46.4464
41.8747
44.4928
41.2491
39.3694
38.1924
49.1749
45.0420
47.3556
44.6339
44.9143
50.7528
46.1924
50.1323
53.2764
45.8932
46.8813
46.4189
43.0841
52.5757
56.3701
57.8801
61.4798
50.1701
53.9733
51.0456
57.9319
53.2642
50.5300
47.2984
36.4386
39.6235
48.8274
52.4291
53.0239
53.5373
52.6765
45.9730
42.9069
41.9581
53.9558
57.0577
53.7778
50.0643
57.9352
54.6003
47.2806
57.7645
54.4832
50.6150
61.1079
54.8207
49.7349
58.3984
62.9912
56.8954
55.6589
53.1956
40.9804
40.0885
43.7360
43.6833
41.8080
46.7090
39.3919
52.5693
49.5517
53.2983
48.3081
44.4633
42.9586
37.1186
48.1011
49.6509
48.0167
43.9924
50.6692
47.2274
47.3576
53.0054
51.3719
52.0725
53.1989
49.6987
46.4723
43.1767
41.3550
49.2681
52.8291
59.3928
51.4930
56.2906
54.7991
60.0825
57.3686
63.4761
46.1799
55.8194
54.0748
59.7092
54.1006
49.9596
52.5075
48.3311
49.5606
47.6304
43.7280
39.8729
38.4125
43.6851
44.5696
46.8876
41.8314
45.0713
40.3992
45.0078
44.0368
39.5426
41.4730
40.2516
38.3896
41.4377
41.7684
47.7910
45.6108
44.7953
44.0786
43.0942
39.7965
54.7968
44.9480
46.4494
47.0260
45.6570
41.7853
40.3297
44.4919
49.4071
44.6748
46.4315
54.5347
51.6425
48.6638
45.4034
46.4671
50.4151
50.2296
36.1320
40.6064
41.0492
40.0431
45.5396
42.9857
43.3884
42.2959
38.2403
49.3389
46.2632
50.0784
53.3969
46.8290
52.2272
47.4794
46.1383
51.7830
51.7814
50.2379
44.7807
52.0906
43.6420
43.6905
45.8043
37.5432
43.2344
44.2630
44.3099
48.3175
49.9936
48.8392
47.8417
53.5485
54.8008
47.6593
48.5401
56.3704
61.8065
54.2965
50.5396
48.4478
51.2023
50.4512
47.4107
44.9389
47.3084
39.1876
39.8132
37.0802
34.3596
42.0541
45.7301
46.9892
48.9056
45.7833
44.5994
44.0811
47.1390
51.3066
58.8155
58.8650
57.9766
63.5393
66.9071
44.3929
43.4165
45.6500
44.4599
48.8687
51.4869
47.8937
48.3434
53.2774
55.0549
64.8433
53.5260
52.7640
58.1021
57.5203
50.0857
53.6248
48.0846
40.8552
46.3166
45.9473
44.1872
41.1798
48.1209
55.0988
47.0939
58.6292
47.6351
47.2436
41.9123
40.3197
42.7982
38.8014
41.5252
36.8352
34.9622
42.7370
43.5274
43.7726
47.4834
51.1277
46.9431
48.6021
47.0286
45.8111
45.3539
43.3188
42.0915
43.9188
40.0477
39.3027
46.4766
48.2336
44.2555
38.0696
50.3076
48.7265
48.9898
52.0717
48.0204
45.9899
45.7047
50.8361
48.6099
54.8588
55.3444
48.0882
54.6013
54.2956
51.4459
52.8288
52.7228
54.5586
54.7684
46.9513
52.6377
54.4792
48.4446
46.8344
47.5862
48.7942
43.1204
41.5077
47.1838
45.5854
42.6800
43.6710
43.3054
48.1628
57.6930
43.4810
38.0556
48.0885
52.2087
51.3485
50.8394
53.4325
53.6119
56.2052
58.1391
56.7480
59.3606
49.1729
52.9077
44.3282
42.4993
37.7555
50.0224
49.7003
46.3851
44.4246
44.4546
54.5414
53.1719
55.8996
45.0869
46.4015
46.0514
43.3405
48.7007
49.1584
40.2749
37.4605
39.6188
40.1023
39.1964
38.6513
38.5321
41.5228
43.7452
42.5836
39.4364
41.0603
47.0527
47.3408
37.0654
45.4542
38.5226
36.7539
53.5229
56.4062
49.5602
45.1565
48.9097
37.2800
39.1714
46.3498
43.8805
45.6158
40.9738
43.8750
46.6148
45.8137
53.7148
44.7435
46.3863
45.5162
46.8144
47.3928
65.4630
55.7006
54.6541
43.9765
43.0301
50.8478
54.5441
51.4128
58.7804
53.3418
56.9843
52.1933
52.2390
52.4431
50.8366
53.7812
48.6423
50.8178
59.1010
61.8012
63.4583
69.0858
60.9499
58.3453
60.8475
53.0893
54.3640
53.0367
47.8886
45.2774
43.1541
49.8855
51.6398
45.9196
45.0129
38.1166
40.1943
38.7861
38.7164
42.7302
43.8487
32.8527
34.9286
38.9514
38.9179
37.2158
40.8932
41.0390
39.5223
40.8633
42.8982
38.9168
37.1681
39.1192
36.7958
43.2012
42.1721
37.7213
40.8725
37.6728
42.0167
41.6847
45.5315
50.1892
45.1480
38.8780
37.5324
34.8275
40.1953
36.5229
32.2368
31.8928
38.7536
42.9224
44.1068
42.4422
41.6668
45.1043
44.5220
49.6359
48.5954
49.8022
48.0269
58.2985
45.3377
57.3857
57.5572
58.3995
51.9572
49.1820
46.1568
50.9528
51.6629
48.2692
45.1616
46.4865
47.0449
40.7596
50.8773
40.9874
46.5007
50.1185
45.4220
48.1974
46.3275
42.0943
42.1580
45.2546
46.7330
45.1831
48.8880
40.9178
39.9891
45.2825
39.2632
44.5450
37.2167
47.9798
46.3690
41.5534
47.5207
39.4958
36.0644
34.6298
34.6861
35.0794
33.6195
35.2258
35.7994
34.8796
33.8643
36.4191
36.5688
39.8723
37.9843
38.4970
39.9923
43.0704
40.0628
37.3522
35.2816
40.0882
37.6552
35.3314
39.3793
37.0583
39.2202
40.7825
43.2183
37.8470
41.8835
40.3532
40.5690
39.8696
40.4149
38.2526
39.6761
40.7163
41.3157
41.1551
39.7080
39.1489
37.6348
40.3418
36.4967
37.8049
38.0274
44.9194
40.5501
40.8168
42.6833
51.0695
43.7986
42.4410
40.1148
37.3705
41.8691
42.9573
46.2454
45.8781
47.8071
46.9562
47.3348
39.3077
37.2560
39.2869
44.3933
42.8034
41.9095
44.8544
50.6254
40.8986
44.0931
45.1970
42.8928
47.1743
46.1139
44.2646
48.4215
44.9215
42.7989
40.0256
41.0841
43.4675
34.9468
48.2363
48.7013
55.3850
58.6196
58.4201
57.7308
50.5128
43.2551
52.7569
55.5019
47.0904
45.6482
56.0560
41.6749
46.2463
46.7165
41.3188
45.5854
46.0048
43.8739
49.5839
48.3801
49.0869
51.3585
50.9269
55.9785
51.4034
47.1369
50.3541
55.9096
54.2415
52.6711
54.5608
46.2899
45.8239
45.9692
52.3648
52.9076
47.4065
46.4553
44.8324
51.5639
52.6592
52.8293
47.1662
49.8035
45.6227
53.5532
59.1266
51.5048
50.0161
50.1809
52.6710
46.2916
45.2726
53.2231
55.2731
50.7308
47.2785
42.1986
52.6989
50.9092
53.7381
44.7350
55.1009
51.5064
56.4956
57.6910
59.1463
45.3065
43.2946
38.5979
41.6242
36.0228
41.1667
51.4145
59.8060
54.3431
41.8340
43.2432
35.0910
45.0813
42.9643
49.3011
42.4589
45.0023
45.6243
54.2982
58.8201
62.6142
40.9574
45.1098
40.4248
49.8857
44.3332
48.4454
51.3796
46.5906
45.8486
48.3404
49.9850
49.3649
57.4699
47.9305
50.3058
46.8751
52.2057
46.8404
39.3326
42.0419
39.6180
35.9640
37.3343
40.0977
37.3287
38.2586
46.2167
40.0747
46.5314
45.5445
55.5622
48.2414
36.3266
44.9125
43.3130
40.5230
41.2781
37.9822
44.1936
42.6752
42.9066
54.2571
48.8427
42.9531
41.4206
45.8123
43.5935
40.3631
44.6779
46.9928
42.1362
51.1347
39.3504
44.3245
44.3440
42.6886
44.3946
39.8738
37.3083
42.5455
45.4861
48.1847
42.4333
54.6955
51.2607
54.1227
59.4592
53.1025
47.6029
48.6241
50.5521
52.0753
59.8727
55.1306
53.6557
56.4585
60.1582
55.2330
50.0505
50.3374
53.9149
51.1831
49.5477
47.9736
54.6161
52.0969
57.4972
49.7783
39.8130
47.4793
53.8507
44.7496
56.5431
50.8009
57.7967
46.2995
55.0640
59.9970
55.9335
59.6401
59.8624
62.6038
61.4478
52.9039
46.5653
48.0160
54.2749
52.3882
44.4760
47.8389
41.3167
42.3551
52.7250
44.4780
44.1248
45.4529
45.3018
44.8622
44.3810
44.4573
44.1835
43.2269
42.7723
38.2815
41.8658
42.5318
43.2501
64.0371
65.4765
71.7990
57.5450
67.9184
73.0001
66.8407
39.6376
38.7178
39.1061
41.3165
43.7663
41.0124
44.8042
46.7524
39.9642
44.1726
38.2223
38.7137
41.6271
45.4813
43.2571
46.0413
41.8748
49.4595
52.7443
45.6993
43.5300
49.6082
47.2375
50.3287
46.9938
58.6046
45.3085
52.7667
59.6266
53.8400
51.7336
47.0401
51.2480
53.4435
65.1415
58.1964
54.3646
55.2786
55.3348
51.5695
50.1591
50.7942
53.6608
47.2213
45.5466
55.8676
49.9145
47.2592
47.9227
49.2691
47.9532
43.2048
41.5251
45.0507
49.2036
48.0624
46.6716
48.8225
53.9088
55.9350
38.8857
38.7459
36.6195
37.4221
38.4383
37.6660
42.0812
43.7871
49.8850
61.9581
60.8231
60.9808
62.3721
58.7119
52.8555
50.8827
52.5089
50.0349
42.7973
46.8199
45.5201
43.1407
49.6095
52.2351
48.1804
47.6806
42.0144
38.6531
40.6456
39.7342
41.8884
39.2499
43.1582
42.4475
41.9876
44.0709
43.9354
44.0344
46.0405
45.8857
44.3163
53.2751
64.9066
57.9692
50.0625
44.6442
61.9399
56.3055
52.6563
50.4674
53.5898
52.3075
53.2207
53.2772
53.9013
54.4055
54.1375
53.3636
45.8919
53.5414
49.6295
48.9417
53.4564
45.4457
42.3532
47.7578
46.7992
47.5320
46.5843
40.9546
46.7727
50.1682
59.2337
54.2557
54.5537
47.6743
52.2197
53.5458
51.9545
48.7915
45.6138
53.3469
48.5953
42.5202
38.6092
41.3318
38.5589
46.1876
41.7713
43.6574
35.9769
36.8688
36.3732
36.2108
43.7377
43.1782
41.5137
40.0702
44.3322
37.8732
39.4529
39.7573
38.2467
42.0682
43.6798
48.3062
43.8062
41.9466
43.6884
42.5355
41.5456
36.4366
39.6418
36.7646
43.0113
44.0305
41.0192
42.2725
41.9216
40.9718
46.6870
46.4483
51.8568
48.7305
45.1260
42.3148
40.5864
53.0809
56.7530
57.1769
52.0538
48.5535
48.5284
47.4671
45.8304
46.3644
51.0047
54.7167
50.2368
45.1030
48.9875
52.0160
45.4487
50.2682
51.3690
48.9533
50.3349
49.7219
55.4219
58.7109
53.4513
51.4608
44.6636
43.9559
51.1570
53.9151
54.5740
55.8780
49.1248
65.4319
62.3352
44.4104
65.7443
54.4051
68.9541
57.7627
53.5926
45.9243
43.7084
42.3842
47.6913
48.2750
40.8957
40.5945
43.3834
54.0279
47.1142
46.0882
44.9483
39.5693
46.4430
43.3106
43.8433
40.2999
46.2220
41.2379
53.2742
58.1178
57.6589
56.7503
50.4977
49.0602
43.7753
45.4623
49.4176
49.7480
49.1331
44.4150
48.1984
45.0326
47.5232
46.5609
48.6888
47.4025
50.3162
50.5523
51.2914
56.1854
54.9887
48.4506
45.5329
48.4403
50.9615
52.6475
46.0194
56.3965
62.7971
65.9851
61.3139
54.7711
50.4481
59.2312
67.8276
65.5653
48.0685
49.1596
49.0022
52.0789
49.9295
53.5050
51.8806
45.0825
51.1980
50.9015
52.6817
59.9551
72.4380
67.3190
66.6440
60.9595
60.0446
65.4873
63.1806
53.2589
61.5523
57.8760
56.2567
59.9527
50.8666
45.7194
42.4886
43.9930
41.8872
44.5478
45.4288
49.9228
50.8949
44.9438
49.6466
47.1316
42.6252
45.9002
36.1709
38.1937
45.7258
39.1288
41.0838
39.0587
38.9220
38.7877
39.2568
37.6943
42.6139
39.8934
40.0380
38.3126
37.4006
41.3689
39.3124
39.4428
41.3928
41.2811
41.9718
42.7057
41.0892
38.4898
39.3980
37.7012
37.8771
37.2611
37.4056
37.2060
40.0812
40.0781
42.4794
51.5117
41.6915
41.8901
42.8273
52.8541
46.7172
54.9750
50.6294
56.3615
59.3834
55.5069
67.6314
62.0448
57.1880
46.9467
56.7771
62.8796
52.5723
62.1165
50.4742
48.8948
60.9260
49.7459
54.6936
50.0296
48.6839
48.2196
44.0684
39.6327
42.9457
41.4688
41.7239
37.6615
38.6715
39.4255
41.1213
41.2926
43.5478
43.8413
43.8234
48.6070
56.1591
60.9780
54.5545
42.0056
41.7869
40.5517
49.4670
49.0591
51.6738
45.7261
41.2574
39.7684
44.8664
50.4238
47.4530
50.9811
54.3979
57.9065
57.0731
45.7171
49.9979
53.1017
50.1325
47.8094
51.3181
59.7373
56.5393
54.1412
52.5336
71.2346
70.9585
79.0877
71.9622
75.6815
70.1265
67.0297
57.6713
50.2358
62.3075
84.0142
58.4977
56.0782
50.6766
54.0987
47.3173
41.7488
43.7199
43.5038
46.8581
45.5546
50.6841
47.3837
61.0224
58.5358
52.1027
51.4883
52.8768
50.5447
52.6581
52.2046
51.3830
56.8920
49.9924
51.4616
47.8462
54.7667
53.1749
53.0282
50.8343
50.7915
48.5362
55.3609
54.3850
49.9770
55.7666
58.1181
43.6082
59.6421
53.2061
43.4359
53.5843
60.4962
49.9962
44.5293
43.3528
45.6682
47.4599
49.0935
50.2843
45.1800
45.5019
46.5030
52.5197
54.8800
45.9737
50.2089
44.1707
43.8377
45.9428
47.1831
49.8830
48.0564
39.4582
46.3124
49.3637
50.0527
55.4680
55.3147
53.5849
53.2906
44.5862
48.0387
49.3690
52.4927
49.2675
53.4791
54.1754
45.3192
53.8777
55.5349
65.9375
58.1541
64.8602
60.6758
66.9921
66.7062
64.3526
58.5436
64.7209
64.5997
68.4965
66.2419
79.5919
66.1777
62.9007
61.5307
60.2550
66.9964
54.4385
63.4118
61.9244
60.5081
59.6341
54.8781
57.8219
58.0902
57.0164
63.6116
60.3258
63.3133
64.8785
64.3023
61.6736
63.7818
63.6238
62.2509
59.9723
64.2026
60.3628
58.5403
60.7273
62.0357
59.0271
55.2080
48.9474
44.5126
43.4020
47.5288
45.2460
66.8281
58.8914
53.1489
50.9063
56.5736
44.1631
55.5869
52.5154
60.4550
62.0848
67.8730
72.5628
58.9041
45.1185
47.3757
51.8603
54.3960
51.7664
43.5283
52.8520
48.2079
48.5457
48.4777
48.9824
49.6975
50.9422
48.2507
58.7826
60.1530
60.9161
53.8672
50.7889
48.1926
56.3793
53.7601
55.3647
61.3956
46.3420
45.2514
55.6486
61.0214
57.5229
53.7220
56.0999
53.8717
58.8227
60.6259
45.7640
50.7688
48.7927
50.9415
46.5604
60.0012
62.0046
60.9996
73.4651
67.2388
65.8710
71.3255
51.2374
51.9603
44.6509
45.4736
39.5641
38.2693
43.7466
45.4552
42.4600
40.7723
39.6306
40.9089
50.3804
39.5135
43.0880
52.8022
54.5986
62.8639
49.2734
48.2717
53.7783
46.9758
42.7957
36.1419
43.8708
42.8801
47.9785
51.6291
43.9295
53.3544
58.6668
44.6167
56.1488
51.5804
55.3087
60.4817
49.2393
55.4936
62.1496
57.3472
55.3704
54.0744
54.9063
50.5922
50.0262
53.3561
53.4922
54.4950
50.9224
51.2962
55.1324
49.1687
50.8773
61.8118
56.4299
52.0517
47.4634
50.0522
49.8347
50.2896
53.0319
49.5545
51.9636
54.8452
52.4256
57.5446
52.4971
51.8364
53.5901
54.1257
42.8697
40.1569
40.7816
42.8095
41.2311
50.1188
50.5584
49.2418
47.2402
55.0284
50.4427
49.5701
48.9259
47.3911
42.7073
49.8285
45.5361
41.4594
43.9126
48.4432
48.5824
56.2313
52.8724
53.4172
54.3673
52.1761
47.5960
46.3236
49.0293
53.8234
57.8156
43.9925
50.1043
48.0227
43.0409
42.4452
42.1565
40.6510
41.9079
46.6475
50.7238
45.3394
44.3522
41.8351
39.6203
42.2527
42.1026
39.4834
40.1305
40.8575
37.9825
37.6286
36.5490
39.2083
41.0147
46.2016
49.8563
43.9840
41.5486
42.5075
44.1413
48.1440
44.0713
41.8624
40.6661
42.5680
43.7621
49.7056
48.5673
45.2355
48.5247
49.1695
46.7054
64.1174
53.2350
56.0875
44.4718
64.4421
51.6922
51.1881
58.6567
49.8752
60.6544
57.4487
48.7765
41.4329
49.9799
53.3892
53.9276
51.2467
54.0368
53.6818
49.0072
53.2187
54.0314
55.8694
53.8054
42.4896
47.8341
53.4116
48.5758
46.5144
44.9459
47.7597
44.3402
41.2261
44.2179
36.4624
38.3881
35.3332
37.4093
38.6929
35.4838
40.8830
40.7027
52.9680
51.1971
50.6030
54.3825
53.2159
60.2528
48.1335
49.0540
51.1798
54.1923
53.3785
49.0029
52.4799
51.2497
45.0183
45.5213
48.7448
47.3303
41.4546
46.0786
44.1860
40.9448
47.9839
41.9345
38.5737
46.3894
43.4897
44.7921
52.8681
49.8500
50.9978
57.2700
48.6609
46.4670
41.8914
45.1185
46.8072
45.3863
54.4779
53.8760
47.7399
50.0435
50.2718
68.1246
62.0653
43.0788
58.0752
46.2795
52.2972
56.6488
52.9236
53.9293
51.7274
45.8473
45.8310
39.2520
35.7092
35.3778
36.6267
37.4186
39.3997
37.4453
36.8684
38.7680
36.7034
43.2667
46.5656
41.3389
38.7194
35.8957
41.3356
37.9127
42.3857
36.7828
41.1069
43.4062
51.1773
42.4395
41.5713
43.3125
41.0494
38.5228
40.9069
40.2565
46.5863
50.7137
45.2508
47.1025
44.9291
46.2303
41.5738
52.8654
41.2137
38.5230
43.5134
40.9485
40.3761
44.3914
49.6887
53.2356
42.9824
47.0019
51.9919
38.1250
47.6954
48.6122
58.5794
63.6843
65.6905
57.8369
65.8145
66.7955
56.9141
62.2924
57.3708
51.1270
54.0099
62.2404
58.7801
58.7084
57.4180
58.4397
60.1552
59.3560
53.9338
55.9343
46.2408
45.0640
43.1395
40.8941
42.7127
43.1358
47.5461
42.5411
43.0036
41.1961
42.7117
40.3016
41.2243
47.5464
47.2360
43.9105
41.5133
52.4848
45.9305
39.6112
40.3464
38.7499
38.8733
41.1568
38.1682
44.9743
42.8201
42.1643
54.6427
55.6623
50.0954
52.4903
50.6751
49.5744
47.7751
45.7571
47.4431
53.6616
49.5526
43.0721
44.2188
40.2447
48.3793
61.4729
56.4438
60.7129
51.7925
51.0140
50.8541
54.3283
51.2072
47.2768
53.5849
53.9221
48.7225
48.6771
55.3100
50.3335
46.8789
46.4878
44.3598
48.2120
40.1453
44.5038
46.3965
46.3987
44.3523
46.1630
47.4226
54.7711
62.4572
52.8315
51.3078
53.4263
55.0342
52.0452
63.9761
58.4624
54.8421
54.2020
56.2755
59.7756
56.7838
51.8095
63.4634
67.2494
70.5573
68.1904
68.3340
73.4225
62.4378
52.1981
55.7982
41.1253
46.6015
56.5157
55.7423
58.0851
56.0449
47.2619
44.4091
50.9832
45.3157
58.5680
58.0826
50.9799
50.1959
55.0760
47.2969
47.6370
43.4029
46.7511
49.8145
50.8188
56.6187
52.8722
54.8691
54.6902
47.6057
45.9060
51.9154
54.5854
59.4135
64.4038
51.3833
48.7336
51.5003
51.8195
42.3419
47.7731
56.0355
53.4185
45.1753
39.8869
45.4987
48.4814
43.9460
42.0015
46.2957
42.6840
39.6303
42.5166
44.9121
48.6947
44.4820
46.8520
49.1406
47.8343
46.6616
47.7201
45.1648
54.8673
46.6187
45.8167
49.8499
55.1794
57.3338
48.2221
45.1683
48.5550
41.9070
44.0804
53.2046
55.4267
59.0197
51.2073
46.0733
36.0476
41.2259
39.3014
43.4834
38.0396
40.2392
46.3431
40.7948
45.7205
42.7377
47.8580
51.7294
46.4234
45.6152
43.6378
48.6096
47.6476
50.4153
50.8706
56.1358
49.3428
58.7010
56.3320
53.7711
45.9315
44.2179
37.5056
36.6460
35.6242
36.5693
38.7797
38.2448
38.2575
35.1425
38.1652
39.6785
39.4423
34.2805
36.3783
35.0330
38.0149
42.5460
43.7566
46.6649
42.6862
41.0850
41.3354
38.4778
36.5269
39.4603
38.4881
41.1020
38.6875
43.1302
42.9440
47.5865
43.2112
43.3417
42.3779
39.4035
44.7093
43.3265
44.5739
47.0149
41.5714
39.6686
39.2564
45.5098
41.8186
41.3995
40.1901
38.4634
56.9339
62.3052
58.8291
45.9010
54.5842
66.7938
56.7940
57.2851
53.0611
49.6935
44.3006
43.0587
44.7717
52.6347
48.4902
50.3124
51.3778
47.3488
50.9573
52.4123
47.0498
50.5651
49.8903
49.0909
42.9954
45.1689
45.4681
37.7886
39.0418
39.9935
40.9675
42.1749
45.2567
46.1050
58.7678
56.9599
46.5285
41.5185
47.9758
49.2888
41.8976
37.3659
39.4582
45.5217
44.8354
45.9615
50.7749
49.7385
52.2761
54.9488
49.1175
38.6546
41.2682
36.8300
40.2369
40.2988
36.1472
41.3241
42.4482
41.9811
47.3159
48.9741
56.0846
40.4167
38.4842
39.3974
46.5815
41.5316
52.3674
51.7459
59.0446
48.3988
55.0817
58.0283
60.7068
66.5250
56.3445
64.6151
54.1024
48.4227
51.6092
51.6950
44.1158
59.9300
44.1153
59.7060
48.4786
47.0664
58.0043
58.7475
55.1052
64.4772
58.7646
61.8198
46.7376
59.7324
51.2223
63.4517
64.6691
60.6684
56.0699
57.0136
42.9507
48.9573
50.0387
47.6766
41.8676
44.6054
42.6463
43.0495
38.2185
39.1670
40.7619
47.8102
43.3407
47.8984
54.4810
57.6826
61.4786
66.7771
49.3873
53.2947
53.6803
46.2070
56.4166
62.4932
53.3699
62.9909
59.3056
45.2566
47.6097
40.2494
44.4117
43.6915
42.3350
40.7487
44.6850
43.7608
46.0644
49.9603
45.7245
44.2566
43.7244
47.0165
45.7892
45.6992
45.2291
41.9720
43.3769
46.3437
48.5836
47.4915
51.0880
46.6166
48.0698
44.3419
42.2557
47.1109
44.5481
46.4695
49.2509
40.3385
42.0600
40.9648
41.5941
40.3940
39.4324
41.2421
37.4605
39.8087
40.2683
37.5487
38.9149
39.5707
46.6665
46.1511
38.1009
38.3636
41.2236
39.4492
40.8098
44.8483
42.0825
40.1627
39.6904
41.3858
38.7519
38.3443
38.4388
39.0728
39.4647
38.9597
39.2299
38.9589
37.3212
37.7968
34.7466
34.3904
36.4097
40.7718
39.2860
39.8161
44.6896
44.8768
44.1360
45.6548
42.2015
44.0315
45.4783
40.3171
40.5330
39.1260
37.4350
38.4525
39.6558
39.9467
37.8928
37.8798
41.2496
40.9802
40.1162
42.3089
39.2602
42.7874
40.0116
37.9388
38.1985
39.1977
42.3560
39.9084
39.6658
38.1565
38.5924
40.4243
40.1004
39.8862
43.2832
44.5539
42.9148
39.8749
37.3244
40.9058
41.2542
38.2532
36.0744
38.8467
35.0228
37.6270
39.0810
36.0291
40.6564
37.0855
37.8601
39.1024
42.5214
39.8156
35.1106
38.3550
36.3891
38.4826
37.5165
37.7705
37.1013
37.5331
35.6379
34.5500
34.4318
32.8778
36.1365
37.0791
36.4239
38.0458
36.9570
35.2087
39.3354
39.1530
39.7470
39.9176
45.8971
50.0331
39.3666
44.4487
46.7240
44.2884
48.2517
46.6935
46.4257
45.1154
48.9631
48.4933
43.8883
45.9515
44.2213
46.4590
48.9446
42.5559
39.8645
44.1673
43.4624
42.5562
46.0458
41.4641
42.8383
44.5400
46.4961
49.3431
43.0051
39.9901
40.3180
41.9263
41.3996
38.8570
39.5256
43.1852
47.6187
44.3265
40.6494
40.3383
40.3131
37.3325
36.1301
38.9649
37.9211
36.7182
35.7329
35.3674
34.1505
34.3953
34.4943
38.8936
38.7190
38.8023
36.6813
40.4039
39.5420
39.1386
37.7358
34.5996
33.9408
36.1612
37.2788
37.5954
38.4395
40.8323
40.0792
39.7831
36.4074
38.6591
38.6987
35.3733
37.3980
36.5467
39.0664
40.7419
41.4777
42.6589
39.0574
41.0567
39.6982
42.6718
39.5337
38.6492
37.6046
38.7966
40.7575
39.5027
42.2927
40.2880
39.5162
38.0911
36.3350
35.7956
36.3712
35.8304
45.0326
48.4517
39.1302
52.8158
52.4576
49.3861
41.9999
48.1063
40.6481
46.4164
46.6534
49.5462
52.4554
56.6383
56.0652
55.8040
52.8454
47.0768
40.6280
39.9152
40.7690
38.4780
38.1360
37.2456
42.0583
50.0077
48.5359
46.6281
48.4919
52.1808
49.2959
44.6440
42.8660
40.5823
45.2063
49.7180
44.8418
48.2893
40.5125
45.2004
43.6990
37.4357
50.6038
43.9735
44.0814
40.9884
39.1996
34.7848
39.7843
40.9476
44.5691
44.9842
43.1306
44.3993
45.0119
41.6213
38.5690
42.6857
37.3281
35.6804
40.5893
42.1224
43.9482
39.9944
41.3744
39.5382
47.9465
49.2800
57.5116
47.2392
44.1343
52.5691
58.8838
58.2102
41.1101
46.9240
43.8461
44.5840
53.2068
51.7804
59.9600
54.3641
52.8582
47.2868
59.9151
52.0464
52.7673
53.2344
51.9446
52.1358
49.8089
48.7098
49.6075
54.7584
54.7452
49.7405
45.1876
56.1678
48.8400
58.6211
46.4995
50.3120
55.7125
57.6138
60.2623
58.4027
52.4603
51.6288
50.2624
43.5454
45.5915
45.5796
41.0184
41.7012
52.8528
54.4704
63.0737
59.6590
44.4030
48.7318
41.8000
44.4740
46.3945
47.8136
56.8051
60.6559
52.5759
57.0565
68.7046
56.6053
52.8962
48.8660
54.2282
55.9606
51.6274
51.1960
52.2816
60.1171
59.7587
52.1656
54.3130
52.1004
54.5286
62.7526
59.8654
54.9573
56.9529
54.7978
57.0631
55.6805
54.7097
45.8932
48.7494
53.8590
52.6113
52.0883
57.5771
47.1216
49.7894
48.4697
49.9499
54.2475
50.8715
44.3502
40.1579
47.0641
48.8118
46.9632
45.3060
41.3359
43.2172
38.7257
42.6127
46.9980
45.3372
40.7939
43.1429
45.2734
45.8053
42.1605
39.6623
43.1187
43.5574
46.7879
49.9731
43.2127
43.2830
48.4094
46.4106
43.0117
38.1766
43.6788
47.3996
41.5423
43.8925
34.9685
38.1799
39.1272
41.1754
43.5933
48.6221
42.3307
48.0176
41.4801
40.2264
44.4067
47.7661
48.5401
50.2389
48.8141
51.9504
51.0552
48.3482
47.8382
41.6794
38.0046
40.2648
40.5212
35.5138
34.6224
35.3159
37.4172
38.0792
37.3505
37.1752
36.2319
38.2170
37.2212
37.7635
36.7847
38.0252
38.0548
41.5310
41.0231
38.7912
43.2975
38.9973
39.5691
38.6979
38.5935
41.2108
46.8510
47.5830
56.1429
47.8158
42.6777
44.0915
66.8500
58.8210
61.0829
48.6686
53.4021
44.3688
48.8961
57.5968
38.2753
55.3379
50.5013
45.4673
57.0736
56.8709
43.8277
47.8500
49.0993
55.9639
47.9440
47.1972
47.3637
42.8662
40.2512
41.0418
42.9294
51.4926
65.9025
64.5952
64.4434
56.9799
49.8577
53.0881
53.6826
57.7008
52.6626
52.4078
53.7760
50.3171
58.7296
62.2856
46.7670
56.4634
52.1450
48.3862
53.0762
45.9039
45.2441
43.2642
43.9842
45.9937
44.6570
46.2591
45.3734
46.9017
50.0682
53.2171
45.6788
43.6424
47.2701
45.5552
47.5852
43.7927
45.8315
47.1128
50.1890
50.8502
49.7944
52.4819
57.7546
52.1413
52.5888
70.9470
66.9014
55.5650
54.0696
55.4257
48.6581
51.7143
52.3648
53.3773
50.4949
50.8787
58.2251
60.8640
47.4426
55.7392
63.7955
64.7014
56.7035
58.1146
61.7111
49.5645
45.8950
52.2566
51.5039
54.7521
55.3423
54.6514
54.6143
53.8598
47.8979
45.1500
43.7391
43.9995
52.7645
56.8817
53.1305
43.3840
45.1210
42.1476
44.5203
41.7342
42.9956
41.1360
41.3408
37.0274
36.5953
40.8887
43.2200
43.2697
45.3373
50.8576
46.7790
45.4673
43.7649
38.2833
38.6275
43.3883
40.2094
37.0115
37.6423
37.9335
36.3647
38.5507
40.8535
39.5399
40.5888
38.8923
35.3813
35.6973
37.0513
38.5955
39.1299
41.8238
40.4529
40.2493
40.1358
48.1705
52.6850
46.3204
52.1168
54.8524
71.4552
55.4425
47.9448
53.9943
46.6244
52.9712
53.7671
45.1190
47.1726
40.0389
40.3757
43.5988
47.9400
49.5095
55.0015
57.2070
48.0019
48.9850
47.1553
49.9081
45.1319
55.2594
49.7562
55.5927
56.7400
57.4459
55.3256
55.5381
52.5744
58.9088
42.5714
40.5068
42.8010
51.7636
67.0192
55.7801
50.1837
43.1527
46.7202
46.2194
40.6477
44.5980
54.4094
58.2660
56.4166
56.6299
60.8039
56.4581
63.9367
46.3050
53.6534
50.7073
44.4764
45.5031
48.9927
39.7132
43.2701
46.1381
48.3032
41.8271
52.3584
44.7630
49.6679
57.8998
61.7903
61.4624
65.9398
66.7449
63.6080
58.8177
63.0918
53.4238
54.5252
54.5970
54.2563
57.9631
49.6204
41.7268
41.4026
48.3405
37.6703
38.0939
36.9517
36.1008
40.1062
39.6938
36.0415
35.1777
35.3787
34.9610
38.2627
40.6510
39.8641
42.9100
42.7829
43.3122
40.2110
43.2021
48.8003
46.5824
52.8883
52.3448
47.4633
54.6225
56.6046
54.3676
48.2345
47.1453
49.3890
49.2767
45.8270
45.0646
49.6130
50.4679
51.7972
53.2012
54.5160
52.4184
50.1360
51.0029
48.3543
52.2028
53.0662
51.6663
59.3571
56.2245
54.6805
57.8935
64.0114
60.9675
62.3587
64.0560
58.0681
56.5214
53.8985
52.9824
52.6999
47.0874
47.4974
53.3748
49.6387
45.0111
57.9527
58.4270
54.7628
53.1688
57.6740
59.1489
43.6874
55.3992
68.4696
52.8401
54.6413
62.0997
57.8667
46.9614
49.4251
49.5910
43.4955
44.5868
51.4135
52.2111
53.4144
53.5932
53.8570
51.3236
49.2701
51.6870
54.8112
54.5903
59.9434
53.9920
51.1843
44.2760
55.3989
52.7281
49.6822
53.8769
57.2446
58.0460
59.0746
55.4884
53.1412
49.3862
50.7194
54.3837
59.6910
48.7427
58.6903
65.5177
55.3550
69.1365
64.4069
73.4291
71.9364
69.4936
60.9434
66.9184
61.8021
62.4827
64.7038
48.5471
55.5780
46.4133
57.4945
56.8335
57.9061
54.3269
54.6237
57.5556
61.5054
45.6528
45.6635
58.9703
64.8125
57.3856
55.2457
54.0084
55.6604
50.8858
54.7710
54.4764
50.8084
50.5817
56.0410
49.5716
57.0600
53.1372
52.6677
48.1840
46.8704
49.6388
49.9811
56.3905
55.9580
52.2055
51.0859
52.1344
51.2864
42.8909
45.9245
46.8900
46.8066
42.0702
51.1089
52.8065
51.6791
48.1278
48.3551
49.8058
47.0890
43.4636
41.2492
39.1556
40.0252
41.2091
42.5431
40.8211
39.6456
42.2144
45.6223
42.0907
47.4650
45.7009
43.5641
47.9141
49.1082
49.5953
45.8627
47.1867
49.4425
47.0982
49.1372
54.5016
49.1880
43.2377
39.3506
42.9979
40.8140
42.9248
44.8848
44.1343
41.2950
48.5497
53.3127
47.0996
57.4243
49.6675
48.6309
45.5449
45.5762
45.9420
52.8737
49.0502
57.2225
51.7770
49.1907
43.2207
48.5386
51.9012
45.9324
48.1835
45.4661
52.2218
59.1422
60.9329
64.0769
48.7314
59.1962
61.5811
54.3181
61.4460
62.2909
53.9778
58.2149
50.8910
51.8841
50.4971
53.3556
53.3799
49.9960
53.6606
49.0204
52.0517
46.1719
44.2965
33.1638
38.0502
41.5634
44.6969
49.0104
43.9694
52.0513
59.5072
56.6720
54.4907
52.1604
50.2229
55.0778
52.5565
55.2288
56.1581
50.1403
55.2929
51.5166
48.5762
47.1800
47.1094
51.1105
39.7345
36.3581
36.6593
36.5255
39.9639
40.5168
37.8948
37.3305
36.8424
38.1191
39.7330
38.4411
39.0917
40.4893
52.8626
40.7278
41.9691
47.3893
44.6347
39.1938
43.0947
53.4273
38.8799
43.5715
42.2690
44.5461
43.4776
42.7727
47.7541
45.6989
58.5292
45.7458
56.9829
52.3192
63.7397
59.6216
57.1750
57.4663
55.0107
45.9913
46.4336
49.3356
51.9457
52.4345
49.7629
62.2250
49.3468
49.7740
53.1077
39.1935
42.2270
56.6653
45.3461
43.4867
44.7403
45.4074
44.8954
48.5425
45.7400
56.1534
56.3105
55.4160
50.7397
46.9958
48.9237
52.7385
53.0179
45.6552
49.7780
45.0552
47.4855
51.3619
53.0201
50.1406
50.1960
52.8902
54.0762
56.5751
63.6706
53.2580
48.5220
52.8600
54.4337
51.4416
54.9916
51.8605
52.3070
53.5460
51.3503
58.1746
62.6544
58.3927
58.0189
56.2107
58.4421
59.5691
52.2693
54.2405
65.2162
48.0438
54.5768
52.2024
46.6727
50.7294
40.5377
46.7015
47.5981
47.5063
47.3910
39.6400
40.0139
40.3953
40.9043
42.8085
34.0404
37.2328
35.1162
43.8521
38.6017
50.8679
49.9632
47.0211
42.2079
42.3602
40.8192
46.5641
42.2347
49.6663
45.3741
52.5881
54.4974
55.0816
51.8368
53.4104
60.4508
59.1405
58.5035
53.0908
54.6314
48.7845
51.6550
45.4045
45.9073
49.8498
50.7972
48.6321
50.9085
51.0785
49.6537
56.1438
44.2884
49.3087
54.5012
60.3725
53.1293
55.0680
50.7755
52.3050
47.2097
46.0843
58.6590
49.7343
45.5261
47.3629
59.9800
49.0572
53.4979
49.4036
55.9386
61.7324
47.5301
54.0257
45.3611
50.6415
55.9081
54.7708
50.3738
42.8667
57.7084
56.6570
48.2936
55.9122
52.8746
55.3468
54.6280
37.4546
39.9410
39.1707
52.0533
53.4243
49.9987
56.0307
55.9856
52.7016
54.1393
53.1782
55.7118
53.8740
47.3253
48.8088
51.4596
45.3442
42.4377
44.0575
45.6897
44.0081
51.3336
46.5901
50.2266
49.3263
45.9589
48.4010
43.2804
44.9430
46.1770
46.2920
53.9433
47.7586
50.3841
48.8159
50.2649
56.4346
56.9067
56.5513
54.8737
57.6596
56.8773
53.5313
51.0927
44.6753
52.0650
47.8910
49.7542
47.0136
55.9993
52.3824
46.6543
66.7700
56.6496
56.4576
61.5700
54.6708
66.6439
52.2671
50.0306
53.4212
45.5703
51.1890
52.1883
55.4721
57.6528
48.1483
42.4120
48.3003
47.6404
49.9901
46.9234
44.8828
49.7712
47.2427
43.9537
43.7591
42.5046
45.7422
43.4963
41.4397
40.2932
49.2544
53.0111
41.6240
47.5514
43.6190
36.1371
34.8768
39.3836
40.4054
49.0381
47.6231
54.9545
54.5160
55.5780
60.8349
53.0312
59.6263
56.0833
52.5515
54.0086
49.7152
46.9799
53.4975
54.2425
51.9698
56.7868
51.6063
53.9981
45.1432
45.2564
48.1460
47.4692
39.5975
42.3289
43.8271
43.7742
43.5298
46.6510
39.6080
45.5763
41.2168
47.9923
40.3582
40.5100
42.8791
44.4111
35.6163
35.2557
35.5083
37.2493
50.6298
42.8618
40.3483
51.2248
41.9774
53.7255
45.8967
45.2338
46.3489
44.2846
47.4196
47.2647
43.3669
45.8692
51.9224
42.7054
39.6108
47.2943
48.8624
43.9463
39.1316
44.2525
40.7884
42.1314
42.6216
38.2749
49.6167
37.4984
46.8797
52.2038
36.8455
51.5620
49.5027
51.8341
49.5331
49.9187
51.2631
54.1997
54.8074
42.5812
48.1897
57.1768
49.9835
53.9452
42.5612
45.6163
39.6032
45.5893
45.0889
47.3527
40.7904
44.7709
48.9647
51.2720
44.1930
53.1604
46.3723
51.1552
58.9100
47.8232
37.4209
38.3571
39.2911
39.8702
40.2986
40.5445
41.1991
38.1420
40.1063
43.3817
42.2738
44.3234
44.9261
41.4226
38.8662
40.0330
38.3568
36.6458
36.3540
36.8305
41.8262
38.5420
45.8094
45.8142
43.7477
42.6599
40.6886
39.9232
47.8826
46.7748
53.3671
54.2960
48.2608
55.4364
52.4369
54.7811
46.5132
54.7556
56.5465
54.9198
52.4169
47.6275
48.1449
52.7994
47.6018
47.8891
48.8847
53.1847
44.9492
42.5804
45.3490
45.2584
43.0979
41.7346
45.0353
49.2830
47.4238
39.1518
44.0320
44.0593
46.1814
40.3985
37.7261
39.7624
38.6684
37.1276
38.0493
38.7795
40.3564
38.6558
37.0792
40.0556
41.6144
55.2973
46.4600
62.7392
49.5289
58.2131
56.1764
48.9915
48.4870
46.0885
61.1329
53.4362
47.3480
55.4337
46.9937
44.6445
51.2925
55.0275
44.7995
50.2610
46.5792
55.6843
58.7535
51.0972
53.4462
51.3393
58.1851
54.9643
57.4916
48.8899
41.8853
41.8847
45.0929
46.9597
40.6000
47.8002
46.1073
47.0421
43.3261
42.3418
50.9166
59.2206
52.6913
49.1321
49.3811
59.9879
56.2168
47.5488
49.9902
44.8992
47.7475
49.5082
52.0784
45.9860
43.5026
40.7872
46.6160
47.7466
48.9861
48.5976
45.0682
45.0923
51.2615
49.5914
41.4667
45.7100
43.2380
42.7005
42.9300
48.1540
45.4597
52.7789
58.4957
53.0034
52.0505
53.4418
47.9024
43.9844
38.4998
43.4706
41.0399
43.2522
54.1769
55.1592
48.2469
46.7420
43.2754
40.4493
45.5214
39.5229
41.5085
39.4272
51.3631
43.2802
57.5800
48.1284
46.9029
44.4451
53.3581
56.9263
53.0737
46.4518
49.9445
53.9676
55.6430
54.0639
41.5767
44.7108
58.3567
59.3550
62.1685
48.7270
44.6583
49.6730
47.5111
41.8066
42.7322
43.2381
35.0863
48.0035
58.7175
51.1566
62.0100
39.2326
41.4408
43.3458
40.7287
41.0611
39.0339
39.9450
38.3069
38.1697
38.6775
48.7443
40.1266
45.0097
56.9023
49.8324
59.2092
59.8323
65.8560
66.0687
76.0388
69.8367
51.1083
40.8744
44.6807
51.9974
51.7053
62.4919
58.0000
44.8442
45.2730
40.3412
38.0065
34.5403
42.2742
44.9643
44.7642
49.7604
45.2449
47.6531
50.3006
47.6935
45.8891
46.3002
41.5842
41.6604
42.0441
46.9254
45.7786
45.7694
48.6960
39.7397
37.6895
49.6433
46.5830
47.1533
54.6025
53.7626
55.5921
46.4587
42.7941
38.2585
47.2046
43.5520
45.9285
48.7139
50.0588
41.1871
41.4348
43.9232
39.4830
47.9412
53.9646
53.9536
50.6282
47.3155
44.7738
46.4740
45.5903
45.7818
36.7016
44.0345
46.7078
43.3791
40.0318
39.6986
47.8075
40.7431
49.5565
47.2924
38.5919
41.0140
42.9063
47.1849
48.2606
42.6051
38.8188
41.8779
42.7756
44.0786
40.9618
48.9662
57.0957
44.9949
43.2906
48.8337
43.3201
44.1567
46.2052
48.1773
43.2744
45.4268
44.3262
42.0722
38.5583
40.3623
41.2441
47.0608
43.0531
38.3381
44.0682
43.1719
43.0010
38.1972
44.3262
46.3654
44.3936
46.6113
42.5767
38.1883
37.5726
38.4410
36.6508
45.2361
42.9590
42.2276
46.2880
50.0374
41.4817
41.0493
44.7730
42.9092
42.4445
38.5800
42.0644
38.3451
41.8536
47.2289
48.0459
46.5589
49.0361
51.3875
48.5842
48.3408
43.4283
47.1570
47.4283
43.7119
41.3377
43.6209
45.3597
45.0715
44.5955
48.0567
47.6918
45.5303
45.4248
48.0401
39.9081
43.7384
37.9947
40.5686
40.1368
44.5949
52.1050
39.0321
36.6938
38.1595
42.9908
40.4953
40.9951
51.8138
52.0056
41.2296
41.1506
43.7417
46.4287
48.4466
42.7239
47.2886
42.1941
51.6780
58.4152
52.7848
46.9274
40.6229
48.6604
51.9428
44.4841
50.9645
50.1158
44.1876
57.2144
45.7648
46.6183
43.0477
39.3886
41.1493
47.1597
37.2199
38.2657
37.2990
41.3734
45.7494
41.9170
44.8785
42.0752
42.5093
42.9604
45.6819
42.0103
56.8581
56.1418
59.3019
51.5467
53.3915
47.7296
52.6046
67.0930
62.2019
55.9374
58.7279
53.6528
55.4500
54.5984
45.8121
49.4370
49.3223
58.1358
48.7340
48.8340
47.1924
46.3908
55.1383
56.7683
42.1213
42.3821
48.2914
50.5167
45.4550
42.9458
44.0034
42.8646
45.8327
40.6510
41.3638
42.4249
45.7817
45.0039
43.6356
42.7084
43.7161
44.1596
39.3944
42.3681
41.4438
37.8550
37.7420
42.8461
47.6334
47.5509
61.4276
61.9236
63.7130
63.4487
65.8327
64.5468
63.0397
62.3269
53.2015
46.1874
51.6764
52.8584
53.9753
47.9258
44.4169
42.6092
44.3315
42.8283
44.7173
42.1453
42.7301
41.5854
40.5579
44.3749
44.7385
47.5171
38.4159
41.6279
38.7600
37.2296
41.0044
38.8569
44.7418
38.6227
42.1954
37.5668
36.1119
41.6367
38.2579
39.8092
37.9248
37.2740
43.3488
43.9167
42.4123
45.2287
52.2714
44.0804
41.2529
41.7993
44.1437
50.3416
49.5766
56.7489
39.4100
36.0443
53.9549
53.4663
54.9540
47.1913
55.7201
44.4287
48.3324
48.0489
52.5695
53.0151
55.9045
50.1606
47.0799
44.3681
37.4489
39.6203
36.0365
39.7002
39.4361
40.4001
46.7247
41.8431
51.1651
41.8005
43.2800
41.0399
46.5996
48.7496
46.3887
50.7645
54.8158
50.2661
43.9128
43.0214
62.1987
56.4021
44.8834
50.4072
45.4529
43.4333
39.9826
42.3694
41.1392
40.4597
40.5292
42.4115
43.5034
36.4565
41.3847
41.6393
37.9961
42.8200
46.3432
42.0316
52.0711
56.2844
49.4484
48.1864
42.4352
39.0563
46.8571
51.7608
46.4181
49.2373
50.1762
50.7632
51.5194
44.9014
40.0729
41.3983
40.2986
40.2861
45.1979
49.5926
47.4039
46.9860
50.1986
44.5422
38.0209
44.0057
53.0566
48.2705
44.1317
51.8951
51.3908
46.3651
54.9443
51.5597
51.7077
44.9420
46.6729
46.3430
46.0583
43.3074
47.2587
56.8333
60.2177
52.8819
48.8587
40.0837
53.9788
48.4243
48.4389
50.6477
52.2730
46.6726
48.8437
47.7063
47.8699
47.3890
43.5481
40.0467
37.7373
36.9507
38.2116
39.1563
38.9653
47.2985
49.5682
49.0213
43.6246
47.0874
38.0774
40.8365
44.7110
37.2675
37.1649
36.0833
38.5959
36.4715
35.8840
40.7772
37.0430
36.9236
48.9075
42.8246
47.3082
47.0857
49.8175
43.0441
36.2429
38.3858
46.3188
46.6760
40.8106
38.3074
48.1422
47.0497
51.6162
49.3503
49.9994
53.4281
49.8323
51.7909
45.3381
51.5889
50.6870
49.1572
51.5028
48.1883
46.5821
41.9537
52.4261
48.7094
52.7255
51.6311
52.9014
50.5983
53.7743
49.7961
53.7885
50.1277
50.9309
47.7094
42.7011
49.0064
52.9857
54.9561
58.5477
52.4501
60.6692
60.3922
53.1584
53.8854
51.4495
45.5478
43.8605
46.2204
53.5666
45.7744
54.8289
59.8055
59.6473
55.0201
58.9355
52.6963
52.7682
51.0174
40.8262
42.8630
56.1980
51.6686
57.4169
52.9161
60.9010
56.0561
57.6215
55.8333
41.2846
53.4559
47.8746
44.6760
52.9433
56.1509
54.0140
56.2409
50.8600
45.3782
50.9378
68.2389
60.2790
66.2573
47.9861
57.2472
53.6198
48.8906
47.0921
50.7839
49.7103
47.9691
50.3345
45.9894
47.1656
57.7711
48.4423
47.4982
46.7077
55.4880
56.6654
51.2153
55.1475
53.3313
50.2093
38.8186
39.2744
54.5765
52.1204
47.7265
45.7716
53.9106
50.7340
45.7126
52.4601
50.9729
52.0341
39.1177
44.8775
49.6265
57.6519
48.3924
49.7589
43.9636
49.4474
46.7720
43.6406
44.1602
47.7603
56.8891
57.4440
60.9080
48.6892
41.3380
43.9477
45.2684
55.2116
59.1085
54.1404
51.4132
57.6656
51.4338
48.2241
48.2061
61.5672
54.3877
55.1965
49.2262
51.0751
45.7370
46.4823
41.5001
41.7453
45.4449
44.3230
52.3016
55.1715
52.5232
42.3909
39.7870
45.3977
42.0828
44.0221
42.5992
41.4464
49.5441
44.0671
49.9403
50.1095
43.9412
47.9287
49.3890
58.0430
45.8379
55.6417
64.3374
55.9822
50.7546
56.7171
54.4004
46.1236
54.6810
42.0191
38.6397
43.6787
38.4975
39.1216
43.3187
58.3090
58.0032
50.5116
42.3264
44.4109
43.6686
43.3717
47.4623
48.2590
44.4357
46.1743
45.0975
43.0413
43.6902
43.1215
42.1476
43.0817
42.8431
40.8732
38.7859
38.0097
44.1754
47.6167
49.0484
42.3313
41.0081
41.6677
42.4148
43.5922
42.6403
44.8028
39.1276
44.2135
41.6887
43.1190
39.0373
41.3270
38.9610
39.8543
43.6133
40.6048
41.7050
38.9007
40.6848
41.7598
44.5089
40.2116
39.7189
40.5887
38.4930
39.8537
41.6461
41.6082
42.0822
43.3316
49.2009
44.0494
42.7709
46.6134
55.2746
50.5752
49.2312
46.4754
47.6608
50.4282
50.5239
47.7668
48.3286
53.8523
50.4154
54.4579
50.2840
43.8888
44.0463
45.9670
44.4184
44.8706
44.2534
43.4933
44.7129
38.4362
42.5445
43.3227
42.6250
40.3374
39.4007
36.2463
39.0279
38.8104
32.4670
36.4569
35.0901
35.6950
37.3574
37.7694
36.1204
35.2738
34.4356
34.8620
37.6679
33.5892
34.6478
33.1604
38.2055
39.6920
38.3463
36.5180
38.5538
39.5382
42.5450
44.2089
45.0283
44.7966
41.0323
41.0742
38.6318
38.1363
39.1184
39.0632
37.7749
39.3093
38.7496
38.9954
36.1784
42.4798
38.6316
37.0765
38.2836
35.8400
34.9247
38.0949
40.4504
38.1752
40.3457
36.9100
41.8041
39.8787
51.5180
42.8638
57.6804
49.9893
47.0807
43.2633
41.0319
41.0683
60.3855
45.2535
38.8518
36.5370
43.6944
40.0649
41.0643
44.2905
43.3835
38.8135
48.4749
49.3914
53.6772
54.6817
49.4471
49.1166
47.4071
49.6680
45.7085
42.4269
45.8260
46.5285
52.8567
43.0312
49.5432
49.0168
50.6880
49.0364
45.8308
42.1180
41.5403
44.3002
50.1460
43.8237
41.5267
38.6069
43.4946
42.6740
49.3221
44.3949
43.5473
51.2888
55.1300
46.1170
45.2876
43.5523
48.9071
43.3865
44.4788
50.7954
49.0501
49.3423
47.5541
47.1680
44.3450
53.4704
53.8781
56.4530
57.7742
61.9120
64.9620
63.9592
63.3324
62.4581
66.0865
58.4749
57.2495
52.8906
47.2147
55.8474
55.4141
59.0786
52.7595
52.3904
57.7126
46.9379
44.6860
42.4469
47.6214
52.9794
51.3569
52.6845
61.1280
57.4777
60.3469
47.8902
42.7305
45.4787
42.9528
62.3320
48.6321
49.8059
45.8116
48.1426
46.0091
51.5935
47.8263
57.2223
59.0894
62.0176
55.8665
56.9613
50.7799
54.0165
43.5632
46.0465
42.8873
44.3770
43.1610
40.3896
44.5444
50.8666
48.1023
52.6188
55.5223
60.1617
64.0195
58.4718
62.5843
56.5511
52.3608
47.2269
43.9588
47.4687
43.5156
47.1563
40.5280
39.8017
40.4872
38.8077
38.9102
42.3689
39.6927
42.7870
40.9165
42.9071
42.8125
41.2978
60.0462
60.6494
56.0798
51.4351
44.8422
51.0340
56.2714
62.5345
51.5516
50.0824
52.8880
55.4057
57.1335
56.1586
52.2604
47.8653
44.5930
51.3268
52.9453
48.0514
50.7048
48.7456
54.7887
43.5760
51.7961
56.6929
54.3665
48.7285
43.2397
47.4535
52.2342
40.4284
43.3854
42.4119
41.7975
44.3890
44.4072
37.1418
37.1909
35.1551
40.8494
39.8009
38.2970
51.2480
55.2070
47.9950
51.2917
48.4892
42.0621
46.0215
48.9707
59.3336
55.0195
61.3625
64.9623
61.2489
50.0385
54.7755
38.9817
45.7164
42.9174
44.2293
42.6586
37.2294
39.3352
41.3523
49.8826
48.3087
48.0750
46.6718
47.1258
52.6535
55.5168
59.7823
56.3847
56.8573
55.2470
47.3027
60.4621
60.5388
60.9722
58.8183
52.3135
44.4029
39.1342
47.4442
51.9608
53.0118
55.3928
55.1706
54.1976
52.3371
53.8469
56.3808
58.1552
59.1278
47.8754
42.7617
48.7248
51.2677
56.5915
48.2444
48.0823
45.6718
52.0258
51.2568
56.1975
57.9869
56.4464
63.3612
59.3190
51.4618
52.4254
53.1618
53.9397
56.3584
57.2421
60.1753
60.0541
63.9653
51.1303
59.0334
49.5820
53.4482
42.7276
42.4554
46.9601
46.4222
60.8494
52.7962
55.0843
43.6984
44.0426
44.5707
42.0860
45.6816
41.5288
54.4235
41.7440
51.4325
55.6836
58.8520
63.2105
55.4800
49.9772
44.8330
41.5368
37.5814
37.8783
56.2072
51.6714
48.2296
46.2457
53.2026
47.9176
47.7686
38.3940
38.4975
50.5617
51.1550
46.3395
59.2123
48.1484
48.3928
45.3324
45.6445
42.2554
47.2497
44.7620
41.7770
49.4873
50.8014
49.4074
40.3270
39.6442
51.0526
43.2760
43.1691
45.8490
43.4282
50.3717
40.6446
49.4794
47.2060
43.7589
42.8027
46.9499
53.0429
46.0455
48.8372
47.4553
52.3662
49.3314
49.2972
47.3287
40.7375
43.3233
39.3655
42.7936
41.0714
37.2562
35.0674
34.6092
37.2787
36.9077
37.9182
40.6840
48.3391
53.7938
55.0241
53.0994
56.3609
51.7337
48.3288
46.1808
46.3532
40.1948
47.6158
48.5320
49.4076
37.4060
44.9994
45.2022
41.3416
36.7985
39.1593
41.1963
40.4436
39.7865
38.3803
41.1529
41.4072
41.7222
38.1559
41.6266
37.3200
36.6505
39.9085
36.7521
35.7426
33.7823
36.7805
37.8241
37.9688
37.4920
35.0105
34.9161
37.2465
34.9592
43.0457
44.9518
43.9994
39.3746
45.0092
50.8980
37.4522
36.7952
37.5552
36.6587
35.9122
50.6766
43.8604
49.0825
47.3797
47.9512
49.9152
51.5171
48.8358
52.5348
48.9411
46.0145
48.5089
47.8681
44.7605
40.9676
42.4959
45.5716
47.5259
53.1871
51.4369
45.5075
49.5259
47.7132
44.9427
50.0304
54.9715
62.8845
61.1476
47.9494
44.7968
42.2266
39.1762
39.4401
40.5115
44.9322
45.3787
50.6873
44.9032
44.0737
35.6733
39.1619
33.9242
34.3854
43.5153
43.8282
34.1550
35.9345
41.5971
40.2999
41.8029
36.4420
35.4175
35.1931
42.2643
45.1120
42.5441
44.1338
42.5453
39.3036
39.4863
41.7350
40.8954
41.1121
48.0756
45.7802
44.2838
47.5420
48.1744
47.3575
44.2215
43.6633
45.4533
46.6995
47.4237
41.7143
42.0354
44.0246
39.9761
43.4839
44.4551
51.4177
53.1221
47.2499
46.8885
39.5195
50.3121
38.5272
37.4010
39.6285
39.1281
36.9023
39.9736
42.9850
45.3126
49.8245
52.3577
51.2133
49.7307
52.1740
45.6402
47.5949
44.5534
36.5705
39.5951
42.8248
42.9075
42.5233
37.6089
38.4905
35.9329
33.6578
37.3421
36.1760
36.3200
37.3007
36.5252
42.4291
39.5774
40.6606
39.9467
38.8125
39.2277
42.4167
41.1431
37.3043
44.7608
39.4382
42.7732
44.3595
47.4912
49.4673
46.9407
50.4551
52.3018
43.9000
42.4160
43.9256
40.0687
35.8972
38.4247
37.5314
38.3194
37.9897
37.6595
38.3097
43.5662
36.8798
38.8451
47.4326
42.4090
38.1926
39.8919
39.6334
38.9102
50.8469
58.2130
52.4427
48.9069
41.3448
51.5461
52.8595
46.4382
43.0530
48.4977
49.5653
36.3216
47.5696
44.6455
40.8853
37.7899
41.4369
39.4884
36.7830
34.7867
36.7557
35.3786
36.4766
35.0607
34.9545
36.3909
35.1848
35.0350
35.0447
37.5220
35.9749
36.8101
45.2588
49.0257
41.4397
43.5274
44.7147
33.7410
33.7844
33.0324
35.8085
35.4422
37.5036
47.2817
42.6225
36.3571
50.0398
54.0924
50.2718
37.0151
42.8332
37.8149
48.2957
46.5911
46.8448
39.7789
39.4915
39.6213
42.3843
40.2277
46.5549
45.8061
45.2970
46.7290
44.4719
47.8857
52.0698
51.9070
52.5892
42.7268
45.7175
43.7186
46.5733
41.3827
49.2583
52.8268
49.0145
50.2705
41.1400
39.5254
43.6836
40.7396
37.7596
39.5879
57.7993
47.3867
48.0928
52.5261
37.9841
43.0140
45.5345
49.3463
40.4410
38.3006
56.1815
52.1013
56.8925
53.8174
45.8998
46.7794
46.4801
49.0323
44.2186
42.5534
42.6095
40.2547
37.4591
42.2128
40.3946
38.5272
36.4210
36.2087
35.3017
36.4825
39.8268
39.7116
39.1050
37.0418
44.0832
43.3885
47.6834
47.9004
46.9326
58.5286
49.7612
48.2274
47.4279
50.2916
47.4541
47.1766
41.6204
39.7313
43.1451
42.9021
41.0812
39.9153
43.0419
39.5092
39.9233
42.6236
41.1294
49.0108
44.3700
57.1495
46.5060
46.4784
42.9663
42.9981
48.0495
45.2749
41.6473
48.5496
38.0223
50.1863
45.8237
55.6372
43.8826
51.9118
45.2004
41.8860
43.1828
48.3336
47.9482
47.7251
47.6952
49.7162
44.1005
46.0495
43.4612
39.4230
54.6439
51.6981
55.8884
46.8807
49.0943
48.7404
50.6997
52.6680
41.7648
39.8784
36.5759
43.7431
42.4279
45.8722
45.3130
58.8308
51.9433
45.4742
46.0145
43.2827
47.9865
45.0630
43.3688
48.8415
43.0535
50.9169
38.8105
42.4404
38.0702
35.4538
37.0822
34.7022
36.9688
34.5429
33.6022
33.3569
35.3575
39.6357
38.1818
38.9332
38.5825
36.4124
35.8766
33.4184
40.4069
45.3311
44.5345
42.7415
52.0362
49.8686
56.9509
54.7561
53.0426
56.0201
60.1329
46.9132
43.2484
42.5643
42.6642
53.1072
38.8367
46.4796
42.5526
49.6913
47.3535
46.4315
43.6611
48.6325
50.6372
61.0018
50.6890
40.7187
37.5733
42.1752
52.7146
52.7561
58.8700
54.0942
56.3123
50.5769
48.0507
47.0181
50.1805
48.1090
45.3265
52.3531
48.4579
46.4556
42.9490
40.7972
40.9293
48.3928
51.1783
47.2139
37.2650
42.3952
39.1420
40.7330
49.0169
42.8571
45.3810
52.0573
45.3472
50.8753
45.3889
46.5047
42.3172
46.9530
41.8662
49.3245
48.2936
52.6668
57.3656
45.9487
44.1891
48.7406
51.8393
46.7428
49.3125
60.7011
62.8268
55.8781
52.7909
46.5131
51.2573
52.3086
50.1503
46.1225
52.2866
47.3024
47.8536
49.9624
56.0829
51.7916
51.4970
56.6482
46.2158
46.7220
47.7280
45.5427
47.2685
40.3156
41.2674
40.2059
40.8479
42.5433
40.4137
42.4140
43.3893
38.9415
42.2848
45.3308
42.5004
40.8868
42.4856
45.4728
49.2393
47.1068
43.1217
39.3039
40.3984
43.4500
43.9392
38.6065
41.6006
50.3471
44.2617
44.9381
44.9437
45.8570
52.8258
45.7072
54.3405
48.8240
53.5740
46.7682
59.7793
50.9342
41.1497
52.6621
45.0669
54.4194
46.1858
59.4431
60.5427
54.4952
49.4823
47.1171
40.7059
42.5100
50.6913
41.5378
44.1000
41.4439
42.9616
44.5371
39.9716
50.7206
57.0204
44.3300
45.5019
47.3406
41.7507
41.4446
44.2543
43.4778
41.2865
37.8945
44.8022
40.5539
45.9139
45.0862
49.6394
46.4578
43.3257
45.2257
44.7427
46.2297
48.6896
45.7476
42.1079
46.0013
46.0490
44.7255
43.8330
47.6465
40.7978
43.0544
42.6412
37.0937
36.8198
39.3968
37.6963
38.1691
38.1296
46.4757
41.0700
46.0437
39.2494
44.1612
43.5000
43.7300
39.4152
40.0068
36.1279
36.7942
42.1112
39.1523
41.2791
38.9142
41.0215
41.4906
36.0867
39.6445
39.5218
42.5451
37.1311
37.8895
38.4423
37.7077
40.4350
38.9938
39.1493
41.0146
41.5614
45.4290
44.8224
43.6598
42.7557
42.7826
41.5431
42.0945
43.9178
40.7278
43.9408
46.0671
42.4956
45.5538
47.9244
48.5646
44.7838
52.2907
46.1458
52.1674
48.3867
49.6532
51.2524
41.7660
42.9322
40.9128
49.5269
52.4041
44.4303
50.1627
47.5069
50.8638
48.4296
48.3026
46.7516
47.9587
45.2823
46.9424
48.4508
47.4139
46.4319
44.3700
45.4364
43.7833
44.0942
46.1417
44.9583
45.2980
43.9002
47.7192
50.2846
49.1216
46.9769
51.2726
51.7250
50.0292
49.2324
46.1539
45.6289
43.8037
41.1340
46.6527
44.1703
42.5790
45.1719
43.6913
43.1798
43.4352
49.4157
50.5526
43.0490
41.8990
39.4615
43.6091
43.9542
44.6487
46.2160
47.2229
47.0479
43.0186
46.4428
38.8860
50.4992
46.2264
43.7249
46.8263
45.0154
44.9767
42.4492
43.4857
44.8312
44.5850
40.8435
39.3890
39.7251
43.9073
60.8385
46.2174
48.4411
43.8390
51.7897
55.3007
46.2463
53.6747
57.1328
56.9978
61.7616
58.1276
54.3943
52.8497
52.8848
50.6169
52.2518
54.7815
57.6993
55.1188
55.7607
53.5455
46.7290
47.8209
45.3560
41.1158
41.3243
43.9924
42.0485
50.0897
49.0217
50.8319
47.4729
49.9609
40.9632
42.2661
42.1805
49.9879
56.0489
55.9839
54.6115
51.7015
57.8686
51.4505
50.2008
53.9047
58.3216
58.6924
44.2249
49.5184
55.3247
50.6737
48.7560
50.7937
56.2746
53.7466
56.3463
56.4585
59.4606
57.6801
50.1366
50.2115
45.3127
44.8530
46.5531
41.1865
39.0790
48.9257
48.7836
49.0442
50.5106
63.3724
61.7701
58.0974
56.6751
45.1850
52.8989
43.4759
45.7493
43.3808
47.3393
54.4299
54.5712
53.8826
47.9227
47.4918
54.0902
58.8875
55.5828
46.2133
47.2943
38.5885
43.4149
41.1948
40.7254
44.9639
46.0412
38.9452
38.6313
39.7727
40.0088
40.8120
39.2341
41.8429
37.8711
39.3815
37.4299
37.8865
36.2916
41.0770
45.9568
41.9901
43.2439
43.8889
49.0284
47.1029
51.3198
52.1745
52.0676
45.1872
49.6153
59.9310
57.9209
59.5730
52.1025
52.0774
52.5636
47.7246
41.2953
42.4885
45.6236
42.2188
41.2015
39.2655
37.2574
36.3194
34.5527
37.9241
38.8656
38.2008
40.1600
43.2410
41.1763
39.8378
39.3058
37.8000
40.0311
35.6097
35.7532
37.9077
35.7829
35.2813
36.5128
34.5695
33.7306
44.8709
40.8398
40.7893
40.1487
37.1033
37.5732
39.3928
40.3931
36.8682
36.5255
34.7516
33.4307
35.0713
37.3878
35.4725
34.2885
35.5282
37.1059
35.9727
44.3675
45.2572
42.9305
41.2295
44.0676
45.6671
39.6926
35.6581
35.4764
46.8284
55.8894
40.5597
39.0424
47.2429
55.4605
48.8885
55.3163
53.3112
53.6503
51.3709
41.2826
54.5598
59.1995
52.2195
49.9308
46.2010
49.3898
56.2310
54.4054
51.3755
50.1193
57.9373
61.5541
55.3706
55.0114
48.5347
45.3692
45.4604
50.8072
57.1344
59.0185
50.8995
62.0676
51.0547
52.0595
53.6601
53.3987
59.2968
52.5765
49.1941
58.5703
55.1676
51.2400
45.3192
47.4294
52.9705
46.1999
40.9912
48.3769
51.8775
48.4332
40.7963
56.8017
49.4812
58.1808
54.5615
50.3587
49.5200
40.2868
42.9884
44.4431
45.0073
37.6943
38.7501
42.4952
46.5077
48.6150
48.1340
39.6722
50.8564
45.3661
60.6714
68.6202
53.9481
47.0053
50.0032
46.8145
44.4544
42.6665
48.1027
48.2820
50.0755
42.3906
41.3491
46.7181
46.3377
47.4440
46.8309
54.2927
49.2131
50.6810
54.9169
55.4661
58.3899
58.0530
52.4191
58.5487
51.6433
42.6597
48.4281
47.9438
48.9275
44.3057
47.5802
40.5715
46.7367
45.2980
46.5727
44.1699
49.9564
45.9107
42.9803
47.2796
45.4142
44.1003
43.2981
45.5342
50.7057
51.9652
45.2480
39.6490
42.5927
42.1531
49.0673
54.6140
54.0845
55.9283
59.5847
61.7334
59.7673
57.8849
52.8326
62.0760
54.7228
47.1719
50.0371
51.3346
49.9849
49.4121
47.0428
51.6929
50.0686
54.0551
51.1579
44.1861
48.9762
44.9648
44.9187
54.8209
54.7086
49.2142
52.5767
53.3450
50.7416
48.5428
49.7166
52.7634
42.0834
39.0026
39.9208
33.9717
40.0168
43.5646
34.6601
42.7839
41.5103
39.0377
38.8369
45.7192
44.4555
47.4065
42.6267
47.1071
43.8237
47.3562
49.5816
45.7825
46.6629
51.3403
50.7922
45.4285
54.5501
49.9883
49.6492
51.3737
52.7372
57.4448
57.6438
52.1023
53.6245
60.5470
60.2747
64.2128
60.7598
61.8606
56.9129
49.8392
43.0867
42.9162
40.9581
46.2762
43.1247
43.4632
45.7107
40.2637
50.3546
56.8925
57.6137
49.6172
49.7126
58.9687
48.0451
38.4931
38.1345
47.5767
58.1268
51.3776
52.3589
53.6532
51.2649
46.9954
50.9644
51.5301
53.2551
51.1912
55.2948
61.0114
63.6534
57.6700
50.5540
51.3665
51.1278
55.2728
54.8222
44.4585
51.7982
49.5415
42.2980
41.8149
45.2583
39.0312
41.3287
35.2615
45.7895
42.8162
41.2033
43.4946
40.6323
40.1940
41.3041
39.7620
36.0730
37.1071
35.8030
34.7102
34.5211
35.4761
37.2518
48.9623
39.9988
48.0359
49.9241
48.4490
44.9835
39.9730
44.8008
39.0775
47.8280
66.2610
58.2578
52.6050
49.0867
37.3989
40.9674
39.9599
43.9905
45.2667
47.9727
44.4836
46.4149
49.1849
59.0641
41.6787
48.4590
48.9944
47.3551
41.9193
46.9614
56.7462
37.3001
43.6533
54.4263
55.7013
49.2170
53.9258
47.6179
42.3450
40.9999
43.8448
46.3147
46.7719
46.3166
46.6512
48.2064
43.9106
41.9199
37.3840
42.5383
42.3711
41.2718
37.8274
35.6237
40.7852
43.4145
36.9367
41.9367
41.3586
40.1376
40.4077
35.8888
38.3861
39.7422
38.0889
44.2769
47.6118
49.0631
46.3183
48.4010
49.3621
50.2985
45.6822
39.9050
39.4151
42.0787
44.1274
48.5631
54.2719
37.8765
43.4112
56.3860
48.1072
46.9241
43.2389
38.8184
44.4106
38.0064
47.8501
40.9952
42.8334
35.8438
36.7570
35.0590
34.3324
41.6448
47.3516
42.8299
47.3934
56.2915
51.4007
46.9193
54.0351
55.3162
55.9116
54.1319
55.7143
59.3385
52.8246
43.8538
56.8608
56.6283
49.0715
68.3157
54.3857
56.4547
63.8047
63.7438
57.2174
55.5101
51.2267
47.5896
52.7028
46.9229
42.8230
41.5108
48.5292
49.0778
61.4578
53.1114
46.7490
51.8234
50.8773
57.7073
56.7801
49.3668
55.5803
49.3868
50.0270
50.2632
54.2594
46.3931
50.4777
66.0726
51.7247
53.8790
52.4397
54.0358
61.2715
55.3993
48.5299
52.8252
44.6829
38.2743
37.3305
46.2044
45.1601
48.1157
40.2501
41.9874
42.0820
41.9018
42.9714
45.2600
47.7363
50.9100
46.9648
51.8001
54.1790
55.1783
47.2073
46.2625
63.7701
55.4365
55.2246
55.9450
48.7148
44.9519
41.5895
43.7320
45.4988
43.9517
55.4380
59.8760
54.8768
48.1110
51.7414
48.4173
54.9753
57.2648
55.6203
59.2560
64.9216
54.4691
62.1152
64.0253
45.3406
53.5969
47.0978
45.8624
48.9550
45.7732
60.7892
53.5202
55.3221
49.1362
48.7884
43.9902
47.3364
51.8598
55.1883
48.1197
50.3633
47.5101
50.7197
42.9551
51.6293
50.6393
48.9737
41.6509
46.1784
41.1502
36.1459
39.1119
42.1117
44.4167
43.7926
45.4167
47.5456
43.0809
42.2799
41.8964
40.8574
40.7267
43.0865
43.1439
43.3360
38.8099
40.7206
45.3062
43.9372
41.9826
39.6905
40.6136
39.6598
37.3271
41.2471
44.3515
41.5668
41.1340
53.2367
43.8521
53.0292
55.2456
49.0240
51.1712
51.3391
49.3125
45.1311
44.6054
45.9264
52.3220
54.6887
51.3580
39.5745
47.0008
46.3195
41.5505
37.4933
39.2741
41.3321
43.0315
45.1119
50.2896
49.0919
58.1737
50.8870
45.6388
46.6768
46.4508
46.5072
51.9320
52.3260
52.0579
46.6896
54.0460
56.5415
53.9973
55.6202
50.0238
52.2534
43.9595
44.8703
48.3034
50.6490
54.2525
49.0615
42.1199
46.9614
45.2632
46.1209
47.0493
53.0999
45.9799
52.1502
41.1620
51.9676
58.3464
54.9419
55.9005
59.4471
53.8650
44.1638
47.8288
42.5186
41.4223
40.4522
39.3181
40.2657
41.6562
38.7812
40.6594
41.6629
50.2127
46.3921
48.5369
57.3841
50.8607
51.5871
48.8358
47.6142
54.3664
51.3932
56.7904
47.8313
47.7697
43.9583
38.4359
42.5776
38.5737
42.4972
41.1857
41.4304
43.1254
46.8739
41.3195
42.7679
54.0954
40.1503
50.8409
53.4300
46.5205
44.5701
38.3719
41.2686
41.4632
40.4806
41.8233
37.3814
51.8402
62.8125
54.2990
52.4994
41.9716
37.6074
42.7247
40.7967
42.7772
39.2234
47.8359
49.8734
49.2648
51.8409
37.1351
43.5584
48.5540
54.0233
40.5390
54.0463
47.0187
52.3706
55.2414
49.6523
55.0236
61.2054
57.1931
64.6043
59.5122
58.0068
53.9478
42.5252
57.4616
46.3746
42.8376
49.6237
46.4194
42.9753
52.9637
54.6739
48.8734
58.2395
60.1044
53.9452
48.2978
51.6512
46.6827
52.2844
44.4784
39.5725
42.2105
43.4577
46.8014
43.6721
40.9141
41.9602
53.6305
63.1670
58.2650
54.5824
60.4586
59.0555
62.1124
49.4051
40.2474
40.8357
53.1877
54.0481
55.2482
49.8401
49.1063
49.1690
40.7258
41.2790
36.6487
38.0563
42.8380
44.7414
47.2493
49.3991
45.1397
53.3613
56.4814
50.0243
53.4666
51.0492
52.3433
46.1517
44.9316
50.9844
49.2233
56.0172
55.6009
53.3844
52.6952
47.1662
48.5637
46.8418
43.5606
36.6689
38.4559
38.3855
37.3229
42.6458
45.7164
41.2513
43.4048
50.4692
39.3804
40.5043
42.8964
40.8436
39.8374
38.2442
38.7109
42.2095
42.0142
39.9512
38.6192
42.7188
40.4267
47.2483
58.9522
62.1085
38.0320
41.6487
42.6325
44.5039
45.7970
52.1893
50.4775
58.6441
47.3093
36.2005
43.2335
54.2172
53.4958
48.2475
61.4942
55.8937
52.0689
52.1731
43.2505
42.0700
49.7894
44.6009
40.5007
39.7591
36.5762
45.3121
45.5283
42.1818
45.0781
46.9039
43.6480
45.7294
43.3664
43.1832
59.7606
66.2304
69.6951
61.5067
57.4106
47.1017
48.5492
46.7899
44.8730
55.3744
52.7710
55.0986
55.4993
55.9142
57.2566
50.5091
45.6875
44.2245
50.8072
54.8659
49.9268
44.0009
46.1712
41.1528
46.7466
43.9992
41.8969
38.6270
38.3282
37.5619
40.7468
36.1160
40.9747
38.5320
40.9162
40.9213
42.8188
43.7903
36.1932
40.5885
38.8985
52.1868
56.5492
41.1674
51.9953
59.2502
59.2978
54.9006
47.5972
44.5919
41.3822
45.2166
41.3805
44.4700
43.8460
48.8372
45.2060
42.7985
41.8421
44.7583
39.5421
55.5231
49.7382
50.6883
51.8167
58.9220
48.0736
43.8155
46.7384
52.9603
45.6567
44.7717
49.3181
48.0971
49.3161
47.0544
43.9564
43.2095
53.4377
60.2168
45.4927
52.4943
43.0276
38.5961
41.0749
45.7286
45.5927
38.9702
40.8974
38.6657
39.6166
39.3088
40.8150
42.9025
39.1696
37.9433
39.6523
42.0485
39.8459
41.6453
39.5568
45.8538
45.8111
48.4758
50.4048
47.0889
39.6401
41.5298
41.7674
43.4811
39.9432
41.4094
43.7455
36.5293
38.3677
38.3078
39.7131
41.6276
44.7931
45.5437
43.5084
42.9556
41.4156
37.0897
41.7157
36.2153
39.9024
38.7730
39.0285
39.3811
41.6554
44.3413
40.6450
43.7487
42.6251
46.9246
45.8723
41.7784
50.3457
45.5329
38.1263
42.0901
44.0018
45.8630
40.6617
48.5134
51.0399
50.0872
58.4234
54.0672
48.8531
48.1761
48.3318
54.7039
62.1146
61.4743
60.0903
46.1967
47.8875
61.5573
54.4280
51.3665
50.1967
54.7026
56.0592
49.5692
58.8131
64.6502
69.5980
68.2947
59.3180
55.2568
61.2400
52.5487
47.1183
53.3940
53.5881
51.4676
54.9691
50.8011
50.3214
48.3232
47.5084
50.8991
54.0882
49.2445
46.8899
42.4242
41.6531
47.2238
42.1349
41.5594
42.3921
47.1344
48.9523
54.9720
56.4312
52.4647
55.6926
44.6937
56.3357
57.6190
49.2144
48.9961
46.9104
45.8194
44.2642
48.3214
62.0244
52.6356
54.2048
58.4788
61.7312
54.9337
59.0581
49.9352
43.0781
44.8951
36.8948
42.8783
41.9456
43.7309
40.7215
41.6048
40.8311
43.9674
49.7467
52.6686
57.3949
55.4763
41.4098
56.8610
51.9837
52.4165
61.1909
65.3103
60.1898
48.1882
50.5799
52.1792
48.0211
41.3415
38.2135
41.2400
47.0847
56.7158
41.0980
56.5145
49.8455
47.3615
52.9856
55.8985
62.3718
51.3972
38.3811
36.5008
39.6630
50.5258
59.1958
50.2361
40.8460
51.3656
56.7379
45.5311
52.9766
37.2509
34.8163
42.4911
40.3741
41.0849
39.0041
40.6954
39.8065
44.2434
41.8670
37.5484
37.6391
42.7142
35.9866
41.9188
36.3608
35.9416
38.9886
40.7353
46.3028
49.3390
43.3375
44.8646
45.0163
51.8418
48.9251
48.3722
51.7351
53.2397
50.4547
49.1418
49.5227
43.0728
50.6159
52.2465
53.8337
53.3135
48.2729
45.2021
49.6353
54.8000
43.7906
39.1617
50.5613
44.0600
46.4633
45.7453
45.5266
43.7811
52.2730
46.1167
45.4175
47.7003
42.6964
48.3355
46.8738
49.0945
51.8692
45.1118
39.9941
40.5091
36.9492
40.0393
45.0309
50.1927
56.1240
45.0755
53.6162
57.8753
59.9701
65.6677
61.4766
60.7397
69.6069
68.4195
70.2084
53.1734
58.3208
47.3327
50.6651
53.7469
46.2978
46.5478
52.0373
52.2863
54.4271
52.4270
50.9742
54.7033
59.8815
55.3097
43.6689
55.9659
61.6866
58.7685
59.4916
66.3463
68.7699
64.4622
59.2677
66.9257
43.9995
55.4761
48.0435
52.2158
47.3813
46.0147
45.8972
56.3271
60.9463
54.5174
51.0055
56.1880
60.0116
51.0001
47.4319
49.3762
49.3117
47.9029
51.8830
55.2924
59.0085
51.2687
50.2739
49.8590
50.2926
49.8109
53.4291
51.9417
46.3625
41.8634
54.6946
56.9287
49.5099
44.3350
48.4395
51.4648
50.7159
52.2713
56.6637
53.4858
52.1766
48.2842
41.5862
45.8112
42.0511
44.5312
47.5670
47.9520
46.9815
42.8469
53.6518
39.5791
48.2238
41.3071
43.2724
42.9865
49.3849
44.8121
43.3612
41.4108
46.3344
50.4034
55.8234
48.7850
53.2782
50.5308
46.7235
47.3107
55.0294
47.3467
50.2293
45.1357
53.6201
46.1146
50.5872
60.3400
53.2786
56.5059
57.7438
53.4406
50.6712
54.0812
46.2567
50.7607
48.6485
57.6018
52.3248
46.7811
49.4431
39.0462
43.8902
44.5832
53.4699
48.7992
41.8667
48.2950
45.4021
47.3275
42.4244
48.2684
56.5691
46.7923
45.7692
46.2431
56.7595
63.2281
58.8764
49.5606
54.8120
48.4676
41.6492
44.8039
37.7930
41.5555
39.7925
40.9531
45.9192
36.9560
36.7785
37.5697
43.3469
39.1201
39.3506
39.3111
41.3848
38.9332
38.9409
35.9356
45.0935
39.1156
39.4286
38.0603
39.2512
42.4979
40.4172
38.0182
36.1872
40.8050
39.9746
39.9326
35.7427
34.5239
35.9043
35.5633
36.8597
39.8434
39.1095
31.4867
32.4870
34.9947
34.3951
33.7223
36.0468
40.7235
38.4979
40.4894
41.3189
42.1738
39.7044
40.4441
39.2479
39.3723
37.7501
41.7637
38.4740
38.8555
32.5598
33.5301
42.2851
42.5763
45.5833
54.3135
44.2618
45.6848
40.5075
41.0901
45.4812
37.0111
34.8853
47.6302
45.4780
50.5719
50.7328
50.8554
42.9964
45.1762
46.7581
46.2172
48.7026
51.5694
52.0295
43.9190
42.0841
42.2252
46.0044
47.4955
48.4757
46.8345
42.6967
46.7636
48.3473
46.2425
50.7472
55.1173
47.7563
49.8088
47.2760
47.7619
50.9418
51.5063
47.8553
47.2582
42.6629
48.3217
48.9648
48.3297
51.0292
48.2827
47.2061
41.8263
41.4443
39.3552
39.1313
40.3021
44.2180
43.9155
41.6185
41.5669
42.7189
42.6138
38.1044
35.5637
36.2381
36.7786
43.7744
45.1344
42.0762
44.9374
46.3163
43.9830
44.2772
48.9582
47.5743
45.5937
45.9077
45.7146
42.8350
39.8523
40.5411
39.2160
41.0881
39.0190
37.2578
41.1229
41.0840
39.9677
40.3116
41.5273
39.8598
41.3469
43.3696
43.9744
41.4089
45.5692
43.0697
40.0282
43.1893
41.4579
41.1366
38.9476
41.5028
42.9577
42.6316
49.6400
62.3470
41.8692
45.1635
42.7110
48.1757
43.7306
42.4966
42.4658
41.8927
47.5999
39.6816
34.7433
33.8598
33.8338
35.7333
36.5600
38.9355
40.8185
33.7403
40.6349
39.5499
41.2246
45.3616
42.0122
46.7288
40.8671
39.1646
42.8332
44.7932
45.0016
56.9264
41.0602
40.6489
37.4805
39.2164
37.3570
41.1191
40.9358
37.1190
38.8906
37.9823
37.3841
50.7369
51.8534
51.0579
44.5114
40.6723
59.9996
54.6833
51.9100
61.5632
59.4388
63.2344
57.3821
58.6572
57.7893
47.5717
43.3825
49.8951
46.8330
36.1481
54.5928
43.7837
40.8349
56.2824
52.6432
46.7818
45.3295
36.4983
40.2417
41.5638
36.4843
52.1285
46.4598
40.5000
38.6032
47.8351
52.8239
40.4890
39.8138
41.8380
55.6415
46.1287
37.9467
37.2046
43.5136
39.0145
41.5795
41.1053
46.0704
53.4028
39.8740
40.5410
49.2974
47.4642
50.6316
50.6749
46.6929
45.0385
46.3729
41.0127
42.2470
41.2523
41.6384
46.6642
54.1632
39.5508
39.7696
33.6906
37.5682
37.6987
38.6623
36.6139
34.1608
40.1662
36.0752
40.9579
46.8466
43.6292
54.2987
58.3171
63.4696
64.7221
60.0903
63.0101
51.0229
49.0405
59.1446
61.4333
59.0573
55.3857
61.0843
61.2821
65.2161
65.4041
66.9006
57.2068
62.6198
52.8275
48.4295
44.9718
51.5103
59.2070
69.0075
57.2903
49.4100
50.4652
55.9550
56.7406
57.9466
58.6881
66.3015
70.5982
51.6495
47.8982
53.5255
56.9989
65.2682
56.9136
51.2974
45.4920
56.2897
49.4128
53.9297
56.0223
54.3559
63.6637
59.0565
47.1621
47.9610
51.8211
51.6442
50.6222
41.9829
47.7644
45.7287
43.9337
37.8153
36.0491
38.6598
40.8400
40.2477
46.0978
48.7871
47.8262
46.2455
48.2025
54.3226
54.4910
56.6569
53.8300
51.1180
49.6667
50.8477
54.2170
56.0411
59.0978
55.1160
49.2983
57.4279
50.0321
56.2345
46.6740
53.4476
58.2632
52.1614
52.5929
51.3784
61.7214
54.6884
48.8600
46.9977
54.7435
47.9727
51.0773
50.9967
57.0441
55.8566
58.6332
54.0856
52.8039
49.0671
52.0639
44.7156
42.0063
46.9517
54.3546
45.6636
42.9738
41.0493
41.9107
52.1654
58.9924
51.4952
57.8705
51.2532
53.5368
43.4665
48.2064
52.3535
55.7041
53.9116
47.1377
49.2184
50.8690
47.5164
45.8909
47.0288
41.5095
41.4019
50.8663
51.3433
51.2572
49.9638
49.6572
49.9053
50.7774
50.8454
51.0606
46.8628
44.2586
43.4382
49.2224
46.1257
42.2938
44.2318
40.9406
55.6034
36.8694
38.5770
42.3828
43.7628
43.0393
51.2588
49.1638
57.3302
56.4664
56.1573
48.3591
39.7678
52.2351
59.1369
61.5509
62.9678
58.2069
58.2994
60.2631
61.6839
61.2803
50.7401
47.4733
40.8040
42.4729
40.3650
57.7865
57.9045
46.6812
49.5398
52.4802
48.9326
55.8759
49.0525
48.0177
50.1724
49.3722
46.9736
57.4899
48.1255
48.6258
46.4403
53.7003
53.4189
52.8170
48.8215
49.9955
49.5104
47.3120
52.7167
60.6249
55.8063
52.9204
52.5778
52.0872
51.6744
58.0110
47.6038
49.4065
51.6084
42.7464
49.3859
49.7530
50.4745
46.4402
37.7940
40.4596
57.1075
55.8907
61.6111
48.7578
50.7390
53.3267
50.9040
53.0805
56.0594
58.1983
59.6175
60.1996
59.8147
58.2583
60.8566
62.2574
60.4515
51.0746
52.7474
63.8548
67.6494
57.3472
41.6763
49.9530
51.0807
54.8237
55.3991
41.9147
52.2348
58.3156
57.1405
48.9985
41.1907
41.1359
44.0097
47.2079
49.7639
51.7730
42.8923
43.3856
41.4851
46.0419
40.1765
39.5052
44.4170
46.1387
45.7814
43.7640
38.8664
41.4964
42.1159
41.5718
40.5925
39.8805
43.6319
44.1542
39.4144
42.1950
36.8483
44.4663
45.9723
53.1632
45.3573
45.2642
48.4788
48.5205
42.8248
49.4010
48.1050
51.1799
48.4830
50.6685
43.1132
45.1480
53.8795
59.7998
48.6200
53.3471
44.2901
49.8782
44.8240
47.4263
40.9562
44.0922
49.4235
52.8862
53.8171
49.9008
49.5948
51.9874
48.1947
55.4212
45.7377
53.1608
51.6499
54.6748
54.4757
60.5596
57.8008
58.2290
57.9786
54.8655
54.3078
55.6954
53.4675
53.2108
54.1138
55.5493
59.2900
57.6205
58.0487
57.8254
63.7714
55.5974
58.5856
60.2498
55.3058
52.5232
42.3637
44.6451
44.9252
52.8772
67.3016
60.0585
62.8568
56.5960
65.3430
56.4068
54.2683
62.3379
57.9797
60.3369
60.7613
66.6065
55.0088
49.7597
49.1328
59.7605
65.1986
53.5441
56.8576
62.8269
54.5704
57.7597
55.7622
57.3684
58.5497
64.2351
52.1876
52.6252
58.5271
61.3469
59.6808
50.9016
61.6273
52.4908
51.8427
54.5175
54.7909
59.2908
48.0869
63.7035
56.0228
55.5233
56.8204
63.4493
55.6439
59.4600
49.0115
39.0832
50.2528
52.8448
56.0087
56.3796
51.2013
44.8995
51.1195
52.7132
49.0108
53.1529
57.3667
59.6394
52.8605
65.3100
45.6730
45.7351
58.7428
52.6762
54.3536
62.2091
57.2424
58.8169
63.2856
57.8453
52.2609
55.2015
62.0115
69.3672
55.4684
51.8852
55.7411
50.5200
54.2351
53.2217
52.7620
56.3260
51.7460
47.4841
51.7346
52.0597
53.2313
49.1476
50.3895
57.9648
53.1188
67.9159
72.7889
63.8064
59.7108
47.4058
52.5845
54.6495
57.9235
65.2936
62.7453
64.8127
55.3942
63.2462
64.6667
56.9181
58.5177
62.6404
62.9353
58.8090
52.1837
39.1195
51.4745
46.7649
57.6033
60.3736
53.1394
52.2674
53.2577
51.2826
61.0877
59.4848
55.5357
47.6625
48.0477
50.3361
53.4581
59.2990
59.6668
55.4716
41.1208
42.8977
46.9192
42.4701
45.6411
38.8453
45.0267
42.3626
40.4624
44.7625
53.9991
43.0605
43.1518
42.7738
44.7801
35.9789
40.5532
38.8152
48.1641
47.1858
42.8610
36.9918
39.5992
42.8718
46.3849
47.4635
58.5926
42.1077
53.7043
47.8598
52.5103
68.9945
62.0299
73.2638
69.4714
64.1528
50.7174
47.4598
44.0219
65.8851
71.9521
66.2136
59.7171
59.7636
59.3583
57.3495
54.3822
74.1880
64.8242
69.7952
56.5976
58.0307
61.9027
58.8523
62.6113
71.0236
48.6568
48.9584
44.1119
43.7804
52.7066
66.0758
52.3430
44.6955
50.4685
46.2897
53.7635
46.8062
56.9739
55.8208
50.8018
43.5692
52.6424
48.2963
57.3456
55.2510
56.4466
52.1807
54.1467
52.2621
51.0381
66.5320
67.4781
66.5993
67.3916
55.6763
53.1081
51.7895
57.0202
52.5503
52.6240
54.8106
58.7066
60.5667
65.0501
61.8604
48.8647
39.1773
40.1614
52.0203
44.0829
39.8267
35.6397
36.6343
38.3967
37.7995
38.7052
40.2794
37.1081
37.4529
38.7516
38.4142
38.6385
37.0995
41.6841
40.7308
40.4188
41.0618
39.8154
39.8177
46.1530
48.7609
44.3560
50.9158
45.8712
62.1932
50.5675
50.9778
49.4288
56.9159
57.2513
59.0094
48.2116
47.7120
47.0935
48.2353
50.6545
55.1678
61.0038
50.9462
52.9483
59.3415
62.5945
54.5589
55.0310
56.2644
54.3962
49.0544
52.1356
44.6287
51.0759
48.9059
45.5173
48.7047
50.3393
50.9255
44.5697
42.4125
45.7453
45.3657
49.0245
57.0834
67.4114
49.8691
52.8210
56.5590
59.5593
60.0546
52.0893
55.0130
60.2770
48.5453
50.3159
50.9581
48.4763
53.2451
50.4510
48.0342
48.2519
56.1450
58.5680
54.6334
52.0694
55.1422
57.9086
51.5913
53.9634
50.7616
51.5730
48.0254
49.7186
52.7906
53.2811
55.3895
47.9368
51.1057
50.1076
49.1315
52.8996
48.9328
51.4578
52.6916
56.0794
62.4658
73.3514
59.6025
55.3072
57.3462
52.2638
46.2800
53.6012
51.5971
51.6222
50.2717
51.0774
58.3039
59.8317
57.3871
55.1876
58.9942
59.5164
51.6677
45.8872
45.8190
46.8871
44.3834
49.6170
53.1842
52.7917
50.5596
41.8475
45.0469
46.6785
44.3607
43.5608
35.2409
42.7114
49.3614
46.5021
45.5280
45.3022
39.2779
34.1783
33.9342
34.0809
36.7196
33.6811
35.5213
40.6219
37.5833
36.4633
37.4638
36.3889
38.0482
40.3014
43.2656
40.4735
40.3289
49.1463
51.5997
58.2069
55.9089
54.3851
64.5750
65.2123
66.9456
61.6248
54.1971
51.0818
47.6023
45.0783
44.8935
52.5840
50.8044
52.0849
51.6040
47.9214
50.3184
48.3714
41.7284
41.3863
37.7376
41.9100
38.2767
54.3756
55.2228
58.8575
46.6883
53.9974
53.5648
55.0461
52.9106
42.1139
45.2559
48.4624
52.6846
50.5632
54.4630
40.9948
35.9038
45.3052
43.5457
38.0858
40.8686
36.4177
35.1698
34.7426
35.7175
35.4688
43.8205
40.4032
35.6209
40.0629
46.4000
43.0134
41.1446
47.8466
48.6383
38.5762
39.5816
42.5044
43.0155
37.1815
44.5651
46.2022
47.1429
55.7185
56.1867
55.2981
38.1377
43.7536
43.6427
51.9461
44.0191
46.5042
72.4353
73.4779
61.7577
57.3996
56.8439
59.3180
65.2037
54.9642
58.7333
48.8256
57.5177
64.4831
66.1571
56.7272
63.6748
68.1403
58.5140
50.0630
56.5669
52.3531
59.1168
67.8453
56.9205
55.1779
55.0009
50.2526
42.0747
56.0641
62.9601
45.9268
64.9695
56.9209
59.9176
57.2093
52.3693
54.7359
43.2076
41.9219
49.2300
65.9982
53.5040
58.6655
61.0254
58.7940
60.6192
54.7464
49.9684
43.0756
44.2784
48.2827
53.5384
49.7666
59.6366
51.7061
45.5691
40.2899
47.2623
44.6550
38.9969
38.4717
43.3117
41.8502
34.2138
37.0762
36.9142
40.9092
41.0107
38.2186
36.2628
38.0987
38.7513
37.0113
33.7315
33.3279
40.0416
37.2254
35.4261
42.0764
35.2192
37.7500
32.1412
37.6309
40.3731
37.1367
33.9541
37.0454
35.1777
35.3548
38.5147
39.6721
47.9103
39.7059
38.9618
41.5905
40.7704
38.7194
44.3792
36.5523
45.0985
49.1659
41.3894
40.3415
40.4558
38.1781
35.5838
38.0141
35.2812
33.9213
38.0945
36.0760
38.1395
37.6751
43.6917
41.4200
37.9260
36.5953
43.2613
40.6607
39.5186
37.6124
45.3799
44.1677
46.3173
48.7916
42.9991
42.5659
40.2207
44.8792
46.2921
45.1703
50.0038
42.5504
43.1707
37.2337
39.3533
40.7247
40.1387
38.5550
37.6913
41.9829
35.8459
36.2163
35.2199
35.9894
39.2104
38.6679
39.3865
41.2272
37.6507
36.7107
38.4322
39.5630
41.4223
41.0839
41.1989
44.1890
40.7571
43.8065
48.7946
50.7975
51.4451
49.7119
45.3569
51.4737
49.0869
48.1151
45.0013
55.4242
46.2019
43.6769
43.0347
41.4914
58.4031
59.8845
50.7115
51.6504
58.2409
53.6326
47.4809
50.9047
58.8524
48.9577
49.3397
47.7814
57.7719
56.0781
50.8329
62.0160
66.8546
58.9480
57.8772
58.1434
47.8527
45.6390
45.7789
46.7336
47.9213
46.2540
48.4509
50.3006
50.0012
47.6190
49.4341
52.0917
53.4813
51.1813
42.4065
45.3094
44.1411
44.9195
45.6771
45.6600
43.3155
41.7582
44.3757
44.3569
45.1184
40.0856
36.9603
39.5226
37.8919
41.0152
40.6085
48.4970
44.1804
47.4419
51.4940
50.5282
42.2931
49.6305
49.6166
54.9043
48.2962
41.8443
45.3025
46.1006
42.8749
49.3447
47.8687
46.5545
47.6654
47.3774
45.7180
45.2123
52.9301
52.4348
52.7388
49.7846
49.2130
51.0652
50.4728
51.3192
48.8443
50.7202
45.5190
47.8115
48.8080
42.8962
45.3664
57.6730
54.3864
39.8178
59.4874
49.0286
50.3284
41.1496
38.8801
41.1799
42.8344
48.7921
52.2267
42.0748
46.7056
49.1654
45.4449
39.7714
48.4342
43.8039
49.2164
47.9839
51.2496
44.3563
49.4362
46.4258
52.2770
46.6018
43.8261
50.5409
49.8895
57.9175
50.0127
54.3849
60.6514
61.2430
59.0232
56.0246
54.7145
64.1149
63.5172
62.4683
61.7953
60.1871
56.2146
53.7980
57.9878
59.0635
62.4404
62.5554
61.9231
67.2494
59.1784
74.3858
66.3889
73.9316
65.6201
61.6990
52.2836
62.1555
55.0071
52.4906
55.8992
65.1549
56.1243
57.5334
61.2308
47.3953
48.4912
53.3344
61.9122
61.4903
68.0414
57.7245
59.7447
57.7701
58.7352
61.6366
65.6327
63.8170
66.0217
64.9356
62.9899
55.1326
54.5435
53.9399
48.7623
47.2466
50.7181
51.3289
52.9349
53.4501
60.9909
51.2310
50.9952
54.1096
47.6819
49.9051
58.6098
44.4942
46.8965
43.2515
47.8525
59.0142
55.6887
49.3671
58.9581
61.7466
56.2562
50.3764
56.2330
59.7471
63.0576
57.5709
61.8715
59.8480
49.9566
51.0781
52.0992
57.3183
61.0393
54.8473
48.0094
56.8819
54.1395
58.0121
60.4419
58.6643
48.2660
52.1140
50.9566
49.1296
49.8380
47.5500
50.6594
48.0648
38.7755
42.2390
44.2716
49.2005
45.0603
52.0575
51.6737
54.4032
50.3071
45.7074
49.9081
45.5523
44.3914
56.2254
55.8058
58.7087
48.0836
47.2237
48.8442
50.5809
54.3620
55.4027
50.4582
50.2929
50.9425
51.0725
49.6550
51.0202
50.3599
54.9855
51.5206
50.7239
52.2553
49.2535
46.6528
49.3032
56.0596
53.8960
60.7503
57.2224
43.0538
57.1537
61.3344
59.2136
53.8843
57.5755
50.3358
45.3947
40.5393
42.6482
41.2658
42.7207
44.2321
39.0715
44.1060
40.5009
36.0978
34.7020
35.2390
36.7625
40.9589
39.8614
47.6134
44.5121
40.2877
38.4139
50.2431
55.6027
50.9372
44.1350
45.7422
38.4375
37.3982
36.6110
37.4250
39.8560
36.2582
40.2455
48.9246
41.0936
40.6883
37.3541
40.0664
37.6509
35.1089
37.5843
38.1346
37.8131
37.3967
35.0609
39.1392
39.5323
36.2992
36.2720
36.5690
38.0516
37.8338
37.6193
37.1816
36.9044
37.7882
35.6094
37.5584
38.1255
34.6274
43.2149
44.5393
44.8419
38.9127
40.5095
40.1555
40.6231
38.5900
45.1480
45.7611
41.9796
41.4214
44.8402
44.6254
40.1993
38.4592
39.4774
41.6530
37.7960
37.7805
40.0146
42.8461
39.2686
37.6979
38.3131
40.4388
44.8129
38.4647
35.1585
34.5260
38.2664
38.9178
38.9119
37.9529
39.7232
41.7126
41.0142
44.7173
40.1126
38.4834
41.1481
35.9432
36.1313
36.0615
33.0469
33.2606
32.1380
39.4365
39.5469
41.8975
41.5659
37.6778
38.4453
39.0076
39.2412
42.4017
41.8947
44.4259
47.0926
47.4533
47.2287
46.0999
48.1806
48.8426
46.5205
45.7530
47.3112
48.5604
45.4701
46.9901
49.0071
47.6469
46.1998
48.0963
47.6876
49.1864
45.3247
50.7254
52.3960
47.2892
50.6321
47.2678
51.7164
58.1277
56.5435
53.1111
49.6493
47.9587
47.3220
44.4419
40.7624
46.9049
47.2034
46.2825
48.5289
43.6463
40.7925
44.4784
36.4074
36.3094
40.0818
39.1534
37.1352
36.5087
36.8764
44.1361
39.1369
40.6403
42.0128
42.5637
35.4308
42.6537
42.6394
44.0505
41.6256
44.5432
44.9696
43.8449
49.3811
46.1774
44.3438
49.9596
55.8651
41.2005
47.2188
47.6765
39.6910
42.7399
35.2238
39.6855
46.5462
50.7929
55.3255
46.9088
50.9519
43.3828
51.3158
51.3538
51.5321
49.9932
45.8288
38.0022
36.6426
42.8357
38.7210
41.2270
42.5398
44.9803
41.6298
38.6961
34.8476
37.4849
39.1240
37.6371
39.2468
38.5939
39.3844
41.8716
38.6602
35.6916
44.2548
43.5900
44.4135
41.6290
41.8596
38.8541
40.1437
40.7515
45.9372
43.5475
40.2340
40.8776
37.0831
36.5043
40.0621
38.5580
38.6090
38.0482
38.6689
37.8554
38.5794
39.0157
39.6044
38.9125
37.5370
36.0291
36.5879
36.8883
35.7444
35.9423
38.9253
37.9956
37.0712
34.6924
33.6870
37.0987
34.4189
36.4500
36.3356
35.3827
39.1767
37.1761
43.0216
41.5951
39.5081
40.5085
40.0254
35.0637
35.7900
37.7154
33.7092
34.0321
33.1384
34.8089
35.0475
37.5286
37.4941
40.2687
39.8990
36.7458
40.1103
44.0203
41.6482
46.8943
52.5372
50.5536
45.9166
47.8494
48.0999
49.7579
56.3512
53.7959
60.8781
54.4057
50.1776
60.2185
62.6832
57.8321
56.4234
55.0327
55.9671
58.0322
55.8632
46.9450
54.2944
44.0547
56.9208
55.5694
59.2917
52.3989
59.6026
56.8458
57.8210
61.2391
72.9017
62.3398
60.6240
56.1817
59.0891
52.9495
50.5070
54.9158
54.8074
48.3553
45.6052
45.2755
45.5976
44.5110
38.5705
40.7416
40.5607
38.4062
39.3581
46.0501
44.0130
45.0833
46.4308
41.0210
51.7739
42.5409
39.2948
44.1647
40.1922
40.8441
37.2467
35.3693
34.9510
35.3344
33.8885
35.7335
36.8051
36.5066
36.0425
36.4486
36.5055
40.2962
39.9434
39.5206
42.8837
42.8979
43.0831
41.9231
45.4584
46.9410
43.4406
44.8789
45.2639
46.4083
44.7297
47.2117
53.4750
45.4858
46.4651
46.2940
46.7157
42.1303
39.1397
39.7617
40.0809
41.8790
38.9279
38.3072
37.2049
37.2727
36.9383
38.5226
36.2011
37.3253
41.2765
36.1397
38.4270
40.2025
43.8155
43.2335
39.3731
41.9275
47.2222
43.3114
43.3685
42.6647
38.7823
39.8891
41.8078
40.4657
40.8721
39.7279
40.6443
44.0951
40.2893
38.0205
38.4165
39.0071
42.1418
42.6063
37.1604
32.8970
37.6273
43.0754
44.8747
43.7345
37.2504
35.3001
35.4756
38.4919
38.5896
36.0567
38.0298
42.5552
45.5231
39.8996
41.2227
36.3631
44.0093
48.5343
42.3336
40.4615
56.5248
51.5650
50.4821
49.4389
49.8329
46.9880
62.7737
60.4916
53.7716
55.2880
59.1584
54.8934
56.9469
59.6430
61.1374
66.6748
60.4415
62.5154
64.6110
58.5156
50.9710
51.8145
61.9897
62.5578
44.5430
41.3731
47.0859
52.7682
46.9042
47.8924
51.5215
51.5610
55.5575
49.5065
52.5017
55.4960
54.4031
57.4653
66.4091
59.4687
62.7977
55.7636
51.1385
48.5356
58.8780
52.0431
46.4604
36.7703
40.8136
47.7390
51.8513
50.9749
51.8192
43.3022
48.7509
42.1519
47.5247
53.5756
51.1408
49.6995
48.5891
50.8187
47.0023
53.7127
52.6998
50.1170
52.7575
49.4856
58.7656
64.3278
63.9421
67.5425
66.5596
70.1681
62.1630
66.0417
65.7293
56.9662
53.8419
59.0470
66.2284
61.1894
58.5628
69.0925
65.4088
55.1277
55.7005
53.0329
51.1252
54.9868
56.3951
50.3456
51.1574
56.0117
53.6401
55.0135
48.1365
55.4469
49.7716
52.3644
51.4084
50.4042
45.5762
47.6247
53.3168
53.9956
51.8208
49.9278
47.6964
43.7507
38.8305
48.1771
43.4746
56.5760
45.6207
43.0577
45.8789
48.4548
44.6831
49.7289
51.3308
47.6873
41.8015
42.7793
40.4625
42.4922
49.5714
61.4927
53.5121
48.6091
49.2572
43.9173
42.8838
42.9599
43.0494
45.0670
45.8184
58.5326
47.9214
47.7311
55.4124
53.5852
52.5618
44.9390
46.9202
39.8386
46.1306
44.3355
41.8288
41.1821
52.8180
51.7322
54.2889
56.1701
54.8838
49.5961
48.8467
37.3576
40.6718
54.9033
53.2506
56.4882
59.5102
50.6235
51.6151
48.4479
52.6768
54.9808
50.2773
47.3761
35.7119
39.5556
45.5548
45.6588
44.0680
44.1186
42.7110
43.7959
44.0685
44.5997
48.7002
51.7570
47.4309
47.7149
44.1203
46.3622
38.4009
35.1804
38.1915
37.1302
37.8838
38.4087
36.7415
41.7142
45.9415
43.2329
46.9718
49.3743
45.6421
46.4686
43.2373
43.7122
41.5500
40.7552
42.5757
39.0563
41.2566
40.4247
40.4065
41.0106
41.0720
40.5181
38.2002
44.8453
49.8628
44.8375
43.8801
42.9037
45.1756
45.0168
45.1695
46.7297
51.1941
53.0522
42.3710
54.4066
43.0541
54.2209
55.4203
53.8944
51.7292
48.3889
41.5667
45.2658
54.7108
53.2205
55.9859
56.9565
60.9977
47.8572
50.7181
55.0827
50.2484
46.2028
46.7229
33.5110
39.7506
40.3024
43.3329
43.1424
44.2294
40.8602
43.7504
43.4555
49.4999
42.7253
44.3580
44.9226
42.8196
38.9415
39.9073
38.2762
41.9774
39.7595
40.2804
42.0940
39.9657
44.5663
44.4362
44.0438
41.1971
37.6861
36.5084
37.5332
37.2302
34.2186
38.7661
35.0275
36.3026
36.5497
36.6978
38.7925
39.1364
41.1907
42.5856
41.4872
43.7203
43.1186
47.4700
48.2648
44.6451
51.2300
64.7876
56.4726
51.0197
55.9514
60.0133
54.7397
45.9650
46.2519
44.2260
46.7709
40.1227
36.2695
38.4366
40.5024
38.9814
42.3979
39.6724
42.7665
44.3197
53.3160
63.4483
71.8864
48.8482
67.9063
61.6160
39.7917
42.9619
47.0442
43.1023
46.6488
51.4740
43.4874
46.6669
51.3768
52.8961
49.3021
54.2795
52.3208
53.4453
52.3418
58.5301
56.8478
62.3380
56.8863
59.6657
53.6053
54.8784
60.2487
67.1184
61.4893
62.0158
71.3364
67.6346
52.9837
62.1868
62.2600
45.5291
51.1486
40.0546
50.4051
49.4246
51.0822
51.4275
46.4678
47.6675
48.5508
54.4860
49.3003
58.2424
57.7383
52.3174
47.0726
43.5950
46.8847
47.5814
50.2210
47.1554
47.0738
48.3539
45.1428
49.7940
49.3097
44.5377
48.3937
45.8855
56.5649
49.0522
47.0001
49.7889
51.1739
53.6521
42.0217
46.0667
42.8084
40.0095
38.3139
45.8202
56.5088
63.3337
70.3941
65.0615
72.7040
65.6745
67.7000
64.0805
49.5862
44.8101
42.2871
41.9837
43.0669
45.6160
49.1611
51.8218
44.5167
49.6475
57.1324
46.8420
52.5094
42.2315
51.2756
51.8258
44.4334
52.2878
47.8715
50.9832
45.0983
52.1419
53.2092
