sp|P00956|SYI_ECOLI	CDD:153414	52.747	182	83	2	640	820	1	180	3.82e-94	289
sp|P00956|SYI_ECOLI	CDD:153416	26.119	134	81	5	651	775	8	132	1.18e-16	71.0
sp|P00956|SYI_ECOLI	CDD:153408	25.397	126	85	3	642	767	1	117	5.67e-16	68.7
sp|P00956|SYI_ECOLI	CDD:153415	30.894	123	77	5	657	775	19	137	6.87e-16	70.3
sp|P00956|SYI_ECOLI	CDD:153411	18.548	124	88	4	658	778	16	129	1.18e-06	42.1
sp|P00959|SYM_ECOLI	CDD:239199	56.075	107	45	2	571	677	1	105	7.70e-52	168
sp|P00959|SYM_ECOLI	CDD:153411	32.331	133	86	2	375	507	1	129	9.35e-42	141
sp|P00959|SYM_ECOLI	CDD:239066	36.000	100	59	3	581	676	1	99	2.89e-29	105
sp|P00959|SYM_ECOLI	CDD:239197	34.579	107	69	1	571	676	1	107	1.12e-23	89.6
sp|P00959|SYM_ECOLI	CDD:239198	35.849	106	63	5	574	676	1	104	3.19e-21	82.7
sp|P00961|SYGB_ECOLI	CDD:153410	21.296	108	57	3	585	677	45	139	1.95e-06	41.8
sp|P02358|RS6_ECOLI	CDD:275385	43.333	90	50	1	3	91	1	90	3.23e-39	121
sp|P02358|RS6_ECOLI	CDD:275387	31.868	91	61	1	2	91	3	93	7.10e-20	72.2
sp|P02358|RS6_ECOLI	CDD:275386	26.882	93	63	2	4	91	2	94	3.30e-14	57.9
sp|P02359|RS7_ECOLI	CDD:271248	69.565	138	42	0	12	149	1	138	4.52e-88	248
sp|P02359|RS7_ECOLI	CDD:271250	57.241	145	62	0	10	154	2	146	1.58e-66	194
sp|P02359|RS7_ECOLI	CDD:271249	39.333	150	75	3	22	155	50	199	8.19e-47	146
sp|P02359|RS7_ECOLI	CDD:271245	50.000	128	64	0	22	149	3	130	1.78e-45	140
sp|P02359|RS7_ECOLI	CDD:271251	39.726	146	79	2	20	156	1	146	1.22e-44	139
sp|P02359|RS7_ECOLI	CDD:271247	34.043	141	91	1	8	148	12	150	4.57e-30	101
sp|P02359|RS7_ECOLI	CDD:271246	33.835	133	79	3	26	149	53	185	2.57e-20	77.2
sp|P04982|RBSD_ECOLI	CDD:428264	43.478	138	72	1	1	138	1	132	2.90e-65	188
sp|P05055|PNP_ECOLI	CDD:206766	25.110	227	144	7	324	533	1	218	4.11e-45	154
sp|P05055|PNP_ECOLI	CDD:206766	22.026	227	144	9	13	215	1	218	2.31e-37	132
sp|P05055|PNP_ECOLI	CDD:239918	63.235	68	25	0	622	689	1	68	1.10e-34	119
sp|P05055|PNP_ECOLI	CDD:411803	65.714	70	24	0	551	620	1	70	5.01e-33	115
sp|P05055|PNP_ECOLI	CDD:240197	62.319	69	26	0	622	690	1	69	2.00e-28	101
sp|P05055|PNP_ECOLI	CDD:206771	28.959	221	142	10	324	541	2	210	4.70e-21	85.8
sp|P05055|PNP_ECOLI	CDD:240189	48.649	74	33	3	622	691	1	73	9.41e-21	80.4
sp|P05055|PNP_ECOLI	CDD:240190	48.529	68	34	1	622	688	1	68	9.03e-19	74.6
sp|P05055|PNP_ECOLI	CDD:240193	44.928	69	36	2	621	688	1	68	1.32e-18	74.2
sp|P05055|PNP_ECOLI	CDD:238094	53.846	65	29	1	625	688	1	65	2.13e-18	73.6
sp|P05055|PNP_ECOLI	CDD:240213	38.356	73	43	2	620	690	1	73	1.59e-14	62.7
sp|P05055|PNP_ECOLI	CDD:240191	31.944	72	48	1	620	690	2	73	4.31e-14	61.3
sp|P05055|PNP_ECOLI	CDD:240196	42.857	70	39	1	622	690	1	70	3.67e-12	56.1
sp|P05055|PNP_ECOLI	CDD:240195	44.928	69	36	2	622	689	1	68	3.75e-12	56.0
sp|P05055|PNP_ECOLI	CDD:240194	39.394	66	36	3	626	689	8	71	3.52e-10	50.3
sp|P05055|PNP_ECOLI	CDD:239919	32.877	73	41	2	616	688	11	75	5.82e-10	49.9
sp|P05055|PNP_ECOLI	CDD:239911	31.818	66	41	3	626	690	5	67	5.93e-09	46.7
sp|P05055|PNP_ECOLI	CDD:240192	35.714	70	44	1	622	690	1	70	8.11e-09	46.4
sp|P05055|PNP_ECOLI	CDD:239917	28.235	85	42	4	621	689	1	82	2.36e-08	45.5
sp|P05055|PNP_ECOLI	CDD:240203	27.692	65	46	1	627	690	6	70	9.15e-08	43.4
sp|P05055|PNP_ECOLI	CDD:239907	32.530	83	38	3	627	692	5	86	1.18e-07	43.8
sp|P05055|PNP_ECOLI	CDD:240207	18.966	58	45	1	622	677	1	58	1.31e-07	43.0
sp|P05055|PNP_ECOLI	CDD:206770	41.509	53	30	1	300	352	3	54	5.13e-07	44.9
sp|P05055|PNP_ECOLI	CDD:411826	37.736	53	28	3	568	615	14	66	7.47e-07	40.7
sp|P05055|PNP_ECOLI	CDD:240202	28.358	67	47	1	622	687	1	67	1.38e-06	39.9
sp|P05055|PNP_ECOLI	CDD:240212	30.882	68	46	1	622	688	1	68	3.39e-06	38.8
sp|P05055|PNP_ECOLI	CDD:240209	30.137	73	49	2	619	690	1	72	7.10e-06	38.1
sp|P05055|PNP_ECOLI	CDD:240211	28.169	71	50	1	619	688	1	71	4.94e-05	35.7
sp|P05055|PNP_ECOLI	CDD:240201	40.541	37	21	1	628	663	8	44	5.92e-05	35.3
sp|P05523|FPG_ECOLI	CDD:399664	60.674	89	35	0	129	217	1	89	7.62e-46	143
sp|P05637|APAH_ECOLI	CDD:277366	25.839	298	120	20	6	270	3	232	7.71e-23	88.0
sp|P06616|ERA_ECOLI	CDD:411791	57.471	87	37	0	195	281	1	87	1.50e-37	122
sp|P07118|SYV_ECOLI	CDD:153416	59.259	135	54	1	630	764	1	134	3.52e-69	220
sp|P07118|SYV_ECOLI	CDD:153415	28.409	176	117	4	639	808	11	183	4.33e-29	108
sp|P07118|SYV_ECOLI	CDD:431296	50.847	59	29	0	886	944	3	61	1.24e-19	77.3
sp|P07118|SYV_ECOLI	CDD:153408	28.099	121	81	3	633	753	2	116	3.18e-16	69.5
sp|P07118|SYV_ECOLI	CDD:153414	25.521	192	118	7	632	815	6	180	3.88e-15	67.9
sp|P07118|SYV_ECOLI	CDD:153413	28.571	105	62	3	662	765	25	117	2.95e-14	63.8
sp|P07118|SYV_ECOLI	CDD:153412	26.277	137	78	7	630	764	1	116	1.61e-12	58.8
sp|P07118|SYV_ECOLI	CDD:153411	23.529	102	64	5	669	763	33	127	8.75e-06	39.8
sp|P07395|SYFB_ECOLI	CDD:427327	56.322	174	76	0	212	385	1	174	3.70e-100	301
sp|P07395|SYFB_ECOLI	CDD:239196	64.211	95	34	0	53	147	9	103	6.02e-51	167
sp|P07395|SYFB_ECOLI	CDD:239066	44.000	100	42	2	53	147	9	99	9.74e-32	112
sp|P07395|SYFB_ECOLI	CDD:239198	27.184	103	53	5	53	147	16	104	1.19e-10	53.0
sp|P07813|SYL_ECOLI	CDD:153412	52.941	119	54	2	658	776	1	117	1.17e-52	172
sp|P07813|SYL_ECOLI	CDD:153413	21.488	121	89	2	658	776	1	117	3.63e-09	49.1
sp|P07813|SYL_ECOLI	CDD:153416	23.881	134	84	4	660	776	3	135	2.20e-07	44.5
sp|P07813|SYL_ECOLI	CDD:153415	32.143	56	31	2	752	802	116	169	3.90e-07	44.8
sp|P07813|SYL_ECOLI	CDD:153408	21.186	118	80	4	660	765	1	117	6.68e-06	39.8
sp|P08245|YCIH_ECOLI	CDD:211319	55.263	76	34	0	31	106	1	76	3.57e-32	102
sp|P08245|YCIH_ECOLI	CDD:211317	40.000	75	41	3	32	104	1	73	4.18e-23	79.4
sp|P08245|YCIH_ECOLI	CDD:211320	35.000	60	33	2	33	87	3	61	7.23e-07	37.9
sp|P08245|YCIH_ECOLI	CDD:211318	34.615	78	40	4	33	104	5	77	7.46e-07	37.5
sp|P08312|SYFA_ECOLI	CDD:427052	57.971	69	29	0	19	87	1	69	4.07e-34	114
sp|P0A6M8|EFG_ECOLI	CDD:293905	65.060	83	29	0	317	399	1	83	2.25e-47	155
sp|P0A6M8|EFG_ECOLI	CDD:293891	32.184	87	53	2	314	397	1	84	2.15e-09	48.4
sp|P0A6M8|EFG_ECOLI	CDD:293913	28.736	87	51	3	324	399	10	96	2.47e-07	43.0
sp|P0A6M8|EFG_ECOLI	CDD:293900	26.667	90	35	4	327	399	11	86	4.65e-05	36.2
sp|P0A6N4|EFP_ECOLI	CDD:239916	43.333	60	34	0	69	128	2	61	5.91e-32	104
sp|P0A6N4|EFP_ECOLI	CDD:240220	69.643	56	17	0	131	186	1	56	1.24e-31	102
sp|P0A6N8|EFPL_ECOLI	CDD:240220	48.214	56	29	0	133	188	1	56	3.54e-22	79.1
sp|P0A6N8|EFPL_ECOLI	CDD:239916	33.333	63	40	1	68	130	1	61	3.84e-19	71.3
sp|P0A6X1|HEM1_ECOLI	CDD:133452	48.101	316	159	2	3	318	1	311	4.76e-123	353
sp|P0A6X3|HFQ_ECOLI	CDD:435788	59.375	64	25	1	7	69	1	64	9.67e-38	115
sp|P0A6X3|HFQ_ECOLI	CDD:212463	60.000	60	23	1	6	64	1	60	2.00e-30	96.8
sp|P0A705|IF2_ECOLI	CDD:293903	64.894	94	33	0	565	658	2	95	1.14e-47	157
sp|P0A705|IF2_ECOLI	CDD:293893	61.905	84	32	0	796	879	1	84	2.78e-43	145
sp|P0A705|IF2_ECOLI	CDD:293902	34.737	95	47	3	565	644	2	96	1.19e-07	44.2
sp|P0A780|NUSB_ECOLI	CDD:238342	46.400	125	66	1	11	134	6	130	1.43e-48	146
sp|P0A780|NUSB_ECOLI	CDD:238253	42.063	126	71	2	11	134	4	129	2.02e-36	115
sp|P0A780|NUSB_ECOLI	CDD:238343	31.111	90	61	1	38	127	31	119	3.48e-10	48.1
sp|P0A7B5|PROB_ECOLI	CDD:426278	34.667	75	48	1	276	350	1	74	6.69e-21	79.5
sp|P0A7B5|PROB_ECOLI	CDD:409289	37.097	62	38	1	276	337	1	61	1.40e-16	67.3
sp|P0A7I4|RF3_ECOLI	CDD:293905	31.818	88	51	4	296	380	1	82	8.88e-13	57.5
sp|P0A7I4|RF3_ECOLI	CDD:293891	30.769	91	52	4	293	379	1	84	2.73e-08	44.9
sp|P0A7L3|RL20_ECOLI	CDD:197305	65.094	106	37	0	6	111	1	106	8.95e-46	138
sp|P0A7R9|RS11_ECOLI	CDD:306838	68.807	109	34	0	19	127	1	109	1.66e-65	188
sp|P0A7S9|RS13_ECOLI	CDD:425669	59.813	107	42	1	3	108	1	107	1.11e-48	145
sp|P0A7V3|RS3_ECOLI	CDD:411783	58.333	108	45	0	2	109	1	108	5.44e-54	163
sp|P0A7V3|RS3_ECOLI	CDD:411782	31.507	73	49	1	38	109	15	87	1.57e-11	52.6
sp|P0A7V8|RS4_ECOLI	CDD:238095	41.667	60	35	0	97	156	2	61	2.86e-20	75.0
sp|P0A7W1|RS5_ECOLI	CDD:425614	62.500	64	24	0	11	74	1	64	2.58e-32	104
sp|P0A7Y0|RNC_ECOLI	CDD:380682	47.368	57	29	1	154	210	1	56	4.52e-19	72.1
sp|P0A7Y0|RNC_ECOLI	CDD:380692	44.000	50	26	1	160	209	6	53	3.32e-10	48.5
sp|P0A7Y0|RNC_ECOLI	CDD:425434	45.588	68	35	2	156	223	1	66	2.46e-08	43.4
sp|P0A7Y0|RNC_ECOLI	CDD:380681	38.182	55	32	1	155	209	1	53	1.98e-07	40.9
sp|P0A7Y0|RNC_ECOLI	CDD:380720	39.130	69	40	1	155	223	1	67	1.01e-06	38.8
sp|P0A7Y0|RNC_ECOLI	CDD:380689	29.091	55	37	1	155	209	1	53	2.40e-06	37.7
sp|P0A7Y0|RNC_ECOLI	CDD:380691	35.714	70	42	2	154	223	1	67	1.34e-05	35.7
sp|P0A7Y0|RNC_ECOLI	CDD:380683	28.070	57	37	3	155	211	1	53	6.45e-05	33.8
sp|P0A7Y0|RNC_ECOLI	CDD:380679	34.545	55	33	2	161	215	1	52	9.81e-05	33.0
sp|P0A8A8|RIMP_ECOLI	CDD:212481	41.667	72	41	1	80	150	1	72	1.13e-29	97.1
sp|P0A8I1|RUVX_ECOLI	CDD:427426	53.731	134	62	0	3	136	1	134	6.76e-73	208
sp|P0A8J8|RHLB_ECOLI	CDD:350725	39.720	214	122	3	11	219	2	213	5.73e-67	206
sp|P0A8J8|RHLB_ECOLI	CDD:350810	37.559	213	128	3	11	219	45	256	2.39e-56	180
sp|P0A8J8|RHLB_ECOLI	CDD:350722	36.620	213	125	7	16	220	1	211	1.64e-52	168
sp|P0A8J8|RHLB_ECOLI	CDD:350809	36.199	221	128	4	10	219	22	240	4.26e-44	148
sp|P0A8J8|RHLB_ECOLI	CDD:350721	37.688	199	105	8	16	209	1	185	6.09e-38	130
sp|P0A8J8|RHLB_ECOLI	CDD:350803	35.638	188	112	3	28	215	18	196	8.18e-36	124
sp|P0A8J8|RHLB_ECOLI	CDD:350806	30.804	224	138	8	9	227	18	229	2.00e-21	86.2
sp|P0A8J8|RHLB_ECOLI	CDD:350805	33.654	208	117	8	9	209	1	194	1.15e-19	80.5
sp|P0A8L1|SYS_ECOLI	CDD:426757	53.704	108	49	1	1	107	1	108	1.11e-44	145
sp|P0A968|CSPD_ECOLI	CDD:239905	48.438	64	33	0	3	66	2	65	2.58e-29	93.0
sp|P0A972|CSPE_ECOLI	CDD:239905	61.905	63	24	0	4	66	1	63	8.08e-34	104
sp|P0A978|CSPG_ECOLI	CDD:239905	58.730	63	26	0	5	67	1	63	1.35e-33	103
sp|P0A982|CSPH_ECOLI	CDD:239905	49.231	65	33	0	5	69	1	65	5.45e-21	71.8
sp|P0A986|CSPI_ECOLI	CDD:239905	60.317	63	25	0	5	67	1	63	1.27e-31	98.8
sp|P0A9M0|LON_ECOLI	CDD:426647	45.641	195	102	3	10	201	1	194	2.70e-57	187
sp|P0A9P6|DEAD_ECOLI	CDD:350725	43.128	211	105	4	7	203	1	210	3.25e-65	207
sp|P0A9P6|DEAD_ECOLI	CDD:350810	43.868	212	105	4	6	204	43	253	1.86e-62	202
sp|P0A9P6|DEAD_ECOLI	CDD:350721	40.686	204	106	6	13	209	1	196	1.05e-56	184
sp|P0A9P6|DEAD_ECOLI	CDD:350722	39.024	205	112	5	13	204	1	205	1.92e-55	181
sp|P0A9P6|DEAD_ECOLI	CDD:350803	41.379	203	116	2	8	210	1	200	1.12e-54	179
sp|P0A9P6|DEAD_ECOLI	CDD:350809	40.639	219	109	5	6	204	21	238	3.65e-47	160
sp|P0A9P6|DEAD_ECOLI	CDD:409922	61.644	73	28	0	488	560	1	73	2.49e-39	132
sp|P0A9P6|DEAD_ECOLI	CDD:350806	31.776	214	139	4	7	216	19	229	7.00e-34	122
sp|P0A9P6|DEAD_ECOLI	CDD:350805	31.884	207	134	4	7	209	2	205	3.29e-33	120
sp|P0A9P6|DEAD_ECOLI	CDD:427563	33.803	71	47	0	489	559	2	72	3.50e-23	87.0
sp|P0A9P6|DEAD_ECOLI	CDD:409698	33.333	69	46	0	489	557	2	70	4.95e-18	72.2
sp|P0A9P6|DEAD_ECOLI	CDD:350777	30.579	121	65	7	25	133	14	127	4.27e-05	38.5
sp|P0A9X9|CSPA_ECOLI	CDD:239905	62.500	64	24	0	5	68	1	64	1.81e-34	105
sp|P0A9Y6|CSPC_ECOLI	CDD:239905	62.500	64	24	0	4	67	1	64	5.40e-33	102
sp|P0AA39|RLUC_ECOLI	CDD:238095	26.136	88	46	2	20	106	1	70	5.44e-10	48.8
sp|P0AA43|RSUA_ECOLI	CDD:238095	27.143	70	47	2	1	66	1	70	7.75e-11	50.3
sp|P0AAS7|YBCJ_ECOLI	CDD:238095	30.233	43	30	0	26	68	15	57	1.11e-05	33.0
sp|P0AAW1|YBHP_ECOLI	CDD:197330	22.674	172	92	8	26	177	33	183	6.91e-07	42.4
sp|P0ACG8|HSLR_ECOLI	CDD:238095	33.333	51	33	1	9	58	1	51	4.80e-13	54.2
sp|P0ADZ4|RS15_ECOLI	CDD:425599	65.000	80	28	0	9	88	2	81	1.68e-43	129
sp|P0ADZ4|RS15_ECOLI	CDD:238213	58.228	79	33	0	8	86	2	80	6.95e-36	110
sp|P0ADZ4|RS15_ECOLI	CDD:238361	58.696	46	19	0	26	71	1	46	3.01e-17	62.5
sp|P0AEN8|FUCM_ECOLI	CDD:428264	41.429	140	71	4	3	139	1	132	3.14e-50	151
sp|P0AFF6|NUSA_ECOLI	CDD:411779	66.667	75	25	0	202	276	2	76	5.35e-41	135
sp|P0AFF6|NUSA_ECOLI	CDD:239902	41.176	68	39	1	132	199	1	67	1.85e-26	95.6
sp|P0AFF6|NUSA_ECOLI	CDD:411786	49.180	61	31	0	279	339	1	61	2.82e-26	94.9
sp|P0AFF6|NUSA_ECOLI	CDD:238094	23.438	64	43	1	138	195	1	64	3.37e-05	35.4
sp|P0AFF6|NUSA_ECOLI	CDD:411788	35.185	54	33	1	280	331	1	54	3.88e-05	35.3
sp|P0AG30|RHO_ECOLI	CDD:239906	82.353	68	12	0	51	118	1	68	2.31e-44	142
sp|P0AG51|RL30_ECOLI	CDD:100100	57.407	54	23	0	5	58	1	54	7.53e-28	88.2
sp|P0AG51|RL30_ECOLI	CDD:100098	52.830	53	25	0	6	58	1	53	6.14e-23	75.9
sp|P0AG67|RS1_ECOLI	CDD:240193	75.000	68	17	0	191	258	1	68	9.67e-39	130
sp|P0AG67|RS1_ECOLI	CDD:240193	54.930	71	28	3	363	432	1	68	6.71e-21	80.4
sp|P0AG67|RS1_ECOLI	CDD:240194	90.278	72	7	0	274	345	1	72	2.60e-38	129
sp|P0AG67|RS1_ECOLI	CDD:240194	52.857	70	31	2	191	258	3	72	7.62e-18	71.8
sp|P0AG67|RS1_ECOLI	CDD:240194	42.029	69	40	0	364	432	4	72	5.11e-14	61.1
sp|P0AG67|RS1_ECOLI	CDD:240194	39.706	68	40	1	451	517	4	71	9.22e-07	40.3
sp|P0AG67|RS1_ECOLI	CDD:240195	69.565	69	21	0	364	432	1	69	6.27e-37	125
sp|P0AG67|RS1_ECOLI	CDD:240195	53.623	69	30	2	192	258	1	69	9.72e-22	82.5
sp|P0AG67|RS1_ECOLI	CDD:240195	47.826	69	36	0	277	345	1	69	2.65e-18	72.9
sp|P0AG67|RS1_ECOLI	CDD:240195	32.353	68	45	1	451	517	1	68	3.13e-06	38.6
sp|P0AG67|RS1_ECOLI	CDD:240196	76.712	73	17	0	451	523	1	73	2.33e-33	115
sp|P0AG67|RS1_ECOLI	CDD:240196	36.232	69	43	1	195	262	4	72	8.55e-11	51.9
sp|P0AG67|RS1_ECOLI	CDD:240196	30.137	73	50	1	364	436	1	72	1.08e-08	45.7
sp|P0AG67|RS1_ECOLI	CDD:239911	56.061	66	29	0	106	171	2	67	3.15e-29	103
sp|P0AG67|RS1_ECOLI	CDD:239911	38.571	70	40	2	451	520	1	67	3.32e-07	41.3
sp|P0AG67|RS1_ECOLI	CDD:240190	55.224	67	29	1	192	257	1	67	3.87e-22	83.8
sp|P0AG67|RS1_ECOLI	CDD:240190	55.072	69	28	2	277	344	1	67	5.45e-14	60.7
sp|P0AG67|RS1_ECOLI	CDD:240190	34.286	70	41	2	364	431	1	67	7.55e-10	48.8
sp|P0AG67|RS1_ECOLI	CDD:240190	35.294	68	44	0	451	518	1	68	1.69e-08	44.9
sp|P0AG67|RS1_ECOLI	CDD:238094	50.769	65	31	1	195	258	1	65	7.04e-19	74.3
sp|P0AG67|RS1_ECOLI	CDD:238094	50.769	65	32	0	454	518	1	65	1.08e-14	62.4
sp|P0AG67|RS1_ECOLI	CDD:238094	45.455	66	35	1	367	432	1	65	2.08e-14	61.6
sp|P0AG67|RS1_ECOLI	CDD:238094	53.030	66	30	1	280	345	1	65	1.13e-13	59.7
sp|P0AG67|RS1_ECOLI	CDD:238094	29.231	65	43	2	108	169	1	65	9.61e-05	34.3
sp|P0AG67|RS1_ECOLI	CDD:240192	48.571	70	33	1	21	87	1	70	2.26e-18	73.3
sp|P0AG67|RS1_ECOLI	CDD:240192	35.714	70	45	0	451	520	1	70	4.19e-13	58.3
sp|P0AG67|RS1_ECOLI	CDD:240192	32.812	64	42	1	195	257	4	67	9.83e-07	40.2
sp|P0AG67|RS1_ECOLI	CDD:240192	29.412	68	47	1	364	431	1	67	1.99e-05	36.4
sp|P0AG67|RS1_ECOLI	CDD:240213	41.667	72	40	1	191	260	2	73	5.43e-17	69.7
sp|P0AG67|RS1_ECOLI	CDD:240213	41.667	72	40	2	364	434	3	73	7.21e-17	69.3
sp|P0AG67|RS1_ECOLI	CDD:240213	45.946	74	36	3	276	347	2	73	1.48e-11	53.9
sp|P0AG67|RS1_ECOLI	CDD:240213	35.135	74	47	1	449	521	1	74	4.35e-06	38.5
sp|P0AG67|RS1_ECOLI	CDD:240197	47.143	70	35	2	192	260	1	69	8.19e-17	68.9
sp|P0AG67|RS1_ECOLI	CDD:240197	40.000	70	41	1	451	520	1	69	7.60e-14	60.4
sp|P0AG67|RS1_ECOLI	CDD:240197	41.667	72	38	3	364	434	1	69	2.58e-13	58.8
sp|P0AG67|RS1_ECOLI	CDD:240197	43.056	72	37	3	277	347	1	69	1.94e-11	53.4
sp|P0AG67|RS1_ECOLI	CDD:239918	43.284	67	36	2	192	257	1	66	2.12e-15	64.5
sp|P0AG67|RS1_ECOLI	CDD:239918	47.059	68	35	1	451	518	1	67	1.58e-12	56.4
sp|P0AG67|RS1_ECOLI	CDD:239918	43.056	72	31	3	364	431	1	66	1.03e-09	48.7
sp|P0AG67|RS1_ECOLI	CDD:239918	47.059	34	18	0	277	310	1	34	5.99e-08	43.7
sp|P0AG67|RS1_ECOLI	CDD:240189	32.857	70	40	3	196	260	5	72	5.86e-14	61.1
sp|P0AG67|RS1_ECOLI	CDD:240189	40.000	70	37	2	281	347	5	72	1.20e-11	54.2
sp|P0AG67|RS1_ECOLI	CDD:240189	34.286	70	41	2	368	434	5	72	1.88e-08	45.3
sp|P0AG67|RS1_ECOLI	CDD:240202	35.211	71	39	3	364	431	1	67	9.63e-12	54.2
sp|P0AG67|RS1_ECOLI	CDD:240202	34.783	69	44	1	192	259	1	69	1.96e-10	50.7
sp|P0AG67|RS1_ECOLI	CDD:240191	41.538	65	35	2	196	257	8	72	1.46e-11	54.0
sp|P0AG67|RS1_ECOLI	CDD:240191	34.286	70	42	3	452	518	5	73	6.99e-06	37.8
sp|P0AG67|RS1_ECOLI	CDD:239917	29.114	79	45	3	364	431	2	80	1.27e-08	45.9
sp|P0AG67|RS1_ECOLI	CDD:239917	42.857	35	19	1	277	310	2	36	1.71e-07	42.8
sp|P0AG67|RS1_ECOLI	CDD:240203	30.000	70	48	1	192	260	1	70	1.20e-06	39.9
sp|P0AG67|RS1_ECOLI	CDD:240203	32.394	71	47	1	277	347	1	70	6.63e-06	38.0
sp|P0AG67|RS1_ECOLI	CDD:240203	27.143	70	51	0	451	520	1	70	4.93e-05	35.3
sp|P0AG67|RS1_ECOLI	CDD:239907	30.952	84	42	3	367	435	3	85	1.57e-06	40.3
sp|P0AG67|RS1_ECOLI	CDD:239907	38.710	62	37	1	195	255	3	64	3.30e-06	39.6
sp|P0AG67|RS1_ECOLI	CDD:240211	33.333	72	48	0	449	520	2	73	1.65e-06	39.5
sp|P0AG67|RS1_ECOLI	CDD:240211	24.324	74	51	2	276	347	3	73	1.89e-05	36.5
sp|P0AG67|RS1_ECOLI	CDD:240211	25.714	70	51	1	362	431	2	70	3.03e-05	36.1
sp|P0AG67|RS1_ECOLI	CDD:239919	36.066	61	30	2	186	245	11	63	5.75e-06	38.4
sp|P0AG67|RS1_ECOLI	CDD:240212	27.397	73	40	3	192	257	1	67	8.83e-06	37.3
sp|P0AG67|RS1_ECOLI	CDD:240212	27.778	72	43	2	364	431	1	67	6.97e-05	35.0
sp|P0AG67|RS1_ECOLI	CDD:240210	23.944	71	52	1	363	431	3	73	1.08e-05	37.4
sp|P0AG67|RS1_ECOLI	CDD:240207	26.667	60	42	1	451	508	1	60	2.46e-05	36.0
sp|P0AG67|RS1_ECOLI	CDD:240207	28.814	59	39	2	364	420	1	58	3.00e-05	36.0
sp|P0AG67|RS1_ECOLI	CDD:239901	23.077	65	44	2	450	511	6	67	3.81e-05	36.0
sp|P0AGD7|SRP54_ECOLI	CDD:349786	69.072	194	59	1	101	294	1	193	1.82e-121	346
sp|P0AGD7|SRP54_ECOLI	CDD:349769	57.216	194	82	1	101	294	1	193	6.20e-102	296
sp|P0AGD7|SRP54_ECOLI	CDD:349783	43.000	200	107	2	101	294	1	199	8.27e-68	209
sp|P0AGD7|SRP54_ECOLI	CDD:349784	41.451	193	112	1	102	294	2	193	1.77e-66	205
sp|P0AGJ5|YFIF_ECOLI	CDD:429793	31.944	72	47	2	110	180	2	72	6.13e-15	62.6
sp|P0AGJ9|SYY_ECOLI	CDD:238095	32.609	46	31	0	359	404	3	48	8.49e-08	43.0
sp|P0C018|RL18_ECOLI	CDD:395691	59.140	93	36	1	25	117	26	116	6.53e-38	118
sp|P0CE47|EFTU1_ECOLI	CDD:294006	87.778	90	11	0	300	389	1	90	1.93e-67	202
sp|P0CE47|EFTU1_ECOLI	CDD:293898	78.161	87	19	0	211	297	1	87	3.39e-54	168
sp|P0CE47|EFTU1_ECOLI	CDD:293894	42.222	90	42	2	207	292	1	84	2.31e-22	84.2
sp|P0CE47|EFTU1_ECOLI	CDD:293899	31.765	85	56	2	210	294	1	83	1.19e-11	54.0
sp|P0CE47|EFTU1_ECOLI	CDD:293906	33.333	93	40	4	210	293	1	80	3.24e-11	52.9
sp|P0CE47|EFTU1_ECOLI	CDD:293912	35.714	84	52	1	210	293	1	82	1.60e-10	51.0
sp|P0CE48|EFTU2_ECOLI	CDD:294006	87.778	90	11	0	300	389	1	90	1.43e-67	202
sp|P0CE48|EFTU2_ECOLI	CDD:293898	78.161	87	19	0	211	297	1	87	2.46e-54	168
sp|P0CE48|EFTU2_ECOLI	CDD:293894	42.222	90	42	2	207	292	1	84	2.17e-22	84.5
sp|P0CE48|EFTU2_ECOLI	CDD:293899	31.765	85	56	2	210	294	1	83	1.24e-11	54.0
sp|P0CE48|EFTU2_ECOLI	CDD:293906	33.333	93	40	4	210	293	1	80	2.91e-11	52.9
sp|P0CE48|EFTU2_ECOLI	CDD:293912	35.714	84	52	1	210	293	1	82	1.55e-10	51.0
sp|P0CG19|RNPH_ECOLI	CDD:206766	27.536	207	135	5	12	210	2	201	1.20e-43	140
sp|P0CG19|RNPH_ECOLI	CDD:206771	32.821	195	104	5	10	198	1	174	2.34e-35	118
sp|P0CG19|RNPH_ECOLI	CDD:206770	26.638	229	140	9	2	211	17	236	2.11e-21	83.0
sp|P10121|FTSY_ECOLI	CDD:349783	69.849	199	60	0	294	492	1	199	7.02e-124	354
sp|P10121|FTSY_ECOLI	CDD:349769	54.774	199	84	1	294	492	1	193	1.07e-100	295
sp|P10121|FTSY_ECOLI	CDD:349786	48.958	192	92	1	295	486	2	187	5.20e-71	218
sp|P10121|FTSY_ECOLI	CDD:349784	41.206	199	111	1	294	492	1	193	6.83e-57	181
sp|P11875|SYR_ECOLI	CDD:153410	48.718	156	78	2	423	577	2	156	2.30e-63	199
sp|P14081|SELB_ECOLI	CDD:293898	29.762	84	56	2	175	256	1	83	1.02e-07	43.7
sp|P14081|SELB_ECOLI	CDD:293912	27.907	86	60	2	174	259	1	84	1.21e-06	40.6
sp|P14081|SELB_ECOLI	CDD:293894	26.582	79	57	1	176	254	6	83	1.27e-06	40.6
sp|P15770|AROE_ECOLI	CDD:133452	38.667	75	39	3	119	190	178	248	2.28e-13	62.3
sp|P21499|RNR_ECOLI	CDD:239917	57.831	83	35	0	643	725	1	83	1.77e-42	142
sp|P21499|RNR_ECOLI	CDD:239907	37.500	80	48	1	646	725	2	79	9.40e-16	67.3
sp|P21499|RNR_ECOLI	CDD:238094	31.169	77	41	2	647	723	1	65	4.10e-11	52.8
sp|P21499|RNR_ECOLI	CDD:240213	23.529	85	54	2	643	727	2	75	5.29e-11	53.1
sp|P21499|RNR_ECOLI	CDD:240195	37.037	81	38	4	644	724	1	68	3.48e-10	50.6
sp|P21499|RNR_ECOLI	CDD:240190	30.952	84	38	4	644	723	1	68	1.02e-09	49.2
sp|P21499|RNR_ECOLI	CDD:240189	41.026	39	21	1	644	680	1	39	3.79e-09	47.6
sp|P21499|RNR_ECOLI	CDD:239919	29.630	81	36	3	643	723	16	75	9.30e-08	43.7
sp|P21499|RNR_ECOLI	CDD:240191	28.916	83	47	3	642	724	2	72	1.41e-07	43.2
sp|P21499|RNR_ECOLI	CDD:240193	28.395	81	45	3	643	723	1	68	2.08e-07	42.6
sp|P21499|RNR_ECOLI	CDD:240197	28.395	81	43	4	644	723	1	67	1.40e-05	37.3
sp|P21499|RNR_ECOLI	CDD:239918	29.762	84	38	6	644	723	1	67	1.55e-05	37.1
sp|P21507|SRMB_ECOLI	CDD:350725	38.579	197	104	4	23	206	19	211	2.18e-51	166
sp|P21507|SRMB_ECOLI	CDD:350722	39.535	172	90	7	40	200	31	199	2.46e-46	153
sp|P21507|SRMB_ECOLI	CDD:350810	39.583	192	106	3	23	205	62	252	1.94e-43	147
sp|P21507|SRMB_ECOLI	CDD:350803	34.574	188	118	3	23	210	18	200	5.60e-31	112
sp|P21507|SRMB_ECOLI	CDD:350721	32.749	171	104	8	42	210	34	195	8.17e-31	111
sp|P21507|SRMB_ECOLI	CDD:350809	35.047	214	92	7	24	206	41	238	1.88e-29	109
sp|P21507|SRMB_ECOLI	CDD:350806	32.804	189	116	7	23	207	37	218	4.43e-16	70.8
sp|P21507|SRMB_ECOLI	CDD:350805	31.579	209	128	9	5	207	2	201	1.04e-15	69.4
sp|P21513|RNE_ECOLI	CDD:238094	17.105	76	52	2	42	117	1	65	4.68e-08	44.7
sp|P21513|RNE_ECOLI	CDD:240197	30.882	68	35	3	44	110	6	62	1.23e-06	40.7
sp|P21513|RNE_ECOLI	CDD:239918	29.167	72	39	3	41	111	3	63	2.07e-06	39.8
sp|P21693|DBPA_ECOLI	CDD:350725	39.216	204	104	6	4	191	2	201	5.87e-60	189
sp|P21693|DBPA_ECOLI	CDD:350722	41.414	198	103	5	10	194	1	198	2.03e-59	188
sp|P21693|DBPA_ECOLI	CDD:350810	45.833	192	86	6	15	191	55	243	3.81e-55	178
sp|P21693|DBPA_ECOLI	CDD:350809	41.799	189	89	4	23	191	41	228	7.08e-46	153
sp|P21693|DBPA_ECOLI	CDD:350721	34.171	199	124	4	10	205	1	195	9.68e-45	148
sp|P21693|DBPA_ECOLI	CDD:350803	36.126	191	121	1	15	205	11	200	1.91e-44	148
sp|P21693|DBPA_ECOLI	CDD:409924	63.014	73	27	0	384	456	1	73	7.70e-42	136
sp|P21693|DBPA_ECOLI	CDD:350806	32.323	198	125	5	15	207	30	223	2.23e-27	103
sp|P21693|DBPA_ECOLI	CDD:427563	45.833	72	39	0	384	455	1	72	2.30e-25	92.4
sp|P21693|DBPA_ECOLI	CDD:350805	31.343	201	131	5	10	206	8	205	3.06e-24	93.6
sp|P21693|DBPA_ECOLI	CDD:409698	38.028	71	44	0	384	454	1	71	2.90e-19	75.3
sp|P21693|DBPA_ECOLI	CDD:409923	35.714	70	45	0	385	454	2	71	2.91e-08	44.4
sp|P21693|DBPA_ECOLI	CDD:409922	25.714	70	52	0	387	456	4	73	2.55e-06	38.7
sp|P21888|SYC_ECOLI	CDD:153417	64.103	156	55	1	306	460	1	156	9.71e-79	235
sp|P21888|SYC_ECOLI	CDD:153409	32.584	89	51	3	306	393	1	81	6.67e-31	108
sp|P21888|SYC_ECOLI	CDD:153408	25.424	118	56	3	306	392	1	117	1.61e-16	69.1
sp|P23845|CYSN_ECOLI	CDD:293912	34.091	88	44	4	245	324	1	82	7.14e-09	46.4
sp|P23845|CYSN_ECOLI	CDD:293906	30.337	89	44	5	245	324	1	80	9.34e-06	37.5
sp|P23845|CYSN_ECOLI	CDD:293894	29.348	92	53	3	245	329	4	90	2.05e-05	36.8
sp|P25888|RHLE_ECOLI	CDD:350725	47.945	219	106	4	2	212	1	219	6.36e-86	256
sp|P25888|RHLE_ECOLI	CDD:350810	44.762	210	109	3	1	203	43	252	1.41e-76	234
sp|P25888|RHLE_ECOLI	CDD:350809	44.248	226	110	5	2	212	22	246	1.08e-67	210
sp|P25888|RHLE_ECOLI	CDD:350722	43.500	200	103	6	8	198	1	199	3.99e-64	200
sp|P25888|RHLE_ECOLI	CDD:350803	38.278	209	117	3	3	208	1	200	2.02e-49	161
sp|P25888|RHLE_ECOLI	CDD:350721	35.437	206	117	5	8	208	1	195	1.31e-45	151
sp|P25888|RHLE_ECOLI	CDD:350806	33.180	217	115	9	2	205	19	218	6.25e-32	115
sp|P25888|RHLE_ECOLI	CDD:350805	32.877	219	113	8	2	205	2	201	2.14e-27	102
sp|P27254|ARGK_ECOLI	CDD:349769	22.034	177	107	6	61	224	7	165	2.74e-05	37.7
sp|P30015|LHR_ECOLI	CDD:350777	28.634	227	124	11	11	227	4	202	8.82e-17	74.3
sp|P30015|LHR_ECOLI	CDD:350722	28.931	159	90	8	27	180	14	154	9.43e-15	68.4
sp|P30015|LHR_ECOLI	CDD:350782	31.183	186	85	7	43	227	46	189	4.33e-13	63.6
sp|P30958|MFD_ECOLI	CDD:350777	26.829	164	87	11	598	741	11	161	7.98e-06	41.6
sp|P32132|TYPA_ECOLI	CDD:293905	33.784	74	46	2	217	290	13	83	2.25e-11	53.7
sp|P32132|TYPA_ECOLI	CDD:293899	28.767	73	45	3	204	276	1	66	2.26e-05	36.7
sp|P32132|TYPA_ECOLI	CDD:293913	30.000	70	41	3	219	281	17	85	2.66e-05	36.8
sp|P32684|RLUF_ECOLI	CDD:238095	41.429	70	38	3	7	73	1	70	4.71e-13	56.9
sp|P33643|RLUD_ECOLI	CDD:238095	36.250	80	41	1	18	97	1	70	5.11e-17	68.4
sp|P36929|RSMB_ECOLI	CDD:238343	47.619	126	65	1	5	129	1	126	1.36e-55	174
sp|P36929|RSMB_ECOLI	CDD:238253	33.846	130	79	4	6	129	1	129	1.34e-32	113
sp|P36929|RSMB_ECOLI	CDD:238342	26.923	130	83	6	4	125	1	126	3.77e-06	39.6
sp|P36995|CSPB_ECOLI	CDD:239905	56.923	65	28	0	5	69	1	65	2.98e-32	100
sp|P37024|HRPB_ECOLI	CDD:350730	32.961	179	111	4	2	174	57	232	7.22e-23	91.8
sp|P37765|RLUB_ECOLI	CDD:238095	38.710	62	34	3	5	64	3	62	3.24e-09	46.5
sp|P39286|RSGA_ECOLI	CDD:239912	28.767	73	42	3	41	109	2	68	3.58e-10	49.1
sp|P39300|ULAG_ECOLI	CDD:293853	31.429	70	24	4	54	123	20	65	1.81e-05	38.6
sp|P39346|IDND_ECOLI	CDD:133452	28.736	87	55	3	161	246	169	249	4.56e-05	38.0
sp|P42589|YGJH_ECOLI	CDD:239197	37.037	108	65	3	4	109	1	107	4.54e-46	138
sp|P42589|YGJH_ECOLI	CDD:239066	46.465	99	50	2	14	109	1	99	3.31e-37	115
sp|P42589|YGJH_ECOLI	CDD:239198	42.308	104	59	1	8	110	2	105	2.19e-35	111
sp|P42589|YGJH_ECOLI	CDD:239199	43.396	106	58	1	4	109	1	104	7.07e-35	109
sp|P42589|YGJH_ECOLI	CDD:239196	35.955	89	27	5	16	87	3	78	1.48e-12	52.9
sp|P43329|HRPA_ECOLI	CDD:350730	40.782	179	97	4	77	249	59	234	7.14e-39	138
sp|P45577|PROQ_ECOLI	CDD:238145	30.097	103	66	4	21	120	47	146	3.01e-13	59.1
sp|P46837|YHGF_ECOLI	CDD:435655	63.492	126	43	2	328	451	1	125	1.90e-71	223
sp|P46837|YHGF_ECOLI	CDD:240190	63.235	68	25	0	651	718	1	68	1.39e-37	128
sp|P46837|YHGF_ECOLI	CDD:240197	50.000	70	34	1	651	720	1	69	7.75e-25	92.0
sp|P46837|YHGF_ECOLI	CDD:240193	52.941	68	31	1	650	717	1	67	4.39e-24	89.6
sp|P46837|YHGF_ECOLI	CDD:239918	55.072	69	30	1	651	719	1	68	1.98e-20	79.5
sp|P46837|YHGF_ECOLI	CDD:238094	53.846	65	30	0	654	718	1	65	2.18e-20	79.3
sp|P46837|YHGF_ECOLI	CDD:240189	43.243	74	36	3	651	720	1	72	4.44e-18	73.0
sp|P46837|YHGF_ECOLI	CDD:240195	39.706	68	40	1	651	717	1	68	7.13e-16	66.4
sp|P46837|YHGF_ECOLI	CDD:240213	38.028	71	43	1	651	720	3	73	3.02e-15	65.0
sp|P46837|YHGF_ECOLI	CDD:240194	44.928	69	35	2	651	717	4	71	3.52e-14	61.8
sp|P46837|YHGF_ECOLI	CDD:239917	36.145	83	37	4	651	719	2	82	7.64e-14	61.3
sp|P46837|YHGF_ECOLI	CDD:240191	42.647	68	37	2	653	719	6	72	1.02e-13	60.6
sp|P46837|YHGF_ECOLI	CDD:239907	37.778	90	36	5	653	726	2	87	1.25e-13	61.1
sp|P46837|YHGF_ECOLI	CDD:240211	35.616	73	47	0	648	720	1	73	4.24e-13	58.8
sp|P46837|YHGF_ECOLI	CDD:240212	35.294	68	44	0	651	718	1	68	1.10e-11	54.6
sp|P46837|YHGF_ECOLI	CDD:240202	33.824	68	45	0	651	718	1	68	2.70e-11	53.4
sp|P46837|YHGF_ECOLI	CDD:240203	31.429	70	48	0	651	720	1	70	1.29e-10	51.5
sp|P46837|YHGF_ECOLI	CDD:239919	36.842	57	36	0	644	700	10	66	1.49e-10	51.5
sp|P46837|YHGF_ECOLI	CDD:240192	38.983	59	36	0	651	709	1	59	5.42e-10	49.8
sp|P46837|YHGF_ECOLI	CDD:258777	33.750	80	46	1	384	456	66	145	1.00e-08	48.7
sp|P46837|YHGF_ECOLI	CDD:240196	35.714	70	45	0	651	720	1	70	8.34e-08	43.8
sp|P46837|YHGF_ECOLI	CDD:240209	34.426	61	39	1	648	707	1	61	1.67e-06	40.0
sp|P46837|YHGF_ECOLI	CDD:239911	36.620	71	40	3	651	720	1	67	1.90e-06	39.7
sp|P46837|YHGF_ECOLI	CDD:240215	22.368	76	54	2	649	720	5	79	3.50e-06	39.5
sp|P50465|END8_ECOLI	CDD:399664	30.380	79	52	1	127	205	2	77	5.68e-12	54.2
sp|P52097|TILS_ECOLI	CDD:432032	56.757	74	30	2	356	427	1	74	1.69e-27	98.1
sp|P55798|PRP1_ECOLI	CDD:277366	22.222	234	118	10	23	213	4	216	1.42e-12	58.3
sp|P55799|PRP2_ECOLI	CDD:277366	34.615	78	30	4	19	79	2	75	1.37e-08	46.7
sp|P60340|TRUB_ECOLI	CDD:211339	55.399	213	92	2	13	222	1	213	5.08e-128	358
sp|P60340|TRUB_ECOLI	CDD:211323	52.381	210	97	2	13	219	1	210	9.87e-112	316
sp|P60340|TRUB_ECOLI	CDD:409294	57.377	61	25	1	249	309	1	60	2.25e-23	84.9
sp|P60340|TRUB_ECOLI	CDD:430437	58.621	58	23	1	252	309	1	57	6.78e-23	83.8
sp|P60340|TRUB_ECOLI	CDD:409289	20.690	58	38	2	252	302	1	57	3.68e-06	38.0
sp|P60624|RL24_ECOLI	CDD:240513	56.061	66	27	2	8	72	1	65	2.49e-23	79.1
sp|P60785|LEPA_ECOLI	CDD:293900	53.488	86	40	0	191	276	1	86	1.80e-43	144
sp|P60785|LEPA_ECOLI	CDD:293905	29.114	79	45	5	201	275	11	82	1.16e-06	40.6
sp|P63177|RLMB_ECOLI	CDD:429793	36.111	72	45	1	5	76	2	72	6.95e-20	75.0
sp|P65292|YGDI_ECOLI	CDD:428717	57.143	49	21	0	24	72	1	49	1.26e-25	83.4
sp|P65294|YGDR_ECOLI	CDD:428717	59.184	49	20	0	23	71	1	49	1.32e-25	83.0
sp|P67603|YQFB_ECOLI	CDD:398105	32.000	100	63	2	6	101	1	99	1.96e-23	80.5
sp|P69222|IF1_ECOLI	CDD:239898	78.125	64	14	0	7	70	1	64	4.81e-40	119
sp|P69222|IF1_ECOLI	CDD:240219	31.746	63	42	1	8	70	1	62	3.50e-09	42.1
sp|P69222|IF1_ECOLI	CDD:239912	27.451	51	36	1	9	59	1	50	3.15e-06	34.5
sp|P69222|IF1_ECOLI	CDD:238094	33.871	62	36	2	10	67	2	62	2.47e-05	32.4
sp|P69222|IF1_ECOLI	CDD:239903	32.812	64	41	2	8	70	1	63	6.63e-05	31.4
sp|P75876|RLMI_ECOLI	CDD:211413	45.000	100	54	1	77	176	1	99	1.40e-38	127
sp|P75876|RLMI_ECOLI	CDD:409295	57.143	70	30	0	3	72	1	70	1.32e-33	113
sp|P75876|RLMI_ECOLI	CDD:436043	39.062	64	39	0	5	68	1	64	2.01e-24	89.1
sp|P75876|RLMI_ECOLI	CDD:409289	27.397	73	44	2	4	68	2	73	1.07e-12	56.5
sp|P76257|YOAA_ECOLI	CDD:350782	35.000	100	48	7	7	102	21	107	3.86e-07	44.7
sp|P76273|RSMF_ECOLI	CDD:433368	38.000	50	31	0	421	470	1	50	1.34e-13	58.7
sp|Q46877|NORV_ECOLI	CDD:293853	30.769	78	44	5	32	104	12	84	4.42e-09	49.8
sp|Q46877|NORV_ECOLI	CDD:293820	31.343	67	44	2	39	103	16	82	5.76e-05	37.3
