sp|O33925|SYM_THEMA	CDD:239199	68.571	105	33	0	525	629	1	105	4.09e-59	187
sp|O33925|SYM_THEMA	CDD:153411	38.583	127	78	0	345	471	1	127	4.34e-50	163
sp|O33925|SYM_THEMA	CDD:239066	47.475	99	47	2	535	628	1	99	1.30e-38	131
sp|O33925|SYM_THEMA	CDD:239197	38.318	107	63	3	525	628	1	107	2.83e-34	119
sp|O33925|SYM_THEMA	CDD:239198	38.095	105	62	2	528	629	1	105	2.96e-30	108
sp|O33925|SYM_THEMA	CDD:239196	40.000	85	34	5	535	608	1	79	1.09e-12	58.3
sp|O33925|SYM_THEMA	CDD:153408	23.585	106	78	2	350	453	7	111	3.01e-08	46.0
sp|O33925|SYM_THEMA	CDD:153415	29.204	113	68	7	382	487	49	156	1.65e-07	45.2
sp|O33925|SYM_THEMA	CDD:153416	29.167	96	58	5	382	472	44	134	2.98e-05	37.9
sp|O54310|CSP_THEMA	CDD:239905	61.538	65	24	1	1	64	1	65	3.28e-30	95.0
sp|P13537|EFTU_THEMA	CDD:294006	73.626	91	23	1	305	395	1	90	1.02e-61	188
sp|P13537|EFTU_THEMA	CDD:293898	73.864	88	22	1	215	302	1	87	4.05e-51	160
sp|P13537|EFTU_THEMA	CDD:293894	42.697	89	44	2	211	297	1	84	1.30e-24	90.7
sp|P13537|EFTU_THEMA	CDD:293912	37.931	87	51	2	214	300	1	84	8.96e-13	57.1
sp|P13537|EFTU_THEMA	CDD:293899	34.091	88	51	3	214	299	1	83	5.88e-12	54.8
sp|P13537|EFTU_THEMA	CDD:293906	29.787	94	43	3	214	298	1	80	3.46e-11	52.9
sp|P38513|RL24_THEMA	CDD:240513	61.538	65	25	0	6	70	1	65	1.02e-27	90.3
sp|P38525|EFG_THEMA	CDD:293905	62.651	83	31	0	309	391	1	83	1.79e-46	153
sp|P38525|EFG_THEMA	CDD:293891	34.940	83	54	0	307	389	2	84	1.70e-10	51.5
sp|P38525|EFG_THEMA	CDD:293913	29.885	87	50	3	316	391	10	96	1.65e-06	40.7
sp|P38525|EFG_THEMA	CDD:293900	27.551	98	40	4	311	391	3	86	4.11e-06	39.3
sp|P38526|RS7_THEMA	CDD:271248	66.667	138	46	0	11	148	1	138	1.26e-93	261
sp|P38526|RS7_THEMA	CDD:271250	58.219	146	61	0	8	153	1	146	1.12e-73	211
sp|P38526|RS7_THEMA	CDD:271249	41.290	155	75	2	16	154	45	199	2.86e-54	163
sp|P38526|RS7_THEMA	CDD:271245	46.923	130	69	0	19	148	1	130	8.27e-49	147
sp|P38526|RS7_THEMA	CDD:271251	38.889	144	79	3	21	155	3	146	2.91e-45	139
sp|P38526|RS7_THEMA	CDD:271247	39.286	140	78	2	11	148	17	151	4.43e-39	123
sp|P38526|RS7_THEMA	CDD:271246	34.194	155	85	4	3	148	39	185	4.15e-33	109
sp|P38527|RHO_THEMA	CDD:239906	67.647	68	22	0	58	125	1	68	5.61e-38	126
sp|P46213|SYI_THEMA	CDD:153414	56.354	181	78	1	632	812	1	180	9.19e-90	276
sp|P46213|SYI_THEMA	CDD:153415	31.429	175	111	5	642	809	8	180	3.46e-29	108
sp|P46213|SYI_THEMA	CDD:153416	31.387	137	86	3	638	770	3	135	1.25e-26	99.6
sp|P46213|SYI_THEMA	CDD:153408	28.800	125	80	4	635	759	2	117	2.76e-17	72.5
sp|P46213|SYI_THEMA	CDD:153413	19.820	111	72	4	659	768	21	115	1.37e-08	47.6
sp|P46213|SYI_THEMA	CDD:153411	24.299	107	65	6	671	770	32	129	7.10e-05	37.1
sp|P46772|RS3_THEMA	CDD:411783	53.211	109	49	2	2	109	1	108	2.63e-48	147
sp|P46772|RS3_THEMA	CDD:411782	29.670	91	55	5	21	109	4	87	2.02e-09	46.8
sp|P56866|IF1_THEMA	CDD:239898	75.000	64	16	0	7	70	1	64	2.77e-36	110
sp|P56866|IF1_THEMA	CDD:240219	26.667	60	43	1	11	70	4	62	4.83e-06	34.4
tr|Q9WXM0|Q9WXM0_THEMA	CDD:350802	36.042	283	83	5	171	448	2	191	3.46e-75	233
tr|Q9WXM0|Q9WXM0_THEMA	CDD:350797	30.903	288	134	15	171	448	2	234	4.45e-41	143
sp|Q9WY15|SYL_THEMA	CDD:153412	46.341	123	60	3	619	741	1	117	6.93e-48	159
sp|Q9WY15|SYL_THEMA	CDD:153413	31.746	126	74	6	619	741	1	117	1.11e-17	73.4
sp|Q9WY15|SYL_THEMA	CDD:153415	22.872	188	98	11	620	771	2	178	6.13e-11	55.6
sp|Q9WY15|SYL_THEMA	CDD:153411	21.600	125	74	5	627	738	13	126	7.88e-09	48.3
sp|Q9WY15|SYL_THEMA	CDD:153408	23.636	110	71	4	633	730	9	117	1.14e-08	47.5
sp|Q9WY15|SYL_THEMA	CDD:153416	22.137	131	88	4	624	741	6	135	1.54e-08	47.6
sp|Q9WY15|SYL_THEMA	CDD:153414	22.137	131	82	7	666	779	52	179	9.46e-07	43.3
tr|Q9WY35|Q9WY35_THEMA	CDD:427805	83.951	81	13	0	3	83	1	81	6.36e-47	138
tr|Q9WY48|Q9WY48_THEMA	CDD:350721	27.044	159	89	8	384	525	28	176	1.17e-05	40.3
sp|Q9WY60|SYGB_THEMA	CDD:153413	22.500	80	60	2	565	643	14	92	3.69e-05	37.2
tr|Q9WY66|Q9WY66_THEMA	CDD:238095	46.000	50	25	2	1	48	1	50	1.52e-08	40.7
tr|Q9WYA2|Q9WYA2_THEMA	CDD:238095	34.286	70	41	2	1	65	1	70	4.66e-15	61.9
sp|Q9WYD0|PROB_THEMA	CDD:426278	45.946	74	40	0	263	336	1	74	4.22e-25	90.6
sp|Q9WYD0|PROB_THEMA	CDD:409289	36.066	61	39	0	263	323	1	61	1.06e-12	56.5
sp|Q9WYD0|PROB_THEMA	CDD:436043	33.333	63	37	2	265	326	1	59	6.08e-09	45.5
sp|Q9WYD0|PROB_THEMA	CDD:409295	29.825	57	39	1	264	319	2	58	7.07e-09	45.7
sp|Q9WYD0|PROB_THEMA	CDD:409300	31.169	77	48	2	264	336	3	78	7.20e-05	34.5
sp|Q9WYI1|AROE_THEMA	CDD:133452	32.692	52	33	1	126	175	196	247	6.61e-07	42.6
tr|Q9WYJ8|Q9WYJ8_THEMA	CDD:428644	32.353	442	276	11	4	423	1	441	4.81e-114	340
tr|Q9WYT3|Q9WYT3_THEMA	CDD:238095	37.500	80	37	3	14	92	2	69	1.78e-14	61.1
sp|Q9WYU8|SYY_THEMA	CDD:238095	28.788	66	45	1	336	401	3	66	3.54e-09	46.5
sp|Q9WYZ6|HFQ_THEMA	CDD:435788	65.079	63	22	0	9	71	1	63	9.87e-39	117
sp|Q9WYZ6|HFQ_THEMA	CDD:212463	66.667	60	20	0	8	67	1	60	2.56e-33	103
tr|Q9WZ07|Q9WZ07_THEMA	CDD:426757	35.227	88	49	2	509	590	8	93	8.24e-06	39.1
tr|Q9WZ40|Q9WZ40_THEMA	CDD:349783	73.367	199	53	0	93	291	1	199	1.22e-115	325
tr|Q9WZ40|Q9WZ40_THEMA	CDD:349769	56.784	199	80	1	93	291	1	193	2.19e-78	230
tr|Q9WZ40|Q9WZ40_THEMA	CDD:349786	50.000	192	90	1	94	285	2	187	2.09e-68	205
tr|Q9WZ40|Q9WZ40_THEMA	CDD:349784	43.216	199	107	1	93	291	1	193	5.54e-58	178
sp|Q9WZ48|TILS_THEMA	CDD:432032	44.444	54	27	2	332	383	3	55	4.02e-15	63.8
sp|Q9WZ72|RS6_THEMA	CDD:275385	43.956	91	50	1	9	99	2	91	2.84e-32	103
sp|Q9WZ72|RS6_THEMA	CDD:275387	35.870	92	58	1	7	98	3	93	5.10e-18	67.2
sp|Q9WZ72|RS6_THEMA	CDD:275386	29.474	95	62	2	9	99	2	95	3.92e-13	54.8
tr|Q9WZ87|Q9WZ87_THEMA	CDD:350802	35.294	68	43	1	252	318	3	70	4.47e-12	59.9
tr|Q9WZ87|Q9WZ87_THEMA	CDD:350802	42.500	40	23	0	887	926	116	155	3.35e-10	54.5
tr|Q9WZ87|Q9WZ87_THEMA	CDD:350797	45.000	40	21	1	888	926	161	200	6.90e-07	45.3
tr|Q9WZD1|Q9WZD1_THEMA	CDD:293853	19.531	128	56	6	3	120	1	91	2.15e-06	42.1
sp|Q9WZH8|SYC_THEMA	CDD:153417	37.008	127	71	2	336	455	28	152	8.53e-31	110
sp|Q9WZH8|SYC_THEMA	CDD:153409	44.828	29	16	0	340	368	27	55	1.67e-06	39.7
sp|Q9WZI1|RNR_THEMA	CDD:239917	55.422	83	36	1	624	705	1	83	1.32e-35	122
sp|Q9WZI1|RNR_THEMA	CDD:239907	40.299	67	37	2	626	691	1	65	1.13e-12	58.1
sp|Q9WZI1|RNR_THEMA	CDD:240213	26.829	82	50	2	623	704	1	72	6.23e-09	46.9
sp|Q9WZI1|RNR_THEMA	CDD:240190	36.842	76	37	2	625	700	1	65	8.37e-09	46.1
sp|Q9WZI1|RNR_THEMA	CDD:238094	40.000	70	31	2	631	700	4	62	1.39e-07	42.8
sp|Q9WZI1|RNR_THEMA	CDD:240189	27.848	79	38	4	625	696	1	67	1.82e-07	43.0
sp|Q9WZI1|RNR_THEMA	CDD:240197	36.364	77	37	3	625	701	1	65	2.06e-06	39.6
sp|Q9WZI1|RNR_THEMA	CDD:239918	37.662	77	34	4	625	700	1	64	2.62e-06	39.1
sp|Q9WZI1|RNR_THEMA	CDD:240193	31.169	77	41	3	624	700	1	65	1.12e-05	37.6
sp|Q9WZI1|RNR_THEMA	CDD:240195	27.632	76	45	3	625	700	1	66	1.56e-05	37.1
sp|Q9WZI1|RNR_THEMA	CDD:240194	36.232	69	34	3	632	700	11	69	2.07e-05	36.8
sp|Q9WZI1|RNR_THEMA	CDD:240207	22.388	67	43	2	625	691	1	58	4.84e-05	35.6
tr|Q9WZK1|Q9WZK1_THEMA	CDD:277366	29.098	244	109	8	5	202	3	228	2.66e-34	116
tr|Q9WZL0|Q9WZL0_THEMA	CDD:349786	43.243	37	21	0	293	329	3	39	5.33e-05	38.0
tr|Q9WZL4|Q9WZL4_THEMA	CDD:293851	26.230	61	42	2	36	95	8	66	7.28e-08	46.0
tr|Q9WZL4|Q9WZL4_THEMA	CDD:293853	30.645	62	29	2	42	95	14	69	5.46e-06	40.1
tr|Q9WZN2|Q9WZN2_THEMA	CDD:426153	30.526	95	62	3	8	99	2	95	1.46e-18	68.0
tr|Q9WZN2|Q9WZN2_THEMA	CDD:411046	63.158	19	7	0	60	78	67	85	1.70e-05	34.6
sp|Q9WZN3|IF2_THEMA	CDD:293903	54.167	96	44	0	354	449	1	96	5.38e-43	144
sp|Q9WZN3|IF2_THEMA	CDD:293893	50.000	84	42	0	585	668	1	84	3.55e-36	124
sp|Q9WZN3|IF2_THEMA	CDD:293902	33.333	90	45	4	354	429	1	89	5.08e-11	53.4
sp|Q9WZN3|IF2_THEMA	CDD:293904	22.018	109	68	4	354	446	1	108	2.90e-06	40.2
sp|Q9WZS8|SYFA_THEMA	CDD:427052	44.928	69	38	0	18	86	1	69	1.94e-29	101
sp|Q9WZS9|SYFB_THEMA	CDD:427327	52.571	175	81	2	211	384	1	174	1.37e-83	257
sp|Q9WZS9|SYFB_THEMA	CDD:239196	42.718	103	58	1	45	146	1	103	2.34e-37	128
sp|Q9WZS9|SYFB_THEMA	CDD:239066	29.630	108	61	3	45	146	1	99	7.34e-22	84.5
sp|Q9WZV1|ERA_THEMA	CDD:411791	62.069	87	33	0	192	278	1	87	2.23e-41	132
sp|Q9WZV1|ERA_THEMA	CDD:411783	37.313	67	28	4	213	279	54	106	9.28e-05	34.7
sp|Q9WZW0|TRUB_THEMA	CDD:211339	45.161	217	111	3	4	217	1	212	3.79e-105	300
sp|Q9WZW0|TRUB_THEMA	CDD:211323	41.463	205	117	2	4	205	1	205	1.25e-59	183
sp|Q9WZW0|TRUB_THEMA	CDD:409300	71.795	78	22	0	229	306	1	78	3.35e-40	129
sp|Q9WZW0|TRUB_THEMA	CDD:409289	29.870	77	49	2	230	305	1	73	4.01e-16	65.8
sp|Q9WZW0|TRUB_THEMA	CDD:426278	35.135	74	45	2	230	300	1	74	2.29e-06	38.6
tr|Q9WZZ6|Q9WZZ6_THEMA	CDD:293853	32.653	49	32	1	28	75	17	65	3.13e-07	42.4
tr|Q9WZZ6|Q9WZZ6_THEMA	CDD:293820	21.839	87	68	0	28	114	16	102	1.33e-06	40.8
tr|Q9WZZ9|Q9WZZ9_THEMA	CDD:427805	62.963	81	30	0	3	83	1	81	6.35e-42	126
tr|Q9X009|Q9X009_THEMA	CDD:349769	34.896	192	115	5	175	359	3	191	8.53e-43	142
tr|Q9X009|Q9X009_THEMA	CDD:349783	32.338	201	114	5	175	359	3	197	1.84e-33	117
tr|Q9X009|Q9X009_THEMA	CDD:349786	32.984	191	108	8	173	350	1	184	2.72e-33	116
tr|Q9X009|Q9X009_THEMA	CDD:349784	32.642	193	112	8	174	354	2	188	6.06e-27	 99
tr|Q9X038|Q9X038_THEMA	CDD:238095	31.034	87	43	1	12	98	1	70	9.93e-15	61.9
sp|Q9X054|RBSD_THEMA	CDD:428264	43.284	134	74	1	1	134	1	132	6.62e-54	159
tr|Q9X0E9|Q9X0E9_THEMA	CDD:427805	83.951	81	13	0	3	83	1	81	4.99e-48	141
sp|Q9X0H8|SYR_THEMA	CDD:153410	34.375	160	100	4	388	546	1	156	2.24e-43	145
sp|Q9X0I3|KTHY_THEMA	CDD:349769	48.387	31	16	0	3	33	3	33	1.24e-05	37.7
sp|Q9X0I3|KTHY_THEMA	CDD:349783	54.839	31	14	0	3	33	3	33	1.52e-05	37.6
sp|Q9X0I6|RNC_THEMA	CDD:380682	57.353	68	29	0	168	235	2	69	3.00e-27	93.7
sp|Q9X0I6|RNC_THEMA	CDD:425434	43.284	67	37	1	169	235	1	66	3.39e-19	72.6
sp|Q9X0I6|RNC_THEMA	CDD:380679	38.983	59	34	2	174	232	1	57	6.34e-13	55.8
sp|Q9X0I6|RNC_THEMA	CDD:380696	35.294	68	42	1	169	236	8	73	6.35e-13	56.2
sp|Q9X0I6|RNC_THEMA	CDD:380704	26.471	68	48	1	168	235	2	67	8.88e-11	50.3
sp|Q9X0I6|RNC_THEMA	CDD:380706	32.000	75	45	1	167	235	1	75	9.87e-11	50.4
sp|Q9X0I6|RNC_THEMA	CDD:380732	38.182	55	34	0	181	235	14	68	1.26e-09	47.0
sp|Q9X0I6|RNC_THEMA	CDD:380683	36.538	52	31	2	179	229	11	61	5.85e-09	45.3
sp|Q9X0I6|RNC_THEMA	CDD:380691	34.848	66	41	2	171	236	5	68	2.21e-08	43.8
sp|Q9X0I6|RNC_THEMA	CDD:380689	39.683	63	37	1	173	235	6	67	5.22e-08	42.7
sp|Q9X0I6|RNC_THEMA	CDD:380746	40.000	40	24	0	196	235	29	68	7.30e-08	42.0
sp|Q9X0I6|RNC_THEMA	CDD:380699	30.769	65	44	1	172	235	7	71	1.70e-07	41.5
sp|Q9X0I6|RNC_THEMA	CDD:380705	35.294	51	32	1	185	235	19	68	2.08e-07	40.8
sp|Q9X0I6|RNC_THEMA	CDD:380694	50.000	32	15	1	200	231	29	59	3.01e-07	40.4
sp|Q9X0I6|RNC_THEMA	CDD:380737	35.821	67	42	1	169	235	3	68	5.95e-07	39.8
sp|Q9X0I6|RNC_THEMA	CDD:380707	31.343	67	45	1	169	235	1	66	1.31e-06	38.7
sp|Q9X0I6|RNC_THEMA	CDD:380692	29.310	58	40	1	172	229	5	61	1.33e-06	38.5
sp|Q9X0I6|RNC_THEMA	CDD:380715	39.286	56	33	1	173	228	9	63	1.52e-06	39.2
sp|Q9X0I6|RNC_THEMA	CDD:380733	45.161	31	17	0	206	236	39	69	2.61e-06	37.9
sp|Q9X0I6|RNC_THEMA	CDD:380703	34.375	64	41	1	173	235	18	81	2.99e-06	38.0
sp|Q9X0I6|RNC_THEMA	CDD:380734	53.333	30	14	0	207	236	40	69	6.37e-06	36.9
sp|Q9X0I6|RNC_THEMA	CDD:380714	36.923	65	36	2	173	237	16	75	6.76e-06	37.4
sp|Q9X0I6|RNC_THEMA	CDD:380695	36.000	50	31	1	186	235	15	63	2.71e-05	34.8
sp|Q9X0I6|RNC_THEMA	CDD:380728	43.902	41	22	1	199	239	35	74	3.45e-05	34.8
sp|Q9X0I6|RNC_THEMA	CDD:380700	29.851	67	43	2	170	235	3	66	7.93e-05	33.8
sp|Q9X0I6|RNC_THEMA	CDD:380747	32.812	64	42	1	173	235	7	70	8.30e-05	33.6
tr|Q9X121|Q9X121_THEMA	CDD:293853	24.444	180	88	11	25	161	13	187	4.01e-07	42.4
sp|Q9X165|RS15_THEMA	CDD:425599	65.432	81	28	0	9	89	1	81	7.90e-42	125
sp|Q9X165|RS15_THEMA	CDD:238213	58.750	80	33	0	8	87	1	80	6.01e-35	108
sp|Q9X165|RS15_THEMA	CDD:238361	58.696	46	19	0	27	72	1	46	6.59e-16	59.4
sp|Q9X166|PNP_THEMA	CDD:206766	21.397	229	150	9	326	535	1	218	8.48e-29	108
sp|Q9X166|PNP_THEMA	CDD:206766	22.897	214	133	8	23	212	13	218	4.39e-21	85.8
sp|Q9X166|PNP_THEMA	CDD:206771	33.333	219	125	12	325	537	1	204	4.86e-27	103
sp|Q9X166|PNP_THEMA	CDD:206771	25.431	232	131	11	11	222	3	212	3.10e-10	54.3
sp|Q9X166|PNP_THEMA	CDD:411803	39.437	71	42	1	553	623	1	70	7.06e-21	80.6
sp|Q9X166|PNP_THEMA	CDD:240197	43.750	64	35	1	625	687	1	64	4.58e-15	64.2
sp|Q9X166|PNP_THEMA	CDD:239918	43.662	71	33	2	625	691	1	68	1.35e-14	62.6
sp|Q9X166|PNP_THEMA	CDD:240190	36.765	68	41	2	625	690	1	68	1.41e-10	51.5
sp|Q9X166|PNP_THEMA	CDD:238094	31.667	60	40	1	628	686	1	60	2.35e-09	47.8
sp|Q9X166|PNP_THEMA	CDD:239919	30.986	71	42	1	620	690	12	75	3.00e-09	48.0
sp|Q9X166|PNP_THEMA	CDD:240213	31.818	66	43	2	623	686	1	66	5.58e-09	46.9
sp|Q9X166|PNP_THEMA	CDD:206770	41.667	60	32	3	304	361	5	63	1.03e-08	50.3
sp|Q9X166|PNP_THEMA	CDD:206770	24.490	245	124	10	11	212	27	253	4.59e-06	41.8
sp|Q9X166|PNP_THEMA	CDD:240194	37.500	64	38	1	625	686	4	67	5.56e-07	41.4
sp|Q9X166|PNP_THEMA	CDD:240193	34.921	63	33	3	624	682	1	59	5.80e-07	41.1
sp|Q9X166|PNP_THEMA	CDD:240189	35.484	62	35	2	625	681	1	62	1.94e-06	39.9
sp|Q9X166|PNP_THEMA	CDD:240195	31.667	60	39	1	625	682	1	60	2.18e-06	39.4
sp|Q9X166|PNP_THEMA	CDD:240202	26.230	61	40	2	625	682	1	59	2.58e-06	39.1
sp|Q9X166|PNP_THEMA	CDD:239917	30.000	80	42	3	624	689	1	80	7.21e-06	38.5
sp|Q9X199|SYS_THEMA	CDD:426757	50.000	110	53	1	1	110	1	108	3.19e-38	128
tr|Q9X1H1|Q9X1H1_THEMA	CDD:411785	36.709	79	50	0	63	141	1	79	9.30e-27	92.2
tr|Q9X1H1|Q9X1H1_THEMA	CDD:411790	30.909	55	33	3	64	113	1	55	6.21e-05	34.0
sp|Q9X1I3|RS4_THEMA	CDD:238095	49.180	61	31	0	99	159	2	62	9.81e-23	81.1
sp|Q9X1I4|RS11_THEMA	CDD:306838	58.716	109	45	0	20	128	1	109	5.75e-53	156
sp|Q9X1I5|RS13_THEMA	CDD:425669	55.140	107	48	0	3	109	1	107	6.38e-43	130
sp|Q9X1J1|RL30_THEMA	CDD:100100	64.000	50	18	0	5	54	1	50	3.44e-23	77.1
sp|Q9X1J1|RL30_THEMA	CDD:100098	55.102	49	22	0	6	54	1	49	2.60e-19	67.0
sp|Q9X1J1|RL30_THEMA	CDD:100099	24.324	37	28	0	17	53	14	50	6.55e-05	32.1
sp|Q9X1J2|RS5_THEMA	CDD:425614	59.649	57	23	0	23	79	9	65	1.13e-26	90.5
tr|Q9X1K0|Q9X1K0_THEMA	CDD:238343	43.750	128	63	5	3	123	1	126	1.95e-43	142
tr|Q9X1K0|Q9X1K0_THEMA	CDD:238253	35.878	131	71	4	4	123	1	129	2.87e-28	102
tr|Q9X1K0|Q9X1K0_THEMA	CDD:238342	28.462	130	77	5	2	119	1	126	1.55e-13	61.1
sp|Q9X1N1|RUVX_THEMA	CDD:427426	31.618	136	66	6	12	122	1	134	1.30e-25	91.0
tr|Q9X1Q1|Q9X1Q1_THEMA	CDD:349786	66.839	193	63	1	100	291	1	193	8.94e-121	343
tr|Q9X1Q1|Q9X1Q1_THEMA	CDD:349769	52.356	191	90	1	102	291	3	193	4.16e-83	247
tr|Q9X1Q1|Q9X1Q1_THEMA	CDD:349783	42.132	197	107	2	102	291	3	199	2.99e-71	217
tr|Q9X1Q1|Q9X1Q1_THEMA	CDD:349784	46.073	191	102	1	102	291	3	193	1.83e-70	215
tr|Q9X1Q1|Q9X1Q1_THEMA	CDD:350797	38.889	72	33	3	109	178	26	88	1.39e-06	42.6
sp|Q9X1Q3|Y1567_THEMA	CDD:411790	46.667	75	39	1	1	74	1	75	7.37e-23	77.1
sp|Q9X1Q3|Y1567_THEMA	CDD:411786	34.000	50	28	2	15	64	11	55	1.32e-06	35.6
tr|Q9X1R2|Q9X1R2_THEMA	CDD:238095	37.931	58	36	0	5	62	1	58	3.77e-12	54.2
sp|Q9X1S8|RL20_THEMA	CDD:197305	56.180	89	39	0	22	110	18	106	9.55e-42	127
tr|Q9X1U2|Q9X1U2_THEMA	CDD:239918	33.333	60	34	3	19	77	1	55	1.28e-05	36.8
sp|Q9X1V8|LEPA_THEMA	CDD:293900	68.605	86	27	0	210	295	1	86	5.95e-48	156
sp|Q9X1V8|LEPA_THEMA	CDD:293905	28.571	84	55	3	212	294	3	82	3.50e-06	39.0
tr|Q9X1W8|Q9X1W8_THEMA	CDD:426647	45.641	195	100	5	32	223	2	193	8.03e-55	181
sp|Q9X1X1|RAD50_THEMA	CDD:426757	32.653	98	56	4	497	584	3	100	2.29e-06	40.6
sp|Q9X1Y4|EFGL_THEMA	CDD:293905	39.759	83	50	0	292	374	1	83	4.51e-28	101
sp|Q9X1Y4|EFGL_THEMA	CDD:293891	23.256	86	66	0	289	374	1	86	6.13e-08	44.2
tr|Q9X207|Q9X207_THEMA	CDD:293853	33.962	53	30	3	20	69	21	71	1.77e-05	37.8
tr|Q9X211|Q9X211_THEMA	CDD:240197	39.130	69	42	0	4	72	1	69	6.17e-22	76.6
tr|Q9X211|Q9X211_THEMA	CDD:239918	43.284	67	38	0	4	70	1	67	3.95e-19	69.5
tr|Q9X211|Q9X211_THEMA	CDD:238094	40.741	54	32	0	7	60	1	54	6.63e-15	58.5
tr|Q9X211|Q9X211_THEMA	CDD:240193	40.351	57	33	1	3	59	1	56	3.97e-14	56.5
tr|Q9X211|Q9X211_THEMA	CDD:240190	37.500	56	35	0	4	59	1	56	1.30e-12	52.6
tr|Q9X211|Q9X211_THEMA	CDD:240189	36.709	79	45	3	4	78	1	78	1.70e-11	49.9
tr|Q9X211|Q9X211_THEMA	CDD:239911	41.071	56	30	2	4	59	1	53	9.82e-10	45.1
tr|Q9X211|Q9X211_THEMA	CDD:240191	34.783	69	44	1	5	72	5	73	2.26e-09	44.4
tr|Q9X211|Q9X211_THEMA	CDD:239919	36.923	65	33	1	1	65	14	70	2.37e-09	44.5
tr|Q9X211|Q9X211_THEMA	CDD:240207	32.203	59	38	1	4	60	1	59	3.60e-09	43.7
tr|Q9X211|Q9X211_THEMA	CDD:240195	38.596	57	34	1	4	59	1	57	6.42e-09	43.3
tr|Q9X211|Q9X211_THEMA	CDD:240203	26.786	56	41	0	4	59	1	56	3.81e-08	41.1
tr|Q9X211|Q9X211_THEMA	CDD:240196	31.507	73	49	1	4	75	1	73	1.07e-07	39.9
tr|Q9X211|Q9X211_THEMA	CDD:240192	31.034	58	40	0	4	61	1	58	1.35e-07	39.8
tr|Q9X211|Q9X211_THEMA	CDD:240213	37.288	59	36	1	2	59	1	59	1.77e-07	39.6
tr|Q9X211|Q9X211_THEMA	CDD:240212	28.070	57	41	0	4	60	1	57	9.24e-07	37.7
tr|Q9X211|Q9X211_THEMA	CDD:239901	28.767	73	52	0	3	75	6	78	2.36e-06	36.8
tr|Q9X211|Q9X211_THEMA	CDD:240202	23.214	56	43	0	4	59	1	56	5.01e-06	35.7
tr|Q9X211|Q9X211_THEMA	CDD:239907	44.737	38	20	1	5	42	1	37	5.08e-06	36.1
tr|Q9X211|Q9X211_THEMA	CDD:240210	30.645	62	40	1	1	59	1	62	6.86e-06	35.5
tr|Q9X211|Q9X211_THEMA	CDD:240194	42.857	28	16	0	9	36	9	36	1.07e-05	34.9
tr|Q9X211|Q9X211_THEMA	CDD:240201	32.203	59	38	2	4	60	1	59	7.89e-05	32.6
tr|Q9X223|Q9X223_THEMA	CDD:211413	51.515	99	47	1	74	171	1	99	6.59e-47	149
tr|Q9X223|Q9X223_THEMA	CDD:436043	50.000	56	28	0	11	66	9	64	1.88e-22	83.7
tr|Q9X223|Q9X223_THEMA	CDD:409295	40.000	65	38	1	2	65	1	65	1.83e-20	78.4
sp|Q9X242|RSGA_THEMA	CDD:239912	45.455	66	35	1	6	71	2	66	6.89e-23	83.8
tr|Q9X263|Q9X263_THEMA	CDD:429793	35.135	74	47	1	3	76	2	74	7.42e-20	74.6
sp|Q9X284|EFP_THEMA	CDD:240220	69.643	56	17	0	129	184	1	56	4.06e-31	101
sp|Q9X284|EFP_THEMA	CDD:239916	54.237	59	27	0	68	126	3	61	1.20e-29	97.9
sp|Q9X286|NUSB_THEMA	CDD:238342	46.565	131	68	2	5	134	1	130	2.10e-52	156
sp|Q9X286|NUSB_THEMA	CDD:238253	44.961	129	70	1	7	134	1	129	4.11e-41	127
sp|Q9X286|NUSB_THEMA	CDD:238343	27.434	113	80	2	21	133	15	125	3.61e-12	53.5
tr|Q9X298|Q9X298_THEMA	CDD:411779	69.333	75	23	0	201	275	2	76	7.71e-39	126
tr|Q9X298|Q9X298_THEMA	CDD:411786	70.968	62	17	1	278	339	1	61	1.17e-28	99.5
tr|Q9X298|Q9X298_THEMA	CDD:239902	44.776	67	37	0	132	198	1	67	9.85e-22	81.3
tr|Q9X298|Q9X298_THEMA	CDD:411788	39.062	64	38	1	279	341	1	64	1.88e-07	41.5
sp|Q9X299|RIMP_THEMA	CDD:212481	38.889	72	39	2	84	150	1	72	1.47e-19	71.3
tr|Q9X2D4|Q9X2D4_THEMA	CDD:410981	38.115	244	146	3	2	243	1	241	1.45e-84	246
tr|Q9X2D4|Q9X2D4_THEMA	CDD:410982	19.703	269	167	13	2	243	3	249	4.93e-07	42.7
sp|Q9X2D7|SYV_THEMA	CDD:153416	57.778	135	52	2	562	691	1	135	2.05e-69	219
sp|Q9X2D7|SYV_THEMA	CDD:153415	31.638	177	102	5	567	729	7	178	5.44e-36	128
sp|Q9X2D7|SYV_THEMA	CDD:153414	35.912	181	94	5	568	737	11	180	2.51e-35	126
sp|Q9X2D7|SYV_THEMA	CDD:153408	31.532	111	72	3	572	680	9	117	5.88e-20	79.9
sp|Q9X2D7|SYV_THEMA	CDD:153413	34.000	100	58	2	592	691	26	117	1.24e-18	76.1
sp|Q9X2D7|SYV_THEMA	CDD:153412	27.344	128	64	5	572	691	11	117	7.02e-13	59.5
sp|Q9X2D7|SYV_THEMA	CDD:153411	29.126	103	64	4	595	691	30	129	8.85e-13	59.8
sp|Q9X2D7|SYV_THEMA	CDD:431296	50.769	65	32	0	800	864	1	65	3.42e-12	56.1
tr|Q9X2I7|Q9X2I7_THEMA	CDD:239905	61.538	65	24	1	1	64	1	65	3.56e-32	 99
sp|Q9ZAE3|RL18_THEMA	CDD:395691	68.000	100	30	1	23	122	19	116	4.15e-55	162
