sp|C0H3S8|YBZG_BACSU	CDD:240512	32.394	71	47	1	2	72	3	72	4.89e-13	52.1
sp|C0SP91|YYCJ_BACSU	CDD:293853	27.381	84	51	3	13	89	11	91	3.80e-11	54.4
sp|C0SP91|YYCJ_BACSU	CDD:293820	26.923	78	53	3	11	84	8	85	4.09e-06	39.6
sp|O06736|SAT2_BACSU	CDD:433856	50.641	156	70	2	4	152	1	156	3.26e-77	229
sp|O06747|YITL_BACSU	CDD:238094	30.769	65	36	3	170	225	1	65	3.29e-06	37.7
sp|O06747|YITL_BACSU	CDD:239919	29.630	54	38	0	172	225	22	75	3.99e-05	34.9
sp|O07016|YVFR_BACSU	CDD:350802	44.186	43	20	2	18	59	7	46	8.39e-05	36.0
sp|O07509|PROJ_BACSU	CDD:426278	32.000	75	50	1	281	355	1	74	1.93e-14	61.3
sp|O07509|PROJ_BACSU	CDD:436043	25.926	54	40	0	284	337	2	55	1.34e-06	39.0
sp|O07509|PROJ_BACSU	CDD:409295	27.660	47	34	0	291	337	11	57	4.94e-05	34.9
sp|O07509|PROJ_BACSU	CDD:409300	33.333	42	26	2	284	325	5	44	6.07e-05	34.9
sp|O07607|YHFI_BACSU	CDD:293853	22.010	209	98	14	14	175	6	196	4.61e-13	59.8
sp|O07607|YHFI_BACSU	CDD:293820	22.680	194	103	10	19	176	11	193	1.96e-07	43.5
sp|O07631|TYPA_BACSU	CDD:293905	38.356	73	42	1	219	291	13	82	7.45e-16	66.4
sp|O07631|TYPA_BACSU	CDD:293913	26.923	78	49	2	223	292	19	96	3.75e-09	48.0
sp|O07631|TYPA_BACSU	CDD:293900	32.099	81	45	5	216	291	10	85	6.26e-09	47.0
sp|O07631|TYPA_BACSU	CDD:293891	21.839	87	65	1	204	290	1	84	5.01e-06	38.8
sp|O31489|YDCI_BACSU	CDD:435655	69.600	125	38	0	322	446	1	125	2.07e-82	251
sp|O31489|YDCI_BACSU	CDD:240190	69.118	68	21	0	649	716	1	68	7.93e-37	125
sp|O31489|YDCI_BACSU	CDD:240193	52.174	69	32	1	648	716	1	68	1.44e-22	85.4
sp|O31489|YDCI_BACSU	CDD:239918	50.725	69	33	1	649	717	1	68	6.66e-20	77.6
sp|O31489|YDCI_BACSU	CDD:240197	44.928	69	37	1	649	717	1	68	4.90e-19	75.4
sp|O31489|YDCI_BACSU	CDD:238094	50.769	65	32	0	652	716	1	65	6.62e-17	69.3
sp|O31489|YDCI_BACSU	CDD:240189	46.377	69	31	4	653	717	5	71	2.05e-15	65.3
sp|O31489|YDCI_BACSU	CDD:240195	39.706	68	40	1	649	715	1	68	1.54e-13	59.8
sp|O31489|YDCI_BACSU	CDD:240213	40.278	72	42	1	647	717	1	72	2.95e-13	59.3
sp|O31489|YDCI_BACSU	CDD:240194	42.857	70	37	2	648	715	3	71	2.50e-12	56.4
sp|O31489|YDCI_BACSU	CDD:240191	41.791	67	37	2	652	717	7	72	1.78e-11	54.0
sp|O31489|YDCI_BACSU	CDD:240192	41.538	65	38	0	652	716	4	68	5.08e-10	49.8
sp|O31489|YDCI_BACSU	CDD:240212	29.412	68	48	0	649	716	1	68	5.88e-09	46.9
sp|O31489|YDCI_BACSU	CDD:239919	33.846	65	35	1	642	706	10	66	3.32e-08	44.9
sp|O31489|YDCI_BACSU	CDD:239917	30.952	84	42	4	649	718	2	83	5.65e-08	44.3
sp|O31489|YDCI_BACSU	CDD:258777	27.358	106	65	4	356	451	42	145	1.24e-07	45.2
sp|O31489|YDCI_BACSU	CDD:239907	33.333	81	37	3	653	717	4	83	1.69e-07	43.4
sp|O31489|YDCI_BACSU	CDD:240211	30.986	71	49	0	646	716	1	71	7.62e-07	41.1
sp|O31489|YDCI_BACSU	CDD:240202	29.851	67	47	0	649	715	1	67	8.64e-07	40.7
sp|O31489|YDCI_BACSU	CDD:240203	34.286	70	42	2	649	716	1	68	1.98e-06	39.5
sp|O31489|YDCI_BACSU	CDD:240199	32.877	73	42	2	645	716	1	67	3.50e-05	36.1
sp|O31614|PRPE_BACSU	CDD:277366	60.851	235	91	1	4	237	1	235	2.22e-153	420
sp|O31738|YLQC_BACSU	CDD:411790	48.000	75	39	0	6	80	1	75	2.52e-31	98.7
sp|O31760|RNJ2_BACSU	CDD:293853	20.000	195	128	8	11	182	1	190	5.15e-10	52.8
sp|O31796|HFQ_BACSU	CDD:435788	73.438	64	17	0	6	69	1	64	3.50e-41	122
sp|O31796|HFQ_BACSU	CDD:212463	70.000	60	18	0	5	64	1	60	9.81e-33	101
sp|O32068|YTZG_BACSU	CDD:238095	32.394	71	42	3	1	66	1	70	1.99e-11	51.9
sp|O32231|RNR_BACSU	CDD:239917	65.060	83	28	1	627	708	1	83	4.83e-43	144
sp|O32231|RNR_BACSU	CDD:239907	34.722	72	46	1	632	703	4	74	3.87e-15	65.4
sp|O32231|RNR_BACSU	CDD:240197	28.986	69	38	1	633	701	6	63	1.42e-11	54.2
sp|O32231|RNR_BACSU	CDD:239918	31.081	74	40	1	628	701	1	63	2.95e-11	53.3
sp|O32231|RNR_BACSU	CDD:238094	34.247	73	37	1	631	703	1	62	3.16e-11	53.2
sp|O32231|RNR_BACSU	CDD:240193	31.169	77	41	3	627	703	1	65	2.82e-10	50.7
sp|O32231|RNR_BACSU	CDD:240195	26.316	76	46	1	628	703	1	66	7.59e-10	49.4
sp|O32231|RNR_BACSU	CDD:240213	25.556	90	46	4	626	711	1	73	2.21e-09	48.5
sp|O32231|RNR_BACSU	CDD:240190	27.632	76	44	1	628	703	1	65	6.16e-09	46.8
sp|O32231|RNR_BACSU	CDD:239919	28.049	82	39	2	627	708	16	77	1.89e-08	45.7
sp|O32231|RNR_BACSU	CDD:240194	32.895	76	41	1	628	703	4	69	9.24e-08	43.7
sp|O32231|RNR_BACSU	CDD:240189	26.389	72	40	3	628	696	1	62	8.22e-07	41.1
sp|O32231|RNR_BACSU	CDD:240191	27.778	72	40	2	631	701	7	67	1.69e-06	40.2
sp|O32231|RNR_BACSU	CDD:240202	22.368	76	48	1	628	703	1	65	4.56e-06	38.8
sp|O32231|RNR_BACSU	CDD:240211	20.513	78	51	1	626	703	2	68	5.04e-06	38.8
sp|O32231|RNR_BACSU	CDD:240207	23.077	78	50	2	628	705	1	68	3.10e-05	36.4
sp|O32231|RNR_BACSU	CDD:240203	22.535	71	44	1	633	703	6	65	3.12e-05	36.4
sp|O34365|YTMB_BACSU	CDD:402408	66.234	77	25	1	2	77	1	77	1.02e-40	122
sp|O34403|FPG_BACSU	CDD:399664	59.551	89	36	0	134	222	1	89	6.68e-46	143
sp|O34403|FPG_BACSU	CDD:428644	31.858	113	54	5	105	213	146	239	2.39e-07	44.5
sp|O34409|YFLN_BACSU	CDD:293853	31.111	45	30	1	46	89	24	68	1.81e-07	44.0
sp|O34516|YOCB_BACSU	CDD:436778	39.394	132	77	1	130	258	1	132	3.20e-47	147
sp|O34516|YOCB_BACSU	CDD:436785	22.535	71	51	1	190	256	68	138	1.89e-11	54.2
sp|O34516|YOCB_BACSU	CDD:436784	22.807	57	41	1	184	240	66	119	2.69e-06	39.6
sp|O34530|RSGA_BACSU	CDD:239912	52.113	71	31	1	2	72	1	68	5.59e-27	94.6
sp|O34634|RUVX_BACSU	CDD:427426	52.941	136	62	1	1	136	1	134	2.82e-63	183
sp|O34693|YLOA_BACSU	CDD:428644	51.016	443	202	5	6	436	1	440	0.0	605
sp|O34750|YFML_BACSU	CDD:350725	32.683	205	112	6	15	201	11	207	1.81e-42	141
sp|O34750|YFML_BACSU	CDD:350721	34.225	187	117	4	23	206	13	196	9.52e-42	139
sp|O34750|YFML_BACSU	CDD:350810	36.500	200	110	4	15	201	54	249	6.48e-39	133
sp|O34750|YFML_BACSU	CDD:350803	33.880	183	121	0	20	202	15	197	2.30e-37	127
sp|O34750|YFML_BACSU	CDD:350809	31.628	215	127	2	15	209	32	246	3.31e-36	126
sp|O34750|YFML_BACSU	CDD:350722	32.124	193	107	8	23	196	13	200	8.22e-36	124
sp|O34750|YFML_BACSU	CDD:350806	25.248	202	131	5	21	211	35	227	5.54e-24	92.8
sp|O34750|YFML_BACSU	CDD:350805	32.275	189	120	5	23	206	20	205	1.56e-21	85.5
sp|O34760|YTNP_BACSU	CDD:293853	21.591	88	51	3	54	141	15	84	3.19e-05	37.4
sp|O34764|SAT1_BACSU	CDD:433856	45.570	158	79	2	4	154	2	159	1.53e-72	217
sp|O34788|BDHA_BACSU	CDD:133452	31.250	80	46	3	169	247	178	249	5.15e-05	37.6
sp|O34896|UXUB_BACSU	CDD:133452	31.148	61	29	4	7	62	175	227	5.91e-05	36.9
sp|O34910|YOBT_BACSU	CDD:293853	32.727	55	33	2	23	73	14	68	3.73e-05	36.7
sp|O34942|RECG_BACSU	CDD:350722	24.845	161	92	8	245	386	4	154	7.96e-05	37.9
sp|O34943|YTPR_BACSU	CDD:239196	58.095	105	41	2	96	199	1	103	1.14e-38	123
sp|O34943|YTPR_BACSU	CDD:239066	39.815	108	48	4	96	197	1	97	1.50e-27	94.5
sp|O34943|YTPR_BACSU	CDD:239198	25.000	92	30	2	96	169	8	78	1.21e-10	50.3
sp|O34943|YTPR_BACSU	CDD:239199	33.333	105	43	4	98	188	13	104	2.27e-06	38.6
sp|O34969|YFJR_BACSU	CDD:133452	36.923	65	37	3	2	62	180	244	2.25e-06	41.5
sp|P04969|RS11_BACSU	CDD:306838	62.385	109	41	0	21	129	1	109	1.07e-52	156
sp|P0CI77|P5CR1_BACSU	CDD:133452	29.630	81	49	5	8	85	170	245	4.86e-07	43.8
sp|P0CI78|RL24_BACSU	CDD:240513	70.312	64	19	0	6	69	1	64	1.89e-29	94.5
sp|P10943|HUTP_BACSU	CDD:212163	32.432	148	81	6	6	148	1	134	2.14e-35	113
sp|P16618|HEM1_BACSU	CDD:133452	47.799	318	157	3	3	318	1	311	2.31e-143	406
sp|P17889|IF2_BACSU	CDD:293903	64.894	94	33	0	393	486	2	95	1.27e-49	162
sp|P17889|IF2_BACSU	CDD:293893	65.476	84	29	0	624	707	1	84	6.88e-43	143
sp|P17889|IF2_BACSU	CDD:293902	34.737	95	47	3	392	471	1	95	1.54e-09	49.2
sp|P17921|SYFA_BACSU	CDD:427052	44.928	69	38	0	20	88	1	69	1.55e-30	104
sp|P17922|SYFB_BACSU	CDD:427327	49.714	175	86	2	221	394	1	174	1.94e-85	262
sp|P17922|SYFB_BACSU	CDD:239196	59.633	109	38	1	46	154	1	103	6.22e-51	167
sp|P17922|SYFB_BACSU	CDD:239066	42.478	113	45	3	46	153	1	98	4.80e-32	113
sp|P17922|SYFB_BACSU	CDD:239198	27.500	80	44	2	46	120	8	78	5.43e-10	51.1
sp|P17922|SYFB_BACSU	CDD:239199	39.744	78	32	3	48	120	13	80	2.68e-09	49.0
sp|P19672|YQXC_BACSU	CDD:238095	31.579	57	39	0	6	62	1	57	1.26e-09	47.2
sp|P19947|RL30_BACSU	CDD:100100	67.925	53	17	0	4	56	1	53	4.63e-26	84.0
sp|P19947|RL30_BACSU	CDD:100098	56.863	51	22	0	6	56	2	52	8.20e-22	73.2
sp|P19947|RL30_BACSU	CDD:100099	33.333	45	30	0	10	54	8	52	2.17e-05	32.9
sp|P20282|RS13_BACSU	CDD:425669	59.813	107	42	1	3	108	1	107	3.22e-45	136
sp|P20458|IF1_BACSU	CDD:239898	76.562	64	15	0	7	70	1	64	1.30e-41	123
sp|P20458|IF1_BACSU	CDD:240219	28.125	64	45	1	8	71	1	63	1.06e-07	38.7
sp|P20458|IF1_BACSU	CDD:238094	30.769	65	40	2	9	69	1	64	2.45e-05	32.4
sp|P21465|RS3_BACSU	CDD:411783	59.813	107	42	1	2	107	1	107	9.23e-60	177
sp|P21465|RS3_BACSU	CDD:411782	30.137	73	50	1	36	107	14	86	8.50e-13	56.1
sp|P21465|RS3_BACSU	CDD:411790	32.877	73	37	4	40	103	6	75	1.62e-06	38.2
sp|P21465|RS3_BACSU	CDD:411785	36.538	52	29	1	53	100	18	69	2.38e-05	35.2
sp|P21466|RS4_BACSU	CDD:238095	52.459	61	29	0	93	153	2	62	3.99e-23	81.9
sp|P21467|RS5_BACSU	CDD:425614	69.231	65	20	0	11	75	1	65	7.59e-36	113
sp|P21468|RS6_BACSU	CDD:275385	40.000	90	54	0	3	92	1	90	8.01e-41	123
sp|P21468|RS6_BACSU	CDD:275387	43.956	91	51	0	2	92	3	93	1.02e-26	88.4
sp|P21468|RS6_BACSU	CDD:275386	23.656	93	67	1	4	92	2	94	3.73e-15	58.7
sp|P21469|RS7_BACSU	CDD:271248	66.667	138	46	0	12	149	1	138	1.05e-91	256
sp|P21469|RS7_BACSU	CDD:271250	56.164	146	64	0	9	154	1	146	1.62e-73	210
sp|P21469|RS7_BACSU	CDD:271249	37.333	150	78	2	22	155	50	199	9.36e-48	147
sp|P21469|RS7_BACSU	CDD:271245	43.846	130	73	0	20	149	1	130	1.46e-45	139
sp|P21469|RS7_BACSU	CDD:271251	35.417	144	84	2	22	156	3	146	1.19e-44	137
sp|P21469|RS7_BACSU	CDD:271247	30.769	143	98	1	6	148	9	150	7.66e-28	95.3
sp|P21469|RS7_BACSU	CDD:271246	31.387	137	85	3	22	149	49	185	6.99e-25	88.4
sp|P21473|RS15_BACSU	CDD:425599	70.370	81	24	0	8	88	1	81	1.86e-41	124
sp|P21473|RS15_BACSU	CDD:238213	58.750	80	33	0	7	86	1	80	9.77e-34	105
sp|P21473|RS15_BACSU	CDD:238361	60.870	46	18	0	26	71	1	46	3.23e-16	60.2
sp|P22326|SYY1_BACSU	CDD:238095	36.170	47	30	0	357	403	3	49	8.57e-12	54.2
sp|P25151|SYY2_BACSU	CDD:238095	27.907	43	29	1	370	412	18	58	2.17e-06	38.8
sp|P28619|RNPH_BACSU	CDD:206766	27.232	224	152	4	11	229	1	218	1.64e-41	135
sp|P28619|RNPH_BACSU	CDD:206771	31.760	233	131	9	10	237	1	210	2.44e-35	119
sp|P28619|RNPH_BACSU	CDD:206770	24.900	249	160	9	2	232	17	256	1.57e-20	81.1
sp|P32081|CSPB_BACSU	CDD:239905	60.317	63	24	1	4	65	3	65	6.39e-30	94.2
sp|P32726|RIMP_BACSU	CDD:212481	49.333	75	35	1	82	156	1	72	1.78e-28	94.4
sp|P32727|NUSA_BACSU	CDD:411779	67.105	76	25	0	200	275	1	76	3.32e-44	141
sp|P32727|NUSA_BACSU	CDD:411786	72.131	61	17	0	278	338	1	61	1.36e-31	108
sp|P32727|NUSA_BACSU	CDD:239902	59.701	67	27	0	132	198	1	67	3.25e-31	107
sp|P32727|NUSA_BACSU	CDD:411788	36.508	63	38	1	279	339	1	63	6.28e-08	43.0
sp|P32727|NUSA_BACSU	CDD:240192	28.814	59	35	2	136	187	2	60	2.84e-05	35.6
sp|P32728|YLXR_BACSU	CDD:238173	58.974	78	32	0	8	85	1	78	5.78e-38	116
sp|P32729|YLXQ_BACSU	CDD:426153	31.579	95	63	2	4	96	1	95	1.36e-19	70.3
sp|P32732|TRUB_BACSU	CDD:211339	53.241	216	97	2	4	219	1	212	1.25e-129	362
sp|P32732|TRUB_BACSU	CDD:211323	39.252	214	126	2	4	217	1	210	9.57e-71	212
sp|P33166|EFTU_BACSU	CDD:294006	82.222	90	16	0	302	391	1	90	1.36e-64	195
sp|P33166|EFTU_BACSU	CDD:293898	72.727	88	23	1	212	299	1	87	1.94e-51	161
sp|P33166|EFTU_BACSU	CDD:293894	41.379	87	48	1	208	294	1	84	3.92e-22	83.8
sp|P33166|EFTU_BACSU	CDD:293906	29.787	94	43	4	211	295	1	80	7.70e-13	57.5
sp|P33166|EFTU_BACSU	CDD:293912	36.471	85	51	1	211	295	1	82	6.70e-12	54.8
sp|P33166|EFTU_BACSU	CDD:293899	30.682	88	54	3	211	296	1	83	1.25e-08	45.6
sp|P33166|EFTU_BACSU	CDD:293913	32.039	103	50	6	211	302	1	94	4.91e-06	38.4
sp|P35159|RLUB_BACSU	CDD:238095	47.458	59	30	1	2	59	1	59	6.02e-15	61.5
sp|P36430|SYL_BACSU	CDD:153412	43.590	117	55	2	615	720	1	117	1.31e-43	146
sp|P36430|SYL_BACSU	CDD:153413	25.620	121	71	5	615	720	1	117	2.12e-12	58.4
sp|P36430|SYL_BACSU	CDD:153415	22.609	115	62	5	657	745	56	169	6.73e-08	46.8
sp|P36430|SYL_BACSU	CDD:153416	24.088	137	71	6	615	720	1	135	2.25e-07	44.1
sp|P36430|SYL_BACSU	CDD:153414	22.689	119	55	4	658	745	54	166	2.06e-06	42.5
sp|P36430|SYL_BACSU	CDD:153408	28.750	80	50	1	617	689	1	80	3.12e-05	37.9
sp|P36946|RBSD_BACSU	CDD:428264	54.198	131	58	1	1	129	1	131	2.22e-63	183
sp|P37105|SRP54_BACSU	CDD:349786	72.680	194	52	1	102	295	1	193	5.31e-126	357
sp|P37105|SRP54_BACSU	CDD:349769	55.440	193	85	1	103	295	2	193	3.36e-88	261
sp|P37105|SRP54_BACSU	CDD:349783	45.500	200	102	2	102	295	1	199	1.77e-71	218
sp|P37105|SRP54_BACSU	CDD:349784	44.560	193	106	1	103	295	2	193	1.69e-68	210
sp|P37454|EXOA_BACSU	CDD:197330	21.893	169	101	9	1	147	24	183	4.78e-05	37.0
sp|P37464|SYS_BACSU	CDD:426757	46.296	108	58	0	1	108	1	108	1.90e-40	133
sp|P37465|SYM_BACSU	CDD:239199	60.952	105	41	0	560	664	1	105	4.13e-54	174
sp|P37465|SYM_BACSU	CDD:153411	49.618	131	64	2	359	489	1	129	1.85e-53	173
sp|P37465|SYM_BACSU	CDD:239066	47.475	99	47	2	570	663	1	99	1.43e-36	126
sp|P37465|SYM_BACSU	CDD:239197	31.776	107	70	3	560	663	1	107	2.14e-28	103
sp|P37465|SYM_BACSU	CDD:239198	35.714	84	53	1	568	650	6	89	4.04e-24	91.1
sp|P37465|SYM_BACSU	CDD:239196	28.829	111	54	6	570	663	1	103	3.79e-11	54.1
sp|P37465|SYM_BACSU	CDD:153408	25.000	116	81	2	364	478	7	117	1.46e-08	47.1
sp|P37557|YABO_BACSU	CDD:238095	33.898	59	38	1	1	58	1	59	2.94e-10	45.3
sp|P37560|YABR_BACSU	CDD:240197	55.072	69	31	0	6	74	1	69	3.87e-35	110
sp|P37560|YABR_BACSU	CDD:239918	55.556	63	28	0	11	73	6	68	2.18e-25	85.3
sp|P37560|YABR_BACSU	CDD:240190	47.059	68	35	1	6	72	1	68	2.43e-21	75.0
sp|P37560|YABR_BACSU	CDD:238094	55.385	65	28	1	9	72	1	65	5.81e-19	68.9
sp|P37560|YABR_BACSU	CDD:240193	43.478	69	37	2	5	72	1	68	6.73e-18	66.5
sp|P37560|YABR_BACSU	CDD:240191	36.111	72	45	1	4	74	2	73	5.24e-17	64.4
sp|P37560|YABR_BACSU	CDD:240213	34.247	73	46	2	4	74	1	73	2.05e-16	62.7
sp|P37560|YABR_BACSU	CDD:240189	44.928	69	33	3	10	74	5	72	7.28e-15	58.8
sp|P37560|YABR_BACSU	CDD:240195	41.935	62	35	1	6	66	1	62	2.54e-14	57.1
sp|P37560|YABR_BACSU	CDD:240194	42.857	63	33	2	6	66	4	65	1.45e-12	53.0
sp|P37560|YABR_BACSU	CDD:240196	43.243	74	40	2	6	78	1	73	2.16e-12	52.3
sp|P37560|YABR_BACSU	CDD:239917	35.897	78	37	3	5	69	1	78	3.37e-12	52.0
sp|P37560|YABR_BACSU	CDD:239919	34.286	70	38	1	3	72	14	75	1.02e-11	50.7
sp|P37560|YABR_BACSU	CDD:240203	30.000	70	48	1	6	74	1	70	1.61e-11	49.9
sp|P37560|YABR_BACSU	CDD:240192	32.857	70	46	1	6	74	1	70	4.98e-11	48.7
sp|P37560|YABR_BACSU	CDD:239907	29.762	84	41	3	10	76	4	86	1.09e-09	46.1
sp|P37560|YABR_BACSU	CDD:240212	35.294	68	43	1	6	72	1	68	6.32e-09	43.4
sp|P37560|YABR_BACSU	CDD:240207	25.424	59	40	2	6	61	1	58	8.16e-09	43.0
sp|P37560|YABR_BACSU	CDD:240211	29.577	71	49	1	3	72	1	71	1.91e-08	42.2
sp|P37560|YABR_BACSU	CDD:240202	31.746	63	43	0	6	68	1	63	5.27e-08	40.7
sp|P37560|YABR_BACSU	CDD:240198	25.806	93	46	2	5	74	3	95	5.81e-07	38.7
sp|P37560|YABR_BACSU	CDD:240209	34.247	73	46	2	3	74	1	72	8.22e-07	37.7
sp|P37560|YABR_BACSU	CDD:240201	30.612	49	34	0	14	62	11	59	8.14e-06	35.3
sp|P37560|YABR_BACSU	CDD:240215	24.000	75	53	1	4	74	5	79	1.32e-05	34.8
sp|P37560|YABR_BACSU	CDD:239901	22.078	77	60	0	4	80	5	81	4.20e-05	33.7
sp|P37560|YABR_BACSU	CDD:239911	25.714	70	48	3	6	74	1	67	8.10e-05	32.4
sp|P37563|TILS_BACSU	CDD:432032	28.814	59	41	1	385	443	1	58	2.43e-20	78.8
sp|P37584|CSAA_BACSU	CDD:239197	67.925	106	33	1	4	109	3	107	2.04e-58	169
sp|P37584|CSAA_BACSU	CDD:239066	31.683	101	64	3	12	109	1	99	5.29e-29	94.9
sp|P37584|CSAA_BACSU	CDD:239199	36.449	107	64	3	4	110	3	105	1.53e-25	86.0
sp|P37584|CSAA_BACSU	CDD:239198	31.818	110	62	5	5	110	1	101	1.24e-15	61.1
sp|P37945|LON1_BACSU	CDD:426647	41.327	196	109	4	9	200	2	195	1.71e-54	180
sp|P37949|LEPA_BACSU	CDD:293900	66.279	86	29	0	201	286	1	86	9.84e-49	158
sp|P37949|LEPA_BACSU	CDD:293905	30.233	86	51	4	203	285	3	82	1.72e-09	48.3
sp|P37949|LEPA_BACSU	CDD:293891	22.727	88	63	2	198	284	1	84	8.86e-07	41.1
sp|P38494|RS1H_BACSU	CDD:240193	55.882	68	30	0	187	254	1	68	9.84e-29	100
sp|P38494|RS1H_BACSU	CDD:240193	49.275	69	34	1	272	340	1	68	1.93e-21	80.8
sp|P38494|RS1H_BACSU	CDD:240193	38.333	60	35	1	15	74	1	58	2.62e-06	38.4
sp|P38494|RS1H_BACSU	CDD:240197	61.429	70	25	2	188	256	1	69	8.18e-27	95.4
sp|P38494|RS1H_BACSU	CDD:240197	55.714	70	30	1	273	342	1	69	3.14e-26	93.9
sp|P38494|RS1H_BACSU	CDD:240197	30.645	62	42	1	16	77	1	61	3.14e-06	38.4
sp|P38494|RS1H_BACSU	CDD:239918	57.971	69	27	2	188	255	1	68	3.89e-23	85.7
sp|P38494|RS1H_BACSU	CDD:239918	50.725	69	33	1	273	341	1	68	7.77e-22	81.8
sp|P38494|RS1H_BACSU	CDD:239918	45.161	62	33	1	16	77	1	61	2.06e-07	41.4
sp|P38494|RS1H_BACSU	CDD:239911	49.254	67	33	1	102	167	1	67	4.35e-23	85.2
sp|P38494|RS1H_BACSU	CDD:239911	33.333	69	44	1	188	256	1	67	4.97e-10	49.0
sp|P38494|RS1H_BACSU	CDD:239911	28.571	70	47	2	273	342	1	67	5.74e-07	40.1
sp|P38494|RS1H_BACSU	CDD:240190	57.353	68	28	1	188	254	1	68	3.64e-22	83.1
sp|P38494|RS1H_BACSU	CDD:240190	44.118	68	38	0	273	340	1	68	7.31e-18	71.1
sp|P38494|RS1H_BACSU	CDD:240190	40.323	62	36	1	16	77	1	61	7.87e-07	39.9
sp|P38494|RS1H_BACSU	CDD:240189	53.333	75	28	3	188	257	1	73	1.07e-20	79.2
sp|P38494|RS1H_BACSU	CDD:240189	41.333	75	38	4	273	343	1	73	5.42e-19	74.6
sp|P38494|RS1H_BACSU	CDD:240195	52.941	68	30	2	188	253	1	68	8.10e-18	71.0
sp|P38494|RS1H_BACSU	CDD:240195	41.176	68	39	1	273	339	1	68	5.08e-14	60.2
sp|P38494|RS1H_BACSU	CDD:240192	49.296	71	33	2	16	84	1	70	2.08e-17	69.9
sp|P38494|RS1H_BACSU	CDD:240192	34.286	70	45	1	188	256	1	70	5.74e-10	48.7
sp|P38494|RS1H_BACSU	CDD:240192	32.857	70	47	0	273	342	1	70	4.11e-08	43.7
sp|P38494|RS1H_BACSU	CDD:240213	41.096	73	41	1	186	256	1	73	4.72e-17	68.9
sp|P38494|RS1H_BACSU	CDD:240213	34.247	73	47	1	271	342	1	73	7.27e-14	60.0
sp|P38494|RS1H_BACSU	CDD:240213	33.846	65	43	0	14	78	1	65	1.48e-06	39.2
sp|P38494|RS1H_BACSU	CDD:238094	53.846	65	29	1	191	254	1	65	8.20e-17	68.2
sp|P38494|RS1H_BACSU	CDD:238094	50.769	65	32	0	276	340	1	65	3.44e-16	66.2
sp|P38494|RS1H_BACSU	CDD:238094	37.288	59	36	1	19	77	1	58	5.26e-06	37.4
sp|P38494|RS1H_BACSU	CDD:240191	36.986	73	43	2	186	256	2	73	8.92e-14	59.8
sp|P38494|RS1H_BACSU	CDD:240191	37.681	69	39	3	275	341	6	72	3.37e-10	49.8
sp|P38494|RS1H_BACSU	CDD:240194	47.826	69	33	2	273	339	4	71	3.09e-13	58.4
sp|P38494|RS1H_BACSU	CDD:240194	47.059	68	34	2	188	253	4	71	1.63e-12	56.0
sp|P38494|RS1H_BACSU	CDD:240203	32.857	70	47	0	273	342	1	70	8.78e-13	56.9
sp|P38494|RS1H_BACSU	CDD:240203	33.846	65	42	1	193	256	6	70	1.63e-10	50.3
sp|P38494|RS1H_BACSU	CDD:240196	41.429	70	40	1	188	256	1	70	3.65e-11	52.3
sp|P38494|RS1H_BACSU	CDD:240196	37.288	59	36	1	16	74	1	58	6.90e-07	40.3
sp|P38494|RS1H_BACSU	CDD:240196	28.767	73	52	0	273	345	1	73	1.48e-05	36.5
sp|P38494|RS1H_BACSU	CDD:239907	32.895	76	40	1	190	254	2	77	1.56e-10	51.1
sp|P38494|RS1H_BACSU	CDD:239907	36.471	85	37	3	275	343	2	85	1.12e-09	48.8
sp|P38494|RS1H_BACSU	CDD:240202	32.857	70	41	2	273	339	1	67	4.14e-10	49.2
sp|P38494|RS1H_BACSU	CDD:240202	32.836	67	44	1	188	253	1	67	6.96e-09	45.7
sp|P38494|RS1H_BACSU	CDD:240212	38.235	68	41	1	188	254	1	68	1.67e-08	44.6
sp|P38494|RS1H_BACSU	CDD:240212	29.412	68	48	0	273	340	1	68	1.92e-06	38.8
sp|P38494|RS1H_BACSU	CDD:239917	29.630	81	45	3	273	341	2	82	4.46e-08	43.9
sp|P38494|RS1H_BACSU	CDD:239917	32.927	82	42	3	187	255	1	82	2.92e-07	41.6
sp|P38494|RS1H_BACSU	CDD:240211	30.986	71	48	1	185	254	1	71	9.17e-08	42.6
sp|P38494|RS1H_BACSU	CDD:239919	33.333	66	35	2	185	249	14	71	3.15e-07	41.4
sp|P38494|RS1H_BACSU	CDD:239919	29.412	68	40	1	268	335	12	71	9.55e-07	39.9
sp|P38494|RS1H_BACSU	CDD:240201	25.352	71	51	2	273	341	1	71	1.54e-06	39.2
sp|P38494|RS1H_BACSU	CDD:240215	32.500	80	45	2	12	91	3	73	1.94e-05	36.4
sp|P38494|RS1H_BACSU	CDD:240210	29.730	74	48	2	185	254	1	74	2.73e-05	35.8
sp|P38494|RS1H_BACSU	CDD:240210	25.333	75	51	2	270	340	1	74	8.37e-05	34.3
sp|P38494|RS1H_BACSU	CDD:240207	22.414	58	43	1	273	328	1	58	9.72e-05	34.1
sp|P39158|CSPC_BACSU	CDD:239905	57.812	64	26	1	3	65	2	65	2.18e-30	95.3
sp|P39587|YWBD_BACSU	CDD:211413	34.653	101	62	3	77	175	1	99	7.11e-31	107
sp|P39587|YWBD_BACSU	CDD:436043	38.462	52	31	1	17	68	14	64	5.46e-18	71.4
sp|P39587|YWBD_BACSU	CDD:409295	32.143	56	37	1	17	72	16	70	3.27e-13	58.0
sp|P39695|COMEC_BACSU	CDD:293853	30.000	60	23	3	522	578	23	66	7.38e-05	37.8
sp|P39696|COMER_BACSU	CDD:133452	25.352	71	47	3	2	70	180	246	1.93e-07	44.6
sp|P39820|PROB_BACSU	CDD:426278	39.726	73	42	2	277	348	1	72	1.76e-19	75.6
sp|P39820|PROB_BACSU	CDD:409289	35.294	68	41	3	277	342	1	67	7.60e-10	48.4
sp|P42182|ERA_BACSU	CDD:411791	51.724	87	42	0	194	280	1	87	2.73e-36	119
sp|P42305|DBPA_BACSU	CDD:350725	39.378	193	103	3	21	199	19	211	2.62e-59	188
sp|P42305|DBPA_BACSU	CDD:350722	31.863	204	124	7	13	202	5	207	2.73e-53	172
sp|P42305|DBPA_BACSU	CDD:350803	38.500	200	123	0	4	203	1	200	2.23e-51	167
sp|P42305|DBPA_BACSU	CDD:350810	34.742	213	125	4	4	203	45	256	9.96e-51	167
sp|P42305|DBPA_BACSU	CDD:350721	35.025	197	118	6	9	200	1	192	5.14e-49	160
sp|P42305|DBPA_BACSU	CDD:350809	38.500	200	99	4	22	199	41	238	1.00e-48	161
sp|P42305|DBPA_BACSU	CDD:409923	82.192	73	13	0	405	477	1	73	2.68e-37	125
sp|P42305|DBPA_BACSU	CDD:350806	30.841	214	138	6	4	211	20	229	7.22e-30	110
sp|P42305|DBPA_BACSU	CDD:350805	30.918	207	133	5	4	204	3	205	7.06e-24	92.9
sp|P42305|DBPA_BACSU	CDD:427563	43.056	72	41	0	405	476	1	72	3.88e-23	86.3
sp|P42305|DBPA_BACSU	CDD:409698	38.028	71	44	0	405	475	1	71	4.67e-19	74.9
sp|P42305|DBPA_BACSU	CDD:409924	33.824	68	45	0	409	476	5	72	1.18e-10	51.1
sp|P42305|DBPA_BACSU	CDD:409922	32.836	67	45	0	411	477	7	73	1.03e-07	42.9
sp|P45693|SP5S_BACSU	CDD:427805	72.840	81	22	0	3	83	1	81	8.53e-45	133
sp|P46350|RXL7_BACSU	CDD:426153	33.333	78	51	1	5	81	9	86	5.98e-13	52.6
sp|P46350|RXL7_BACSU	CDD:411046	34.568	81	47	3	4	78	18	98	7.49e-09	42.7
sp|P46899|RL18_BACSU	CDD:395691	73.913	115	30	0	6	120	2	116	4.94e-62	179
sp|P46906|SYR_BACSU	CDD:153410	40.881	159	91	3	398	556	1	156	2.92e-54	174
sp|P49778|EFP_BACSU	CDD:240220	62.500	56	21	0	129	184	1	56	6.06e-30	98.8
sp|P49778|EFP_BACSU	CDD:239916	47.541	61	32	0	66	126	1	61	8.26e-29	96.0
sp|P50830|YPRA_BACSU	CDD:350722	22.840	162	103	7	39	186	1	154	3.43e-06	42.2
sp|P50830|YPRA_BACSU	CDD:350777	24.862	181	93	9	70	227	34	194	3.49e-06	42.0
sp|P50830|YPRA_BACSU	CDD:350810	23.669	169	92	7	39	186	50	202	5.11e-06	41.9
sp|P50830|YPRA_BACSU	CDD:350803	25.954	131	87	4	59	186	26	149	1.03e-05	40.5
sp|P50830|YPRA_BACSU	CDD:350782	27.895	190	93	13	54	233	32	187	1.33e-05	40.1
sp|P50849|PNP_BACSU	CDD:411803	61.429	70	27	0	552	621	1	70	2.87e-33	115
sp|P50849|PNP_BACSU	CDD:239918	67.647	68	22	0	623	690	1	68	4.22e-33	115
sp|P50849|PNP_BACSU	CDD:206766	23.348	227	148	7	325	534	1	218	9.19e-29	108
sp|P50849|PNP_BACSU	CDD:206766	24.336	226	137	9	15	215	2	218	1.04e-20	84.7
sp|P50849|PNP_BACSU	CDD:206771	29.870	231	117	10	324	536	1	204	5.42e-27	102
sp|P50849|PNP_BACSU	CDD:206771	21.525	223	142	10	15	221	3	208	2.89e-10	54.3
sp|P50849|PNP_BACSU	CDD:240197	54.688	64	29	0	628	691	6	69	6.34e-21	80.8
sp|P50849|PNP_BACSU	CDD:238094	52.308	65	30	1	626	689	1	65	1.20e-17	71.3
sp|P50849|PNP_BACSU	CDD:240193	46.377	69	35	2	622	689	1	68	1.46e-17	71.1
sp|P50849|PNP_BACSU	CDD:240189	46.667	75	35	3	623	693	1	74	3.65e-16	67.6
sp|P50849|PNP_BACSU	CDD:240190	45.588	68	36	1	623	689	1	68	1.48e-15	65.3
sp|P50849|PNP_BACSU	CDD:239919	35.616	73	39	1	617	689	11	75	2.15e-12	56.8
sp|P50849|PNP_BACSU	CDD:240213	36.486	74	45	2	621	692	1	74	1.47e-11	54.3
sp|P50849|PNP_BACSU	CDD:240191	35.211	71	43	2	621	689	2	71	4.07e-11	52.9
sp|P50849|PNP_BACSU	CDD:240195	40.323	62	36	1	623	683	1	62	2.31e-10	50.6
sp|P50849|PNP_BACSU	CDD:240192	33.846	65	42	1	628	691	6	70	1.43e-09	48.3
sp|P50849|PNP_BACSU	CDD:240196	34.722	72	46	1	623	693	1	72	1.89e-09	48.4
sp|P50849|PNP_BACSU	CDD:240194	40.678	59	34	1	628	685	9	67	4.28e-08	44.5
sp|P50849|PNP_BACSU	CDD:206770	37.037	54	33	1	299	352	1	53	4.53e-08	48.0
sp|P50849|PNP_BACSU	CDD:239917	30.952	84	39	5	622	689	1	81	1.27e-07	43.2
sp|P50849|PNP_BACSU	CDD:240203	27.273	66	47	1	627	691	5	70	6.03e-07	41.1
sp|P50849|PNP_BACSU	CDD:240215	30.137	73	47	1	621	689	5	77	2.88e-06	39.5
sp|P50849|PNP_BACSU	CDD:239911	32.308	65	40	3	628	691	6	67	1.84e-05	36.7
sp|P50849|PNP_BACSU	CDD:240202	26.087	69	50	1	623	690	1	69	6.72e-05	35.3
sp|P51777|CSPD_BACSU	CDD:239905	61.538	65	24	1	2	65	1	65	8.06e-30	93.8
sp|P51833|RNC_BACSU	CDD:380682	50.725	69	34	0	174	242	1	69	1.35e-29	100
sp|P51833|RNC_BACSU	CDD:425434	50.000	66	32	1	177	242	2	66	1.79e-19	73.8
sp|P51833|RNC_BACSU	CDD:380706	35.135	74	42	2	175	242	2	75	5.15e-14	59.2
sp|P51833|RNC_BACSU	CDD:380679	40.678	59	33	2	181	239	1	57	1.37e-13	57.7
sp|P51833|RNC_BACSU	CDD:380704	39.706	68	39	2	175	242	2	67	1.09e-12	55.4
sp|P51833|RNC_BACSU	CDD:380696	35.821	67	35	2	176	239	8	69	5.37e-12	53.9
sp|P51833|RNC_BACSU	CDD:380732	38.806	67	40	1	176	242	3	68	1.00e-11	52.8
sp|P51833|RNC_BACSU	CDD:380736	38.235	68	40	2	176	242	2	68	6.50e-10	47.9
sp|P51833|RNC_BACSU	CDD:380731	38.462	65	39	1	178	242	5	68	1.55e-09	46.9
sp|P51833|RNC_BACSU	CDD:380694	40.816	49	28	1	192	240	14	61	2.53e-09	46.2
sp|P51833|RNC_BACSU	CDD:380686	35.294	51	33	0	189	239	14	64	4.12e-09	45.7
sp|P51833|RNC_BACSU	CDD:380746	33.824	68	44	1	175	242	2	68	5.64e-09	45.5
sp|P51833|RNC_BACSU	CDD:380720	38.095	63	38	1	180	242	6	67	1.25e-08	44.5
sp|P51833|RNC_BACSU	CDD:380705	33.333	54	35	1	189	242	16	68	1.72e-08	43.9
sp|P51833|RNC_BACSU	CDD:380698	34.921	63	25	2	193	244	13	70	3.27e-08	43.1
sp|P51833|RNC_BACSU	CDD:380683	37.255	51	30	2	193	242	18	67	6.44e-08	42.3
sp|P51833|RNC_BACSU	CDD:380707	33.824	68	44	1	176	243	1	67	8.95e-08	42.1
sp|P51833|RNC_BACSU	CDD:380681	33.824	68	44	1	175	242	1	67	1.00e-07	42.0
sp|P51833|RNC_BACSU	CDD:380695	47.059	51	26	1	192	242	14	63	1.08e-07	41.8
sp|P51833|RNC_BACSU	CDD:380692	33.333	66	39	2	179	242	5	67	1.35e-07	41.6
sp|P51833|RNC_BACSU	CDD:380688	26.154	65	46	2	178	242	3	65	1.49e-07	41.2
sp|P51833|RNC_BACSU	CDD:380727	42.308	52	29	1	191	242	15	65	2.40e-07	40.9
sp|P51833|RNC_BACSU	CDD:380709	42.553	47	26	1	193	239	23	68	3.54e-07	40.5
sp|P51833|RNC_BACSU	CDD:380743	32.308	65	43	1	178	242	5	68	4.26e-07	40.2
sp|P51833|RNC_BACSU	CDD:380735	33.333	69	41	2	178	242	7	74	6.45e-07	39.8
sp|P51833|RNC_BACSU	CDD:380733	27.536	69	49	1	175	243	2	69	6.86e-07	39.4
sp|P51833|RNC_BACSU	CDD:380742	31.343	67	45	1	178	244	5	70	8.36e-07	39.5
sp|P51833|RNC_BACSU	CDD:380691	33.333	66	42	2	178	243	5	68	1.43e-06	38.8
sp|P51833|RNC_BACSU	CDD:380737	30.882	68	46	1	176	243	3	69	2.28e-06	38.2
sp|P51833|RNC_BACSU	CDD:380724	39.216	51	30	1	189	239	16	65	2.92e-06	37.8
sp|P51833|RNC_BACSU	CDD:380697	32.812	64	39	2	180	242	7	67	3.47e-06	37.6
sp|P51833|RNC_BACSU	CDD:380684	37.500	64	33	3	177	235	5	66	5.06e-06	37.2
sp|P51833|RNC_BACSU	CDD:380685	29.630	81	42	4	175	245	7	82	5.11e-06	37.6
sp|P51833|RNC_BACSU	CDD:380719	39.394	66	38	2	178	243	7	70	1.61e-05	35.9
sp|P51833|RNC_BACSU	CDD:380708	40.426	47	27	1	193	239	21	66	1.93e-05	35.4
sp|P51833|RNC_BACSU	CDD:380712	36.538	52	32	1	191	242	17	67	2.49e-05	35.0
sp|P51835|FTSY_BACSU	CDD:349783	70.854	199	58	0	121	319	1	199	1.67e-125	351
sp|P51835|FTSY_BACSU	CDD:349769	55.612	196	81	1	121	316	1	190	4.79e-83	243
sp|P51835|FTSY_BACSU	CDD:349786	47.423	194	96	1	121	314	1	188	1.39e-69	209
sp|P51835|FTSY_BACSU	CDD:349784	38.265	196	115	1	121	316	1	190	1.46e-61	188
sp|P54374|AROE_BACSU	CDD:133452	27.143	70	47	1	124	193	182	247	5.30e-08	46.5
sp|P54475|CSHB_BACSU	CDD:350725	37.383	214	113	6	6	201	2	212	3.04e-51	166
sp|P54475|CSHB_BACSU	CDD:350722	33.178	214	127	7	11	211	1	211	3.89e-49	160
sp|P54475|CSHB_BACSU	CDD:350810	38.500	200	107	4	6	192	45	241	4.57e-47	157
sp|P54475|CSHB_BACSU	CDD:350721	35.859	198	118	4	11	205	1	192	2.11e-45	150
sp|P54475|CSHB_BACSU	CDD:350803	35.644	202	123	2	6	205	1	197	1.03e-39	135
sp|P54475|CSHB_BACSU	CDD:350809	35.354	198	105	5	27	204	44	238	2.39e-37	130
sp|P54475|CSHB_BACSU	CDD:350806	31.050	219	134	6	6	216	20	229	1.74e-28	105
sp|P54475|CSHB_BACSU	CDD:350805	32.353	204	129	5	6	205	3	201	7.62e-27	100
sp|P54501|YQGX_BACSU	CDD:293853	50.000	28	13	1	49	75	54	81	5.88e-06	39.0
sp|P54501|YQGX_BACSU	CDD:293851	30.435	69	43	3	12	75	11	79	7.95e-05	35.6
sp|P54520|NUSB_BACSU	CDD:238342	50.000	130	61	1	3	128	1	130	7.56e-55	162
sp|P54520|NUSB_BACSU	CDD:238253	49.600	125	58	2	5	124	1	125	2.38e-39	122
sp|P54520|NUSB_BACSU	CDD:238343	27.049	122	84	3	6	124	3	122	3.35e-17	66.2
sp|P54553|YQJP_BACSU	CDD:293853	33.333	57	32	3	23	76	15	68	9.03e-05	36.3
sp|P54572|MAO1_BACSU	CDD:133452	29.921	127	73	5	238	355	162	281	4.49e-08	47.6
sp|P55873|RL20_BACSU	CDD:197305	62.264	106	40	0	6	111	1	106	9.28e-58	168
sp|P71020|YLMH_BACSU	CDD:436033	46.429	84	45	0	80	163	1	84	2.24e-33	110
sp|P71020|YLMH_BACSU	CDD:238095	38.095	63	38	1	182	243	2	64	9.54e-13	55.7
sp|P80868|EFG_BACSU	CDD:293905	74.699	83	21	0	308	390	1	83	1.64e-50	164
sp|P80868|EFG_BACSU	CDD:293891	34.524	84	55	0	305	388	1	84	9.64e-11	52.2
sp|P80868|EFG_BACSU	CDD:293913	31.034	87	49	3	315	390	10	96	9.68e-07	41.0
sp|P80870|GS13_BACSU	CDD:240197	52.857	70	32	1	8	77	1	69	1.12e-27	91.2
sp|P80870|GS13_BACSU	CDD:239918	47.826	69	35	1	8	76	1	68	1.05e-23	81.0
sp|P80870|GS13_BACSU	CDD:238094	58.462	65	27	0	11	75	1	65	8.61e-22	76.3
sp|P80870|GS13_BACSU	CDD:240190	47.059	68	36	0	8	75	1	68	2.16e-21	75.3
sp|P80870|GS13_BACSU	CDD:240213	38.667	75	45	1	6	79	1	75	5.33e-19	69.7
sp|P80870|GS13_BACSU	CDD:240193	46.377	69	36	1	7	75	1	68	1.36e-18	68.0
sp|P80870|GS13_BACSU	CDD:240189	39.189	74	39	3	8	77	1	72	8.98e-18	66.5
sp|P80870|GS13_BACSU	CDD:240196	45.070	71	39	0	8	78	1	71	4.51e-15	59.2
sp|P80870|GS13_BACSU	CDD:239919	40.000	70	33	2	6	75	15	75	5.49e-15	59.2
sp|P80870|GS13_BACSU	CDD:240194	49.275	69	32	2	8	74	4	71	8.44e-15	58.7
sp|P80870|GS13_BACSU	CDD:240191	37.500	72	43	2	6	76	2	72	1.38e-14	58.3
sp|P80870|GS13_BACSU	CDD:240195	39.706	68	40	1	8	74	1	68	1.79e-12	52.5
sp|P80870|GS13_BACSU	CDD:240192	31.429	70	48	0	8	77	1	70	3.60e-11	49.1
sp|P80870|GS13_BACSU	CDD:240203	33.846	65	43	0	13	77	6	70	6.68e-11	48.4
sp|P80870|GS13_BACSU	CDD:240202	30.000	70	43	2	8	74	1	67	3.01e-08	41.5
sp|P80870|GS13_BACSU	CDD:240212	29.412	68	48	0	8	75	1	68	4.75e-08	41.1
sp|P80870|GS13_BACSU	CDD:240211	27.397	73	51	2	6	77	2	73	1.28e-07	39.9
sp|P80870|GS13_BACSU	CDD:239911	31.429	70	45	2	8	77	1	67	2.61e-06	36.3
sp|P80870|GS13_BACSU	CDD:240207	24.615	65	45	2	8	69	1	64	3.62e-06	36.0
sp|P80870|GS13_BACSU	CDD:240210	33.803	71	44	1	8	75	4	74	1.18e-05	34.7
sp|P80870|GS13_BACSU	CDD:239907	27.160	81	42	3	13	77	5	84	1.85e-05	35.0
sp|P80870|GS13_BACSU	CDD:239901	22.222	72	55	1	6	77	5	75	2.20e-05	34.4
sp|P80870|GS13_BACSU	CDD:240215	27.632	76	50	2	6	77	5	79	2.82e-05	34.1
sp|P94464|RSMB_BACSU	CDD:238343	45.312	128	67	3	4	130	1	126	1.58e-50	161
sp|P94464|RSMB_BACSU	CDD:238253	38.462	130	73	2	5	129	1	128	3.08e-33	115
sp|P94464|RSMB_BACSU	CDD:238342	26.471	136	78	5	3	126	1	126	3.83e-13	60.0
sp|P94538|YSGA_BACSU	CDD:429793	27.027	74	47	1	31	97	1	74	1.09e-10	50.3
sp|P96614|CSHA_BACSU	CDD:350725	39.234	209	113	4	4	198	1	209	1.71e-66	207
sp|P96614|CSHA_BACSU	CDD:350810	40.952	210	111	4	4	200	44	253	7.86e-61	194
sp|P96614|CSHA_BACSU	CDD:350722	39.196	199	107	6	10	194	1	199	3.74e-60	190
sp|P96614|CSHA_BACSU	CDD:350721	35.749	207	113	5	10	207	1	196	1.64e-52	170
sp|P96614|CSHA_BACSU	CDD:350809	37.788	217	115	4	4	200	22	238	1.37e-49	164
sp|P96614|CSHA_BACSU	CDD:350803	38.579	197	121	0	5	201	1	197	1.39e-48	160
sp|P96614|CSHA_BACSU	CDD:350806	33.333	216	132	6	4	212	19	229	1.38e-38	134
sp|P96614|CSHA_BACSU	CDD:350805	30.097	206	138	5	4	205	2	205	1.11e-28	106
sp|P96624|YDCG_BACSU	CDD:396449	15.033	153	103	7	4	136	1	146	7.27e-21	77.0
sp|P96655|YDDR_BACSU	CDD:293853	26.984	63	33	3	11	73	15	64	1.47e-05	38.2
sp|P96716|YWQD_BACSU	CDD:349786	28.037	107	51	3	56	162	10	90	1.67e-06	40.7
sp|P96716|YWQD_BACSU	CDD:349769	53.125	32	15	0	56	87	10	41	7.78e-06	38.9
sp|Q01620|JAG_BACSU	CDD:411785	40.506	79	47	0	63	141	1	79	6.91e-26	89.5
sp|Q01960|FLHF_BACSU	CDD:349769	41.837	196	104	6	176	364	1	193	1.87e-84	248
sp|Q01960|FLHF_BACSU	CDD:349783	33.493	209	105	10	178	364	3	199	8.72e-26	96.5
sp|Q01960|FLHF_BACSU	CDD:349786	32.317	164	96	5	178	331	3	161	1.17e-18	76.9
sp|Q01960|FLHF_BACSU	CDD:349784	28.643	199	125	8	177	364	1	193	1.33e-17	73.8
sp|Q03222|RHO_BACSU	CDD:239906	62.319	69	23	2	54	120	1	68	8.22e-34	115
sp|Q05873|SYV_BACSU	CDD:153416	53.676	136	62	1	564	699	1	135	4.76e-67	213
sp|Q05873|SYV_BACSU	CDD:153414	31.214	173	107	4	578	745	15	180	1.98e-31	114
sp|Q05873|SYV_BACSU	CDD:153415	34.706	170	99	6	577	735	15	183	1.55e-30	112
sp|Q05873|SYV_BACSU	CDD:431296	43.939	66	37	0	814	879	1	66	4.09e-25	92.7
sp|Q05873|SYV_BACSU	CDD:153413	27.184	103	64	2	595	697	24	115	4.77e-15	65.7
sp|Q05873|SYV_BACSU	CDD:153408	20.968	124	88	4	567	688	2	117	7.15e-15	65.2
sp|Q05873|SYV_BACSU	CDD:153411	23.664	131	83	7	574	699	11	129	3.43e-08	46.7
sp|Q05873|SYV_BACSU	CDD:153412	24.427	131	80	4	569	699	6	117	7.16e-07	42.6
sp|Q06752|SYC_BACSU	CDD:153417	35.294	170	85	5	306	464	1	156	7.43e-39	132
sp|Q06752|SYC_BACSU	CDD:153411	26.190	84	49	4	334	406	32	113	3.08e-06	40.2
sp|Q06753|YACO_BACSU	CDD:429793	41.892	74	42	1	7	79	1	74	8.58e-25	87.7
sp|Q08352|DHA_BACSU	CDD:133452	29.412	102	63	4	168	267	180	274	9.01e-05	37.2
sp|Q45477|SYI_BACSU	CDD:153414	55.556	180	79	1	632	810	1	180	5.10e-92	282
sp|Q45477|SYI_BACSU	CDD:153415	29.101	189	116	6	638	817	4	183	8.53e-28	104
sp|Q45477|SYI_BACSU	CDD:153416	27.206	136	91	3	639	770	4	135	4.06e-23	89.5
sp|Q45477|SYI_BACSU	CDD:153408	23.387	124	86	3	636	759	3	117	3.66e-16	69.1
sp|Q45477|SYI_BACSU	CDD:153411	24.800	125	62	7	659	770	24	129	1.18e-08	47.9
sp|Q45477|SYI_BACSU	CDD:153412	25.397	126	70	6	651	770	10	117	1.21e-07	44.9
sp|Q45477|SYI_BACSU	CDD:153413	23.232	99	61	4	671	768	31	115	2.94e-07	43.7
sp|Q45480|YLYB_BACSU	CDD:238095	40.000	80	37	2	15	93	1	70	2.65e-16	66.1
sp|Q45493|RNJ1_BACSU	CDD:293853	21.875	192	119	9	14	180	4	189	8.81e-15	66.7
sp|Q45493|RNJ1_BACSU	CDD:293820	31.313	99	60	4	14	110	3	95	3.41e-09	50.4
sp|Q45493|RNJ1_BACSU	CDD:293851	23.596	89	54	3	12	96	2	80	1.15e-05	39.8
sp|Q795Q5|YTTA_BACSU	CDD:426757	33.784	74	46	1	70	143	30	100	7.06e-07	40.6
