28.1011
26.4536
31.4357
31.9695
32.2690
32.7100
27.3194
29.7019
31.6489
31.4037
32.3125
32.4296
32.1723
31.4890
30.8538
29.1793
29.9787
29.5358
28.6085
30.6375
30.6831
32.1148
30.6493
35.4676
29.7793
35.2423
28.8080
29.3354
31.1965
30.2888
29.6490
31.4215
29.9178
31.8142
29.9881
32.0249
30.3492
29.1136
30.4322
29.7174
27.0745
27.5959
26.6617
30.3394
30.0104
31.6611
29.3083
27.3929
36.1709
31.8303
26.1779
29.0927
32.9533
29.1964
29.9065
28.0575
29.4622
30.6060
29.7138
29.5293
26.9953
32.0094
30.0819
28.5077
29.9498
31.2984
33.7538
33.2137
33.3998
31.3757
27.9362
32.5911
34.0933
34.2385
33.3044
30.2100
32.7057
33.6533
30.4536
30.3604
30.1867
29.8704
31.6130
30.3677
29.0200
25.9257
28.3258
24.8873
28.8194
24.0779
29.0463
25.0297
26.1376
26.4849
24.7435
28.2053
27.2528
27.6025
28.4644
27.4783
25.9366
25.3696
26.9333
26.1575
28.6684
26.0305
28.5903
26.7380
28.1374
29.5573
27.1803
27.1071
31.4879
32.4127
30.8649
29.5713
33.8833
27.6623
25.6925
26.7815
26.7001
31.4317
31.8257
31.7578
28.7804
28.4939
27.3809
33.1253
27.1664
28.2769
26.4049
28.5118
30.6417
32.2083
33.5339
31.7545
28.0320
26.3941
29.6301
29.9812
33.5601
35.5875
31.4693
31.3374
29.8186
28.0917
30.1614
29.1592
33.3183
28.1278
28.5441
25.4534
26.8129
27.3709
26.7477
28.6841
32.6789
31.6568
25.3403
25.4884
26.1616
25.0540
27.7013
27.8056
30.8292
27.5116
30.5465
30.9769
30.9660
27.5592
29.3242
30.0691
32.9822
26.0467
28.3240
26.6135
28.6578
28.7450
30.9186
27.8113
30.1067
30.4671
32.1595
33.6974
32.3950
30.0861
31.5262
28.9675
27.1134
24.9163
33.3383
27.4993
27.8109
29.9140
26.3559
31.3994
29.8624
30.1645
28.1016
27.0158
26.1223
27.7897
31.1067
27.5459
26.1065
28.4721
26.6238
34.0702
29.0180
29.1688
31.8517
31.4254
33.2529
28.0337
33.8957
28.9509
27.0988
27.9437
26.5066
26.4518
30.1051
27.0125
29.8096
32.3348
30.3138
26.9227
26.3441
26.3321
26.7633
28.1507
26.9494
24.7405
28.8383
24.2667
29.9823
27.6434
25.6729
33.4054
33.3873
30.5921
29.3182
30.1012
27.6965
26.7552
25.4340
26.1782
28.0670
27.5286
40.2821
29.5545
30.4016
29.2710
29.4449
27.6872
31.5474
29.1898
29.2478
29.0257
30.5753
28.2183
26.7704
26.6711
29.2110
27.4794
26.1381
26.1403
31.9187
33.1499
34.9614
35.4631
33.9986
37.2223
29.2736
26.7662
28.2361
28.8994
28.9688
26.9484
24.5093
31.3609
25.1109
29.5935
32.8747
27.9016
31.1306
29.1712
28.5204
32.5425
31.9571
29.5504
27.8953
30.2683
31.6417
33.3579
27.7114
27.9908
28.6132
31.5228
29.9693
29.1297
31.4248
33.3452
29.7522
29.1537
30.4464
30.5778
31.2071
30.0193
26.4879
29.9240
35.7547
29.5095
38.1499
36.5192
29.5130
31.3595
35.3200
33.3085
34.0781
34.9342
37.6972
36.2597
33.8376
36.1981
32.7188
34.7291
37.5501
34.4147
29.4935
30.8661
35.2935
37.8307
36.7434
34.3686
33.7381
30.7972
29.9454
34.5489
27.5132
29.9654
30.6980
29.9235
31.0416
28.0666
35.7608
32.7045
31.0557
25.9534
33.1574
29.7829
27.6159
29.9168
33.4974
27.5059
31.3607
29.6105
32.9464
33.1477
27.9079
28.0106
32.0935
26.5235
28.2576
27.4186
26.8894
28.0918
26.0604
34.0005
31.2473
28.7522
28.9691
35.5794
27.2108
27.0739
29.0856
31.1092
29.8546
29.2078
26.3374
29.1590
32.7225
34.6805
32.7690
33.2850
33.6986
33.6180
30.8768
30.3150
31.0567
34.4437
35.7128
29.1599
29.1367
30.6188
28.1017
28.4770
27.4494
25.7830
24.3640
31.5672
26.8719
27.4601
24.8002
26.6200
29.9937
33.4712
31.5495
27.0317
28.7707
36.0031
32.1677
29.5339
32.2249
31.7593
27.3200
28.8967
30.4678
35.3919
34.0169
28.7820
29.2424
32.5530
28.3358
30.4580
31.5232
37.7773
35.3263
38.1011
32.3821
26.2408
28.8868
28.6346
28.5424
25.3159
26.0671
25.9070
27.9316
32.3635
33.5421
38.2267
34.6245
26.3663
26.0551
28.2533
31.1006
25.4919
30.9176
27.3399
28.7794
29.0749
28.0120
26.5838
30.1799
30.1736
30.8649
33.7210
28.7511
30.8625
29.6656
25.5921
26.9404
25.1224
25.0095
28.5130
28.9474
24.3448
27.4690
33.7705
29.0987
30.3203
27.6806
36.2512
32.7190
31.7853
27.0251
28.4533
27.1467
30.1264
27.2361
29.1399
29.5158
29.6682
28.5954
32.0349
39.1748
32.0945
42.1651
41.0304
31.5925
29.1487
33.6553
33.5841
33.3445
31.6911
26.4691
25.8857
26.6048
37.2087
34.0892
34.0231
32.6367
33.6712
30.3246
34.3386
32.5952
32.8998
33.8215
26.5423
28.3448
32.1424
30.0530
32.9235
31.6174
33.4841
37.7074
32.4333
29.5712
36.9609
28.5046
30.3291
32.5508
29.4085
36.8427
38.2492
29.8579
31.0817
36.4072
39.0301
29.7395
32.5924
28.2443
30.6776
26.6792
25.5537
28.1636
26.2335
34.6651
28.1610
29.3667
28.2821
29.4271
30.1679
29.3597
28.8219
27.0687
29.2437
30.3732
24.0571
24.6023
25.2160
37.0529
33.5714
36.3133
31.8068
27.8149
25.3818
28.9848
30.8819
35.1267
34.5549
30.9783
32.2032
26.7868
30.5146
30.5927
27.1106
27.2388
27.8788
27.6950
31.0284
26.4708
27.5477
26.7275
27.7379
25.9625
25.4441
25.2495
26.4669
27.9177
24.9325
25.1285
24.4007
29.1432
25.8599
25.8147
24.7502
26.3031
25.3730
25.6479
25.4799
26.8334
25.2331
31.8119
29.5277
30.0035
28.2024
28.7524
28.5512
27.7518
29.4046
28.2887
27.4934
33.3684
38.3530
32.8917
34.2270
30.5641
26.8329
29.4569
27.1856
26.3084
31.1437
29.7918
37.3391
34.7276
36.5912
29.4087
36.6680
32.6147
33.6824
29.9305
32.9865
35.9019
39.0643
38.8379
36.0541
34.2891
28.3672
26.9579
31.9556
31.4694
28.8774
29.9176
34.1522
28.6939
27.4794
27.8449
25.3877
28.2374
25.2609
30.8421
30.4002
29.7279
27.6577
26.6379
34.1763
30.6742
28.3079
32.9526
28.5784
28.7476
29.9103
29.1770
25.7944
30.7200
30.1639
31.3257
34.2169
33.8708
31.9540
28.0336
30.1799
32.6080
30.6614
27.2970
29.4547
28.4246
29.5315
29.1230
27.0262
31.3891
31.5209
29.3563
30.9916
31.1607
35.1656
32.5017
37.5338
29.0896
30.6555
32.2531
27.6875
26.2895
31.4824
28.0023
39.1421
26.8300
29.9117
34.2601
30.7567
29.0586
26.0122
38.7881
33.6509
38.6526
35.5379
26.7271
34.6360
37.8209
33.8940
31.7036
36.1690
30.7425
27.6764
28.6152
28.9420
30.5888
30.7283
33.3816
31.0880
30.1705
30.5775
40.1449
36.5884
27.1966
37.1274
28.9171
37.8132
27.1475
30.3096
24.9861
24.9791
27.8453
26.5373
25.4471
24.7965
23.2691
25.9314
25.9795
26.4584
25.7431
30.8957
27.2426
26.9237
26.4857
26.4797
25.7333
26.5891
27.8939
27.1476
26.8646
25.4335
28.0596
26.5223
24.9301
28.7955
26.7425
27.2483
27.9400
26.8807
28.8707
29.9368
27.2608
33.1296
26.6201
26.7232
25.9493
27.0448
25.7256
26.2449
26.5501
26.8796
26.9592
26.5005
25.8974
25.6966
27.8959
32.5048
34.6951
32.9752
38.9967
29.3042
28.1063
29.5895
23.5020
25.7301
25.6536
29.7495
25.3845
27.3025
25.6918
25.1922
24.4385
30.7499
28.7672
27.8276
26.1583
24.9165
27.0945
25.9621
26.2280
23.9821
24.3123
27.8542
25.7598
27.2052
25.6565
25.9269
25.6249
26.3986
27.4366
26.9791
28.2774
25.3807
24.5176
25.1663
25.8311
25.1646
25.3882
27.7679
23.7535
23.7924
23.8363
27.1066
24.3226
27.9296
27.8160
26.4171
26.8199
24.5899
25.1936
25.8311
24.4751
25.5283
25.5384
26.8938
29.2651
28.2354
28.0781
29.1703
27.2452
26.7005
27.2966
29.7211
29.0850
31.7632
27.5287
29.0595
31.4301
33.1514
33.8105
30.3431
29.6595
28.1795
30.0618
28.7777
28.3903
30.2842
30.8451
31.6597
26.6387
31.7682
27.9939
27.4351
24.6820
26.4405
23.2344
25.1102
27.2686
27.8340
28.1600
29.8211
25.7188
27.6916
27.8302
29.4339
23.9656
26.9386
26.0234
26.0137
25.2083
26.3555
25.3037
28.4606
27.8308
25.0604
25.7285
25.7762
24.9677
31.6901
28.8522
26.4793
30.4940
25.1787
28.5412
31.5748
27.0648
28.0700
28.2504
24.7158
35.3266
26.6641
29.7991
25.0643
24.3088
27.5533
35.8822
31.8980
31.6952
31.8270
28.6375
25.1221
30.7937
26.2888
26.2833
29.0208
30.3309
31.8083
27.4142
31.0444
27.0664
28.3101
29.8663
30.6173
34.6582
31.0116
31.6150
24.2115
25.1128
25.4510
30.9538
28.7163
29.3080
26.1228
30.2564
29.7236
28.5144
33.4858
33.0626
32.6220
31.6881
28.4907
28.8498
25.8958
25.2122
25.4999
26.1126
26.5117
25.6360
30.8746
32.1072
32.4125
31.4789
28.0496
30.8354
28.7229
26.4140
29.2858
27.7208
30.2191
25.7306
29.7111
25.6469
35.5879
31.7777
36.7295
32.4293
37.4182
29.8330
26.5345
28.4132
38.6655
31.0237
32.5747
30.8084
39.3912
31.0284
27.8897
30.3392
30.2704
30.5950
27.8174
31.4789
34.3872
28.8921
27.9369
29.5528
29.6808
26.7267
26.9865
30.1843
27.7618
30.0817
30.9000
29.9378
27.3056
25.6790
31.8334
28.9584
29.7071
29.7496
24.7207
26.5740
31.4785
30.6907
29.4901
29.4442
24.8862
30.4915
28.6906
28.9836
25.7066
28.8370
30.7538
28.1202
30.2848
30.4335
31.2623
28.9311
27.1711
28.6867
30.7267
28.9449
27.9588
26.4341
25.9151
26.3045
27.4527
29.9500
25.9417
30.1179
26.4676
28.9567
29.6412
29.9066
26.4783
28.2263
29.3419
25.9665
25.7157
26.5535
28.2658
29.5726
31.8355
31.1043
28.4404
26.2017
26.9752
25.4636
29.5414
26.5178
29.5074
32.6248
27.5696
29.6169
32.4415
33.8018
38.2423
38.2694
32.2651
33.7788
36.0734
39.2040
32.4319
30.9791
34.2081
32.6758
32.0655
31.1438
31.9966
34.4008
28.6652
29.8306
31.2581
31.1061
32.4792
34.7743
33.4118
35.6944
29.5608
32.3621
29.3757
27.7384
35.2353
35.1492
31.1098
35.6640
28.8915
30.9574
28.8966
31.5346
31.8358
32.0547
35.4417
33.4922
37.2570
32.6072
30.7711
31.0420
28.6550
31.0456
26.6541
31.3036
34.6138
34.1649
37.3981
34.3537
39.1132
30.1838
27.8495
28.7357
30.2502
29.6721
27.1397
28.8526
26.8234
26.4828
23.6662
24.6451
24.8443
28.3559
29.9687
29.3160
32.1929
27.2648
41.5075
29.7835
27.7796
31.7919
32.2356
34.5490
32.9289
28.5449
31.6141
29.5144
29.3599
32.6540
28.3023
26.2865
28.5908
25.8342
32.6825
30.9438
30.5077
27.8386
27.9977
26.4288
28.0592
26.3047
31.9998
31.9417
28.9694
27.1613
32.5468
32.4597
37.7172
35.9127
34.7696
33.9203
29.9938
35.8363
32.7374
27.9881
32.3998
35.9433
33.0332
27.8306
27.9521
29.4465
28.7931
30.9423
32.6090
36.9038
38.4300
29.8625
35.9494
34.4693
30.2591
27.8353
33.1580
35.3495
32.9315
30.6428
32.2736
30.6213
28.6362
28.2535
29.6412
30.0567
26.3754
29.1088
25.3463
26.4632
26.8617
25.5850
33.6581
36.1507
26.9135
25.9062
26.1926
25.1633
29.7647
31.8978
29.0726
26.0298
29.7172
29.6571
28.1119
23.8793
27.9931
28.1950
25.7373
27.8980
26.4162
29.0010
28.2859
25.9802
31.3052
28.3867
29.6211
28.6956
27.0662
25.4659
26.2375
29.6005
32.1174
30.8965
30.9057
36.0375
39.5569
30.6389
27.7285
34.5962
28.5096
25.9036
28.1938
26.9407
27.4702
25.3965
28.6118
30.1632
26.4194
27.1578
27.3511
27.7835
29.1848
28.4540
30.9311
31.2461
29.3259
29.8189
31.8568
31.8620
27.3067
28.9948
30.7906
32.5515
28.1577
29.2850
27.7702
26.1431
32.6837
28.8979
33.0607
28.9366
31.0171
31.5602
28.3025
33.6239
26.7837
29.0041
31.6810
32.4260
38.6190
28.3646
27.1268
31.8729
32.7670
40.8406
39.0235
36.6133
40.6900
39.8952
42.5786
34.2791
30.3560
41.2112
32.6571
32.0279
31.9413
30.6307
30.3444
32.4157
28.9871
32.5668
30.1859
26.6863
26.7399
26.9115
26.2453
27.2167
25.4186
25.2920
26.6243
25.5190
24.9067
27.7411
30.9358
31.5339
30.9123
28.7621
29.8887
26.3691
26.1449
25.1206
29.0525
30.3729
27.4121
27.5357
31.8992
25.3132
30.1449
34.5811
33.2295
29.9827
29.9397
26.8474
24.9913
26.4511
26.9398
29.7333
26.7119
28.1072
26.8243
31.6554
28.3946
27.0048
31.1563
28.6501
25.8978
30.9560
41.1706
35.4225
36.2277
27.6496
27.9748
29.5308
28.7055
29.1750
28.5345
27.4262
31.8605
27.9821
33.0544
31.5507
31.8388
30.4892
28.0615
29.6273
36.2192
31.4101
34.3942
28.8447
32.6213
29.5860
27.9843
29.1198
29.6541
27.2393
32.8999
29.0880
26.7130
28.2131
27.2862
29.0663
29.9169
29.9859
28.0322
29.0482
26.8643
29.5013
29.5373
28.0104
30.2378
30.5303
25.2600
26.0148
24.8791
24.5524
24.6918
22.9551
25.8974
24.7948
24.1780
27.5318
27.9468
30.2770
32.0456
28.8353
25.3685
23.8582
26.3512
27.3389
27.6989
24.8761
23.3007
25.0906
23.9958
24.5965
30.3376
29.3164
26.3867
27.3170
29.4804
29.4058
30.3261
29.3735
30.7761
29.0125
25.8735
28.0007
28.0790
29.9887
31.7307
31.7832
29.9023
31.9078
32.2873
32.2030
28.7696
33.6298
35.2669
27.9069
32.7810
28.5714
26.4681
24.5072
29.8284
32.7413
29.6140
26.7054
26.5746
26.8514
27.6673
28.3436
28.8489
29.8582
28.0675
26.4743
25.0225
23.9405
27.7831
28.6148
29.3020
26.5650
25.4417
25.0240
30.3721
25.2278
35.0466
29.5533
27.4729
27.2382
33.8528
31.6307
29.3357
31.5982
30.0070
27.3341
24.9883
24.4971
27.4523
26.3454
28.5158
27.2916
26.4668
24.6741
26.2811
29.0100
28.2650
26.7624
25.0068
27.8319
30.4604
28.9043
25.8341
27.1073
26.7083
33.0168
28.3589
29.4904
31.4682
28.6055
27.2669
28.9648
29.9324
28.1243
33.0146
30.2369
28.9463
30.0892
29.0505
30.8721
40.0082
27.5948
28.0769
25.2061
27.9782
29.1011
27.2434
30.0037
28.0743
25.9428
24.6160
25.8563
29.0073
28.3576
27.0196
24.1142
29.3394
28.7551
27.1608
26.3097
32.0690
28.0459
30.5765
28.7886
24.4372
24.5052
28.4960
26.9967
28.1333
25.9554
27.6009
26.4822
29.6366
27.6197
27.6220
26.0319
26.3151
29.3203
32.9296
33.9096
29.3603
28.4241
30.0314
27.3828
26.5785
29.2848
28.0109
29.4342
27.2411
27.7763
26.5427
31.0120
26.9754
26.3507
29.5924
30.5249
27.2456
27.7815
28.2046
24.9053
26.7951
27.4882
24.2256
27.5278
24.0723
24.1356
22.6298
26.6982
27.6708
27.2562
26.4454
30.7995
25.6700
31.4167
26.4211
28.0003
25.5061
26.4019
26.3625
27.5821
25.6129
25.3294
26.8675
27.5205
24.9756
26.7051
27.4896
28.5601
26.1526
27.1126
30.9255
34.7182
29.5009
27.8449
32.7124
29.8177
30.3137
29.2957
29.0153
29.5008
27.5456
23.9596
24.4822
27.0232
25.1970
26.3266
26.7758
27.1641
27.9583
28.5375
28.0609
30.2899
30.3816
30.4073
27.8176
28.4303
26.7443
26.9532
26.5832
24.8558
24.8643
27.1383
27.7289
26.2151
24.5820
26.7629
26.3190
27.1669
26.1719
27.4279
26.6376
25.3803
26.5661
25.5241
26.2160
25.8666
28.1476
26.6249
25.9701
27.6742
28.3978
27.5622
28.5725
29.6604
27.0765
27.2016
26.7596
29.5189
27.4362
29.5181
30.2462
33.4919
29.3958
29.3259
24.9761
25.7146
25.9388
28.9402
28.4587
36.8832
33.8605
33.6024
30.6858
32.3162
26.1565
32.9493
37.7098
34.6447
37.1167
32.7234
32.0686
33.1178
28.2656
28.3322
34.6281
29.1540
29.0931
25.6047
26.8510
30.4924
26.6356
24.4862
30.2461
31.1378
27.3043
25.7318
25.1572
28.2546
27.1902
29.0449
24.7274
29.9269
27.7839
28.0344
26.1428
26.2470
24.0257
28.9793
25.6170
24.6880
26.8720
27.7663
27.0743
30.5234
26.7427
26.9666
27.8630
26.4286
25.5359
26.9233
26.4372
28.0002
27.5884
24.6832
25.0783
27.4017
30.3454
33.3132
31.3144
28.2370
29.1070
27.5878
27.4667
25.4053
28.9605
26.3621
25.7757
33.8826
30.6605
26.6626
30.2635
29.0141
31.7935
28.5183
31.4174
27.4026
26.7851
24.2679
26.7058
27.3486
27.3879
27.3299
34.2567
29.0290
38.0890
26.8542
32.7370
29.1018
29.4515
31.0462
27.1671
27.1282
31.6240
30.7789
26.0026
35.6815
26.7610
33.3701
26.2807
27.9470
30.7241
29.6099
28.7209
26.6845
25.2642
26.7683
24.6197
29.7741
30.8393
34.7187
32.4901
33.3333
34.4797
25.5081
29.1928
27.1876
25.7773
27.4239
26.8371
26.4512
26.9304
33.7804
26.4331
33.6739
36.2200
32.0930
33.5480
27.6372
33.8453
28.1798
30.5338
25.6839
30.6504
33.4953
29.9357
27.0191
29.9226
33.5361
35.2037
35.5623
30.8817
32.2309
37.3829
32.9006
31.0302
33.8487
32.2253
35.2805
41.1898
33.9548
31.2632
30.4414
32.1172
31.1396
31.6056
33.3294
32.8864
29.4238
33.3001
29.9718
26.0636
28.6505
30.9931
36.5231
29.0929
31.6130
29.1584
34.4574
27.8579
28.2734
27.2194
25.7581
33.7258
33.9979
31.4288
29.0805
29.3623
28.0074
27.3260
26.1309
25.2639
25.4861
30.2086
25.7009
27.2791
25.7249
26.8633
24.8618
32.0986
31.7864
28.9383
27.7724
27.9836
33.1033
29.3798
35.1375
30.9281
30.8692
32.5696
27.9306
26.3398
27.1314
26.9941
27.6335
30.3262
30.1586
27.4949
31.1251
25.9557
27.0217
27.7054
25.9620
24.8447
29.1828
29.3802
29.6209
29.0937
30.0923
27.1763
29.0905
33.1888
30.2282
30.4182
38.9303
33.6583
31.7963
26.3931
28.3037
27.4173
26.4279
28.9625
27.1628
33.3300
27.7800
26.0291
27.8122
27.2488
27.7929
27.2402
25.4212
25.8510
27.0037
25.8300
28.9189
26.1102
26.1004
29.5996
26.0800
25.2807
27.4537
24.0405
24.3600
27.5006
24.8379
25.9253
36.0484
34.5960
25.5732
25.9548
28.1226
31.8864
33.7894
33.4115
33.8309
25.5674
24.3388
26.8563
26.3443
26.8761
27.0235
28.6998
31.6160
30.6470
31.3524
30.2452
33.3262
27.8512
34.3522
25.7850
25.9962
23.9961
24.5859
24.4364
25.9193
28.6733
35.2563
27.1753
26.5374
27.8316
24.8492
26.8781
27.5271
26.5346
27.4698
30.1369
29.1058
29.8959
30.2978
26.3548
29.0421
27.2482
28.3473
28.6428
29.7753
28.9873
29.7086
25.7072
28.0542
34.9575
29.0132
26.0617
25.9595
33.6658
26.3277
29.5660
29.5441
30.0506
30.6970
31.2318
30.3488
29.3487
30.1776
30.0463
28.2156
29.0000
27.0739
25.8903
26.4756
26.9827
30.1816
27.7067
31.7899
27.7988
29.4756
28.6611
31.4156
30.6611
30.3660
28.1434
36.4528
29.6017
27.4123
25.9140
25.8789
34.2616
28.3756
25.9487
27.2236
33.2975
28.2773
32.1198
25.8582
30.4241
28.6887
28.8936
27.3857
31.4248
32.8332
27.6675
32.5906
31.2859
30.3352
29.7183
31.2995
30.6775
30.1967
41.0416
30.3226
28.2537
32.7599
34.3304
26.8254
26.4284
30.5655
28.3898
28.5813
35.0576
39.3707
27.2782
30.9085
29.3262
29.0004
30.2348
31.0305
27.8562
34.6245
26.1396
28.6983
33.7355
31.4618
25.9112
28.7476
31.2088
31.8132
36.3029
37.3978
29.1375
34.1865
32.6291
29.9340
35.8730
32.5191
31.9428
30.8663
28.5983
30.4899
33.4874
29.2265
28.8643
31.5329
28.9862
29.4626
29.2717
27.5679
28.2485
27.4877
29.4820
24.9310
29.2183
26.6323
26.5681
26.4932
26.1856
28.3014
28.8334
29.1053
28.4204
27.9484
27.7226
28.3788
26.9110
25.7379
30.4730
31.0563
29.7063
31.0213
34.4488
32.9947
31.8367
36.1036
36.2607
30.8380
38.4872
42.4650
34.4854
30.1325
29.2596
31.0607
33.1002
30.6437
27.5755
31.7305
30.7389
30.4852
34.4281
28.4787
30.1936
32.2836
31.7116
29.6660
32.5962
28.0104
23.6403
25.6072
26.8845
27.0816
27.0060
26.3774
26.8203
28.4558
26.1393
24.4023
26.6985
25.9257
27.4224
29.1676
34.4726
27.3080
30.2693
30.1295
28.3819
31.4854
30.5594
28.6585
27.8356
25.8919
25.5336
25.8751
26.5953
26.4133
27.5167
27.5609
29.2182
28.9256
30.7092
31.0514
26.3726
30.8362
26.8449
34.5466
28.3513
37.0807
37.3532
36.9593
32.9944
33.8270
27.9991
28.1868
35.1393
37.2641
28.9592
26.6566
29.3116
28.5568
25.5665
27.7615
28.6537
32.2717
31.6093
35.3449
31.4232
30.4733
28.6326
25.3310
27.1117
26.2128
27.8847
28.1482
32.3514
29.9994
31.5753
33.5463
28.6398
28.8050
27.2683
27.0582
27.0588
28.2067
24.3829
29.8470
33.5368
35.4833
31.4351
29.5956
25.5013
24.6822
29.7429
28.7625
34.0421
33.3122
29.4403
28.2487
28.2748
32.7384
30.4196
30.7698
27.1664
27.4437
26.1862
26.2450
31.1694
29.2347
29.2812
30.4938
32.5284
32.3346
32.7464
28.7682
32.5865
28.0609
32.8114
28.0874
26.6631
26.2388
26.1191
26.8668
34.1468
25.6709
27.5021
26.6269
26.1689
28.8740
30.6409
28.2711
28.8426
25.5372
25.6568
28.4971
28.9962
29.2830
30.1251
31.4931
25.8006
28.5722
26.5231
26.5309
28.3354
31.7108
28.0009
27.9154
28.2819
26.8413
24.7087
29.2392
27.3001
33.8197
30.9915
25.5980
37.9333
25.1418
27.5986
28.6409
30.0003
36.5960
30.6554
37.7175
34.8570
38.9317
35.3446
33.7902
30.6935
36.0173
30.1995
33.0855
31.5829
30.0749
31.7200
29.3990
28.3540
31.5161
31.1250
32.9732
29.8174
32.8583
29.1644
28.0070
26.5077
30.0314
27.8626
28.3868
29.0804
27.2661
28.4371
29.2665
31.5413
33.4903
35.1526
31.9156
31.6982
31.1877
27.5055
24.8706
26.2428
24.6840
24.0934
26.3044
29.6472
29.8723
26.4671
30.1147
28.4137
32.5861
28.2374
30.5939
34.4532
28.9491
29.0919
30.3229
31.2053
29.8224
29.4740
29.1867
32.2438
31.4473
39.7835
30.0774
26.5924
26.1823
27.5799
29.7318
28.1090
28.2903
30.0707
28.5498
25.8080
27.0754
27.6535
31.5443
29.9359
28.0995
28.1591
29.3981
29.3823
26.6729
27.3193
27.3498
26.7935
25.4245
29.2860
29.9712
28.3375
28.9613
25.5037
28.6923
29.5762
29.9982
26.8347
28.8609
31.2756
27.1311
29.7690
30.3189
30.1565
30.4659
29.2967
26.7654
34.4840
25.8948
26.9892
30.5192
28.4284
26.3720
26.5216
26.0033
28.8140
27.9382
27.8675
27.7697
27.0011
30.9002
31.1050
29.5218
34.4061
36.2753
33.6925
35.7389
30.0146
30.1023
32.8228
32.7673
34.7222
31.9863
30.7051
29.7198
30.0539
25.8128
30.2391
26.6017
27.7600
30.5936
29.8734
26.4722
27.2359
30.0809
26.9796
26.4187
28.7669
26.8720
31.8846
30.9885
29.3111
30.3109
34.1115
36.4503
36.7613
33.1857
38.2537
34.9056
36.0040
38.2222
28.8535
28.1969
28.0565
27.1594
32.2724
30.8586
26.4461
33.3373
28.5197
32.8365
29.0670
32.5466
32.0704
28.9700
27.9000
26.3449
28.9049
34.0931
31.2943
27.8520
27.7247
27.3651
27.6267
29.7396
29.0676
27.9687
30.1943
29.6909
29.7150
32.9162
29.2046
29.8929
27.8049
31.7471
32.3774
30.3312
30.7907
28.5086
28.1422
26.7578
27.2991
25.9769
25.8516
27.4489
28.2347
27.4005
27.3225
25.3773
26.4925
34.4560
26.2648
28.0739
28.9054
29.0728
26.6509
27.3773
27.0062
28.8374
29.0325
26.3999
28.0200
28.9961
31.6404
33.3508
29.6430
26.3894
28.1558
28.0098
28.9898
29.4928
26.8423
27.4260
29.6507
28.2852
29.2296
27.6361
29.1429
30.1456
29.2803
29.9284
29.9199
30.4058
30.2089
32.4234
28.3965
30.3418
28.3922
27.3854
27.4146
27.5234
26.6550
28.3609
26.5617
27.1899
26.6544
25.7997
23.8930
25.0953
26.9368
27.3279
27.5213
25.0846
25.8055
27.0310
24.5702
27.1600
27.6500
26.7230
25.7248
29.5976
28.1676
33.2468
26.9363
28.4643
33.0349
28.6831
29.3572
28.6841
27.2595
25.8790
31.1479
27.7994
26.2060
26.1729
25.3634
26.4054
26.4660
33.2461
33.8116
31.3046
30.5343
28.4601
28.7858
32.4326
27.2823
26.7809
29.2332
29.3367
28.0411
27.1177
30.1998
31.2284
32.8550
30.8815
32.9998
38.0292
38.1157
37.2113
33.3918
33.9187
31.2894
25.8736
24.9062
26.6988
24.6789
25.2905
27.6013
25.8422
28.6445
27.3586
27.8745
28.7637
28.5086
28.0721
32.1546
27.8409
27.1675
28.7946
27.7034
27.9024
30.8085
25.8416
28.4338
29.9008
29.4885
28.3402
31.9826
31.6917
27.3268
28.7090
30.4830
31.2218
30.1751
30.8451
30.5043
33.0050
30.2378
32.4931
28.7387
31.8896
28.9185
31.8302
27.9290
31.2290
27.4926
26.9555
27.7621
28.5670
30.2877
29.9759
29.4194
32.2142
33.1359
30.4673
35.9043
29.5375
32.2232
27.7010
30.3598
29.3992
32.3029
30.9794
30.3516
28.1665
33.5420
32.2143
30.7591
26.4320
35.1367
33.8918
33.1847
29.6948
29.9916
27.7501
27.3710
30.9878
28.8121
27.9817
29.5934
29.8550
32.1537
32.9186
32.3416
35.3189
34.3424
28.9652
29.3083
32.0688
29.3006
30.1553
27.9045
28.5811
28.6096
26.9000
28.9078
26.2246
24.9855
25.3056
24.0930
26.0545
28.1356
30.8734
32.4290
27.4066
30.9875
29.2832
29.6019
27.9632
25.1748
27.5180
26.8305
31.5234
30.2508
29.1475
29.0930
29.8277
27.8872
29.5135
30.6783
29.1930
32.7601
30.5289
31.4175
30.1226
26.9214
28.0282
32.9741
25.2682
27.2172
30.8005
30.9957
31.4389
28.4896
31.8818
32.5669
29.2887
29.6932
27.6900
30.2495
31.0288
29.8542
27.9968
35.1927
33.8855
35.3874
31.7838
32.4847
36.4597
32.6814
30.8026
30.4976
29.8606
37.3892
29.9344
26.4838
28.6413
31.8729
28.0008
28.6134
25.0818
25.4253
26.5306
25.5882
27.9137
26.8034
25.9100
27.7715
28.8113
29.4873
30.5370
32.7963
30.1689
30.4369
29.6451
31.5824
37.1727
30.4172
32.9782
26.4676
31.8954
26.9140
31.6794
31.0972
29.7904
30.0573
30.6520
27.7136
23.2829
27.0709
29.6658
31.2155
26.8604
26.6496
28.4530
30.6977
32.9357
26.6894
29.4190
29.2421
28.6020
28.1143
30.4010
28.6779
28.1482
32.0596
29.5400
33.6099
31.0113
32.4828
31.9583
29.3643
33.1178
34.7669
34.0606
27.7763
29.4541
29.9761
29.2785
31.9754
29.2679
37.8803
28.6559
26.4349
32.0262
29.9522
26.9627
27.8794
26.6137
27.8855
34.7979
27.6248
29.6142
35.5853
30.8210
27.7386
35.6740
33.1043
29.2260
28.5778
33.5601
33.7720
34.3761
27.0063
34.3271
30.2737
30.8365
29.0274
29.5325
27.3955
27.7372
34.5698
35.7646
31.2561
31.0289
28.4255
26.4078
26.6116
30.9083
30.2580
30.5666
32.1396
28.7477
32.2370
27.7638
30.2809
31.2621
30.7788
30.5836
27.7385
32.0085
31.3035
31.1117
32.4120
29.2665
36.7592
34.9825
30.4003
33.9180
31.0359
30.7635
37.5383
35.4895
34.2013
28.4101
31.9973
34.2559
31.1345
29.9099
26.4723
28.7556
31.5783
35.5927
29.8910
35.3578
32.5392
31.7398
31.5363
30.7140
28.5116
28.1507
27.9326
25.6250
27.3667
25.9832
27.3982
26.6353
28.7269
29.8135
30.9224
30.2359
31.2290
24.6000
28.6302
27.4333
28.4195
26.1838
25.1882
25.4285
25.5004
30.3068
29.4657
28.2953
29.1254
28.7579
27.0048
32.4421
32.3461
35.1820
25.1007
26.2930
28.7186
34.1135
28.8876
31.0804
31.8534
29.6082
34.6318
33.9210
30.1965
26.4339
31.7902
27.7999
29.5060
34.0808
38.0780
33.2737
37.8727
34.2677
31.2671
37.7159
33.4490
27.5955
27.7700
30.1397
27.5924
26.6927
31.9672
29.7745
31.5371
28.2682
32.8355
31.3578
25.8155
28.5204
28.5812
26.7031
26.2953
29.1528
34.9754
25.9716
28.6677
30.9140
25.6656
26.1422
31.5845
27.7073
29.6309
32.0601
30.0995
31.9691
32.7967
34.1111
34.1028
28.3104
33.2669
29.8262
35.7942
35.0835
32.2747
29.9639
26.9335
34.9777
32.5823
32.5124
32.7495
33.4581
27.5133
29.0704
30.6314
28.7216
26.1951
28.4562
28.9385
29.3985
27.3616
24.0594
30.7161
26.6744
25.1098
29.3277
25.3957
27.3498
29.1011
28.9548
28.9010
30.7152
31.9212
28.5804
35.1943
34.7357
35.3138
32.1524
29.0822
29.3690
28.7374
25.6165
33.6652
32.6221
30.1857
25.4226
30.2396
27.5256
28.5489
29.6449
26.8341
28.3916
31.7531
34.7514
31.3489
27.3514
28.1231
33.2095
35.0262
28.6946
26.0681
29.7290
28.6459
30.7825
30.4103
29.0275
31.9797
32.5364
29.5620
30.9767
34.7547
31.5853
29.7535
28.4067
28.4419
28.9423
32.6686
26.9593
30.4005
28.2624
27.7910
34.6706
30.7798
28.5944
27.7721
25.4943
32.3578
38.6886
31.7061
28.7214
29.1148
31.4171
27.4920
28.1519
28.3073
27.1119
25.8809
32.5749
27.7241
26.6340
26.4271
29.6250
28.6471
32.1993
30.5591
29.1830
33.8605
30.1250
30.5056
30.5227
26.8843
32.7937
28.8328
28.0223
30.0458
27.2334
24.5723
28.0317
27.8767
30.4090
26.6401
25.5715
26.5541
26.9596
32.6458
38.2348
32.2386
28.5461
32.8921
34.6354
31.6045
35.1684
33.7698
34.2054
31.3957
29.1854
27.3846
27.9693
25.6363
27.2277
34.1143
28.7300
31.6438
31.8997
31.3244
34.1346
29.5980
29.7298
30.3540
30.4616
29.8596
29.6873
27.3104
29.7390
33.7276
27.2059
27.2641
25.7312
33.6406
36.6299
30.8528
27.7185
27.0971
30.2684
28.3937
35.1445
29.3064
29.0378
30.2606
30.7065
29.7921
30.1416
30.4264
28.9692
25.8205
30.1939
31.2753
29.9297
30.7513
28.9428
30.6565
30.8284
29.4754
28.0872
28.3846
27.3294
24.7546
28.3281
28.0315
28.9381
29.2296
30.3392
33.0827
33.7238
25.7185
29.7386
27.5551
33.5404
32.8308
31.9372
28.0756
27.7135
27.2074
29.6969
28.6706
25.7350
24.2483
24.6452
27.4831
28.6941
27.5510
28.0094
24.9681
24.8790
26.5055
26.0034
27.1428
34.8289
27.1807
36.8529
26.5549
29.7280
26.7505
25.6829
30.9094
25.6428
28.7287
28.4333
28.3188
31.2859
25.4864
24.9381
26.1154
27.1344
32.7990
35.3403
34.4913
33.7686
30.8478
26.5084
33.5051
32.6942
26.7407
26.4128
29.8911
36.9843
39.9210
34.0080
28.7085
25.7157
29.9650
30.0090
30.8361
25.6345
33.4936
33.3157
24.9972
26.0701
32.7697
36.0080
28.4797
33.0824
29.3003
26.5344
25.3796
26.8552
31.4987
31.1616
31.8337
34.2041
29.6716
34.0109
30.2049
33.4468
35.2454
29.5071
33.5656
32.0064
30.6912
26.9458
28.5390
30.8582
28.7282
26.7678
27.5366
27.1588
26.5802
28.1379
25.2816
29.1811
32.4101
32.0300
29.6016
29.7191
32.5113
27.3227
26.2703
30.9873
26.4399
32.6569
28.3177
34.5437
32.3445
31.2612
31.3818
28.9735
30.2739
30.8973
26.0034
26.6465
40.6944
37.7248
37.8776
35.7051
31.9976
35.6272
30.0100
34.8582
39.9875
35.7717
31.3658
31.7961
27.9511
32.2472
28.5106
28.2836
29.7534
35.6449
28.8506
29.0431
39.2178
40.0402
36.6351
29.8848
27.9786
27.7270
28.1745
31.1282
36.5953
31.3989
33.8671
34.3959
33.2601
35.1618
28.0657
31.2633
33.0373
29.1287
28.5985
30.7778
35.7461
32.8274
32.4622
30.3122
33.5077
30.8238
30.9024
24.4798
28.2591
30.0342
27.4498
28.4757
32.4346
30.8608
28.9333
30.7611
26.4543
32.3272
27.9671
29.4915
26.3434
31.1821
28.5923
26.5256
26.1820
28.6337
26.8140
25.1101
24.6872
24.2966
26.9158
31.0897
27.7366
28.6523
31.0428
35.2326
31.4949
33.7610
34.9528
26.4274
28.4133
33.7297
29.4269
30.8545
25.7379
27.1832
28.6595
26.4839
25.8046
28.4847
27.8650
24.6331
28.9199
28.9344
31.6855
27.1280
30.2473
27.0023
31.5567
28.6275
28.5021
30.2734
29.6375
29.7010
26.9866
30.1951
28.6946
29.0511
29.3077
28.6028
26.5636
30.0926
31.2837
30.6994
32.9064
29.2749
25.5658
26.3844
33.2663
30.2468
33.9082
33.0766
34.9898
39.5396
40.1878
34.5774
34.4893
32.8245
28.7975
32.6242
30.4882
32.8641
32.9453
32.5513
32.2708
28.1979
28.7350
28.9510
28.7116
26.6630
29.1127
29.0557
27.4817
30.9263
28.7189
27.2159
27.2049
27.0998
30.5285
28.4558
29.1322
33.1353
30.5105
35.6119
32.5312
29.8124
33.4740
26.7127
28.0074
31.0331
28.0948
30.3297
28.3281
28.0653
28.9573
27.1523
32.5171
29.5896
30.1954
33.1883
32.0412
38.3544
42.3274
34.0924
24.5615
26.5403
23.5772
24.2988
32.4793
25.5076
26.7452
26.9357
25.6619
30.2766
25.9972
28.7716
26.6160
28.1874
26.6532
27.4542
31.0853
29.6063
30.2578
30.2625
28.2017
27.4942
24.8751
24.9571
30.3708
31.2167
29.2919
27.4308
25.5482
29.4605
32.7545
31.5010
28.6164
28.4607
31.4885
33.2011
29.1490
27.5225
28.9077
33.8134
30.2216
27.4184
28.9315
30.0043
28.2146
41.5473
29.3767
32.6102
28.4927
32.9384
26.4968
33.3265
33.5834
26.8200
30.7996
31.2433
32.1187
30.7373
29.6672
28.8916
31.4868
30.0537
30.3175
32.4775
30.7076
26.4862
26.3670
28.6842
29.1834
27.2877
28.5480
40.3419
37.7765
26.7364
33.3042
33.5383
28.8917
30.4832
30.8401
27.8999
30.1170
30.3158
29.5643
29.8935
26.5750
27.3178
32.1198
30.1699
31.5842
27.8191
30.2474
27.6815
31.2694
33.4636
30.6821
34.5859
28.6656
31.5948
29.2378
28.1235
25.1891
27.8732
27.0173
28.7038
24.5980
33.1217
25.4404
33.6553
32.9155
25.1202
31.4587
37.1642
33.4795
36.6400
28.0722
33.9943
30.4525
26.6888
33.0898
32.2855
34.0280
30.0983
32.4089
31.8845
40.2246
33.2789
31.9710
31.1263
26.1176
39.2302
32.8906
37.5454
30.7994
26.9056
25.6849
25.9515
25.7888
25.8593
26.3607
26.1899
26.0627
27.1550
26.1102
27.9040
27.9395
29.1363
26.8578
25.0686
31.4912
31.8760
26.8958
30.2199
26.5268
34.6267
34.6143
29.8620
27.7766
29.7205
34.6988
29.0910
31.2950
25.2445
26.8650
25.8867
27.5003
29.1412
29.6120
29.3985
30.5153
32.3297
27.7437
24.8561
28.6221
29.2337
29.5986
25.6310
28.3185
27.5373
28.4103
28.3090
26.5800
27.6340
28.0086
26.2531
26.9562
28.2161
28.7998
27.1399
24.6392
23.7469
26.1499
29.1970
29.0682
31.6758
27.2043
32.5835
30.4711
25.6091
26.8705
27.5735
27.9854
24.5167
28.0935
24.8734
33.8927
31.2633
29.9821
24.5367
28.8209
26.3862
26.9164
27.4524
27.6085
27.0524
28.8034
26.9758
27.0898
25.6264
27.2738
29.2215
27.5666
29.6779
32.7684
30.0133
33.0955
36.5723
28.4921
30.4920
29.5854
27.1308
32.3526
29.9553
28.2375
25.1260
29.9405
28.8258
26.7322
27.2927
27.1620
25.3572
27.0916
30.5478
28.1228
26.0146
27.4721
27.6719
27.2443
27.8342
33.1464
28.7432
32.1215
32.2879
28.1819
31.0924
31.3950
28.9313
27.3777
24.2312
33.9732
27.1646
28.9494
31.0354
30.8698
30.4037
35.1728
31.3343
29.7411
26.4329
28.7643
31.9153
27.9537
29.2537
30.2644
36.2087
33.0781
30.0915
30.8860
31.1544
36.2461
35.5051
34.0564
33.9571
32.3138
27.2245
27.2922
27.7226
26.9809
25.9130
27.6731
29.0961
28.9986
25.9538
27.6870
29.3917
26.0978
27.4583
29.6075
31.1974
28.8801
31.7831
29.3868
28.0299
30.9479
29.3761
31.7308
29.9559
36.4790
31.6337
25.2870
25.0482
26.3120
23.7576
27.1155
30.9902
37.9346
33.6942
29.1835
30.8855
33.4736
29.2164
32.2178
32.8065
32.4008
33.5189
30.1993
34.3947
34.3749
33.0418
34.6454
33.8001
30.4933
31.2870
33.6103
34.2413
26.8206
28.5900
28.0509
30.2009
31.0089
26.4228
24.1858
24.3884
26.5268
26.5963
25.5295
25.0950
29.2415
26.7863
26.7899
32.8475
29.4497
32.1931
28.6679
30.0776
30.5977
27.5340
30.0602
28.6917
27.0078
27.5635
27.6951
27.4556
26.9553
27.2988
31.5414
36.9548
32.3624
25.1939
27.4765
31.0605
29.2940
33.3684
37.7883
42.8209
35.4143
38.4970
35.0519
33.3116
28.7048
27.9860
31.9935
29.6327
27.2800
30.2172
30.2852
25.4633
29.1763
31.1073
31.5121
30.8314
34.7992
32.8145
30.8371
28.9820
27.0144
30.6123
30.9187
33.5484
29.1785
35.2380
34.0693
35.0030
33.2651
38.3788
33.8950
34.0495
31.1966
30.8783
36.0983
35.9946
32.0055
28.0474
34.6962
33.9091
28.3231
34.8821
33.0100
26.7660
30.9136
29.0102
31.1892
31.8486
39.4355
32.7151
32.5641
28.0917
27.0089
29.0207
42.2658
39.4403
35.2019
32.4465
29.0846
29.5204
28.6918
29.2343
33.8002
29.1510
30.4152
31.3244
40.9308
31.3112
30.4905
33.2272
25.4848
37.3786
30.7696
29.2033
31.3329
30.9673
26.6188
32.3979
29.2514
27.6578
34.8394
25.0020
33.4612
30.2615
37.6245
28.0805
32.8218
29.6197
31.0729
30.6059
28.8591
28.4587
30.1325
29.6613
31.6320
26.5264
29.4418
29.2229
28.6829
29.8359
27.5129
35.0340
30.9126
26.1256
31.7782
26.8295
27.3211
31.6141
33.0686
33.2197
37.7948
33.1810
26.9502
27.0377
29.5186
30.0095
32.0523
27.0319
26.4776
25.7026
27.5343
25.8953
28.6259
29.3738
28.8117
27.7384
27.2789
29.8447
29.5054
29.3888
30.3724
29.9341
34.3515
33.8662
34.0609
29.5683
29.1764
30.7902
30.9563
24.6364
30.3446
31.0002
27.7923
29.3036
30.1338
27.0966
35.0324
26.8348
25.5011
27.7554
31.9314
33.3287
28.9541
30.2304
25.7261
25.3859
27.3863
29.8545
27.3708
25.6836
27.4782
25.8302
28.2929
27.6480
33.9866
31.9737
29.6343
25.6846
28.2008
35.1615
31.3264
28.1839
27.5250
26.5738
25.9809
27.4392
25.2393
28.1595
28.8609
27.9689
30.0259
28.7440
26.9495
28.7667
31.6494
31.9238
25.6965
25.4028
29.2732
28.5546
28.9482
29.3710
32.4960
30.0746
31.9944
35.2018
27.7526
29.4027
26.2484
29.4157
27.8064
28.3766
28.8925
27.6794
24.8002
26.5624
25.8980
32.9321
31.6248
29.0770
34.2191
27.6039
29.3069
29.6915
31.0138
28.6600
30.1644
29.8855
33.9374
28.1739
27.1108
29.7942
29.6759
27.6175
28.0003
26.9469
31.0310
24.3566
23.9338
26.7167
27.7713
30.6140
30.3818
28.2515
26.4798
29.6986
26.3258
27.3704
33.9979
32.1236
31.7575
30.9549
30.7277
30.7653
34.4077
35.2357
33.4100
31.4974
34.2891
28.1491
32.0280
35.0732
36.5823
32.9114
37.0982
33.4428
32.8669
33.6361
41.0038
31.0820
32.6414
32.4411
28.7465
31.7501
28.2350
28.3230
33.6958
31.9364
36.9850
28.8807
26.4900
33.7072
29.1438
26.0732
27.8842
36.6380
32.9268
33.7118
38.5358
29.7209
29.7652
29.0071
29.7855
30.6486
32.6301
36.7615
25.3076
25.7572
31.1920
26.5197
31.8458
34.2849
34.5593
32.3020
25.4848
28.5987
28.6611
26.2852
30.2449
29.0247
26.2319
28.8686
30.5326
32.0712
30.1414
29.7762
28.9578
28.1778
28.6190
30.8367
31.2015
28.6105
28.1492
28.7472
28.4656
31.0461
30.6285
26.1327
30.5134
26.5307
28.9212
28.1511
31.0836
28.7823
33.5299
30.4936
28.6068
29.4956
25.9103
27.6616
33.2492
28.3863
28.4567
28.7057
32.3505
34.0633
32.9029
34.2456
27.4757
34.3331
36.8062
28.2849
28.8484
34.6804
29.0094
27.3813
34.1923
34.9414
28.0341
26.1612
24.4026
26.9685
27.0402
23.9917
26.3806
25.8077
26.4349
28.5765
28.5653
26.4188
28.5556
28.0056
27.8639
35.8279
25.4825
26.6330
28.4543
26.7435
26.5052
26.3845
28.6484
30.6217
28.0567
28.5175
26.6003
32.0898
31.1036
31.1006
31.2343
25.2785
26.4245
25.8116
26.3637
25.8159
27.3841
24.9870
26.0144
27.5941
28.2430
27.1431
28.5168
28.6545
26.9208
25.3022
26.9122
30.3137
32.7953
28.9458
32.7362
32.0974
29.3410
29.9434
25.8408
27.6023
29.1550
30.4527
29.1824
30.6612
29.7712
32.0006
27.7972
29.8848
26.9264
27.3228
25.5292
23.5339
26.5880
24.3154
24.8387
26.7075
25.8907
32.6112
29.6891
27.9935
29.3548
34.0298
30.4219
27.6125
34.4533
24.8130
26.9224
27.2573
29.2602
28.6185
30.7474
32.7573
30.6737
29.2618
32.6863
29.0738
26.0790
27.5311
28.0544
31.0037
25.5415
31.2783
29.2558
32.0618
31.2624
26.0736
25.4752
27.4241
28.2633
29.9369
27.9283
34.5601
30.0926
29.1188
30.5645
30.4296
30.2331
30.0903
27.6469
29.3477
29.5176
26.6703
30.3490
25.7775
32.7505
29.2558
32.2564
32.2942
26.0167
29.6035
23.6681
31.8963
32.8730
27.3850
31.5323
25.2980
30.5075
31.7557
27.3659
27.9842
29.5325
28.1294
28.4385
31.2252
31.2951
28.3065
25.4357
27.0257
26.3233
27.2135
26.4805
25.2121
26.2867
25.4185
26.9691
31.0159
26.3490
28.2011
28.1185
27.8459
26.7382
26.8038
26.8243
23.0742
25.5241
30.0064
26.7695
28.1259
24.2079
28.0035
32.7391
30.8854
27.1971
31.0295
29.0236
29.8125
26.2050
27.6704
24.9578
26.0218
28.2168
27.9862
27.2246
29.2560
28.6073
27.0387
23.6208
25.6320
28.1737
29.3312
24.6671
24.6199
27.3553
28.1544
30.2881
29.1482
24.7534
26.9308
27.2913
28.6397
26.4220
28.1440
28.7511
31.6688
32.0202
30.0116
28.7298
32.3429
26.3555
29.4801
29.0990
27.1682
30.5745
24.4230
25.7577
24.1558
25.2781
26.6140
28.7209
27.6117
27.6241
28.5143
28.3870
28.9641
28.0166
28.2956
33.1845
25.6839
28.0524
34.0129
29.4948
31.6365
26.8080
25.7028
27.8714
24.3325
23.7430
22.8978
26.8778
23.5628
30.2045
31.9720
27.7950
28.5929
27.0078
29.5121
27.5015
24.3871
25.3410
25.6188
28.9403
28.2451
30.8226
32.3777
29.0738
26.7650
25.7936
30.5645
29.2072
32.1128
30.6293
24.9408
26.2733
28.5613
26.9295
30.2208
27.1287
25.9893
24.1579
24.6550
26.5303
30.0103
26.7642
29.4056
29.5899
26.3623
27.6809
30.4822
29.4361
28.9796
29.7943
27.2340
24.5668
29.5161
30.3800
28.0005
29.1918
32.1176
28.0037
27.8589
29.0194
25.5728
27.7812
25.3316
24.6923
22.7860
25.0239
24.2003
22.6468
24.6221
27.2285
28.6922
29.2820
29.5033
26.3428
30.0632
24.0096
25.7533
26.8788
27.4862
26.9855
26.9117
31.4436
33.1096
30.7086
27.4869
29.5140
33.0457
32.1388
30.6864
25.4591
24.7674
27.9227
29.4165
25.5064
25.7529
32.8938
25.3537
25.5568
27.2549
27.8100
27.3867
30.1866
26.6395
24.9818
26.3921
31.1381
33.7331
31.4247
32.0425
32.1937
32.9298
32.1046
31.8105
27.6399
30.5417
30.5373
28.7139
32.5639
28.4417
22.9789
25.2371
25.1678
24.3581
25.7537
24.9902
26.6873
25.0466
23.2839
24.7523
24.5979
29.6718
27.2590
30.9862
25.8197
27.7974
30.3217
25.3832
27.9854
30.0362
27.8615
30.0524
32.2132
29.2761
28.5495
30.2294
26.3281
30.4326
28.5470
32.0366
30.4017
34.3088
31.9799
31.9841
28.1682
27.7238
27.2036
26.3575
26.2538
25.6227
25.7723
24.4483
24.2053
29.6666
29.7569
31.9367
29.5599
27.2528
28.5161
34.3361
36.2318
35.1178
31.1562
35.1426
27.6742
28.6175
26.4889
27.4458
32.8738
31.0448
27.7967
28.0526
29.4686
28.9957
32.9303
36.7005
37.5021
35.3761
28.8630
29.6440
25.7881
28.2475
25.3739
27.1276
28.5538
27.2931
35.2860
30.1145
30.8972
30.1439
29.1574
36.4152
29.9506
29.0476
29.7621
29.6461
25.4845
25.3236
28.6799
32.2756
29.0935
31.4369
31.5376
28.1113
31.1336
31.3763
32.9538
27.2509
27.3581
32.7445
26.8317
27.0173
27.4794
30.0857
35.1691
29.5123
31.9826
31.3868
35.0363
29.3791
32.6180
30.9994
27.8231
32.6969
34.3470
39.0712
31.2298
35.3542
30.2956
29.2910
27.8226
27.5405
29.1261
28.4168
33.2201
25.8406
33.3297
30.2262
28.9324
25.4110
31.6470
29.3383
29.5207
27.0216
36.1885
26.4837
30.0513
24.5551
24.6248
25.7048
30.7292
32.8958
32.0775
27.2632
25.9315
24.5863
25.8382
28.8131
25.2698
26.6505
30.6703
27.2830
24.2792
29.5994
26.2895
27.6845
30.1786
23.9707
25.5042
24.7276
29.8459
31.2851
30.5733
26.6168
26.9082
26.6433
31.4130
24.3980
26.9310
25.3281
24.3606
23.9991
28.2574
27.0208
23.7282
25.9305
26.2035
29.4558
26.2418
26.9404
27.4423
26.6803
27.2868
29.0590
28.1075
31.6140
27.1631
27.0682
26.8792
25.6354
24.9181
27.0222
33.5386
32.3110
35.4638
31.0786
33.4983
30.6477
29.3336
28.7318
28.5809
27.4949
30.1951
33.3838
31.2085
30.9583
33.1467
34.9494
27.2808
42.7603
29.9952
27.3283
28.1507
29.7918
27.4706
29.9861
32.7832
31.7710
30.4040
31.2106
31.0932
30.1467
32.0799
28.1275
34.0849
40.4697
39.4044
34.9298
33.1123
28.8658
27.1479
26.5985
26.7614
24.6192
29.6342
27.2161
26.0355
26.6229
24.8532
30.6921
30.3154
26.5304
27.2709
30.4575
30.8741
24.9536
30.5670
31.7471
30.5188
27.8962
25.7464
32.3125
33.0729
32.7885
35.5249
32.8628
31.9508
32.4201
32.2640
30.8779
28.8616
24.1771
30.5671
29.4242
29.0400
27.5534
24.8735
31.1463
28.8902
31.9047
34.1760
33.1865
27.1291
29.5990
30.0365
31.9383
26.9137
26.8652
29.6888
29.2164
29.5423
35.3656
36.4344
35.6415
36.9004
26.3067
29.2762
31.5712
35.9911
33.5126
35.2057
31.7822
25.4683
25.2253
28.6596
30.2500
30.1408
30.0478
29.0271
30.8811
31.8945
32.0992
33.9585
29.8108
31.8269
28.9738
30.7782
26.7831
27.3968
30.1732
29.0816
27.2045
28.2285
28.2158
28.5793
29.7865
32.5347
32.2776
28.6559
31.9422
30.3461
28.5641
29.5845
29.4555
30.0931
28.1023
30.3879
27.2269
26.1197
24.4107
27.9614
26.2326
34.4473
25.5439
27.6464
30.9021
29.4641
30.5512
28.7092
26.9942
28.3229
30.4353
35.5870
30.4493
32.9023
31.4657
31.7409
31.9089
27.7211
30.4109
31.9930
28.5881
28.8767
24.5503
25.5783
26.9943
26.9478
26.6861
28.4229
32.0395
27.6290
27.2755
26.8401
25.6564
35.3471
35.9230
34.8124
30.8141
29.1080
31.3731
31.5730
31.6453
26.5424
30.1924
24.1198
29.8154
34.9442
29.5753
25.3193
28.2247
29.9459
32.5628
30.2547
28.4272
31.4424
34.4303
30.1167
30.9283
30.0062
33.1388
24.8890
27.3137
26.4129
24.9564
26.4689
26.6821
34.9367
29.8520
28.1883
35.6191
37.6803
30.8844
28.5753
31.1167
36.3449
27.8092
28.4665
30.1928
26.9898
31.0158
33.7728
30.2657
35.0230
27.7099
28.8485
24.5259
24.6257
30.1465
26.9017
25.9682
27.5139
28.5974
27.2690
31.0688
29.8744
31.4004
27.3507
30.2483
37.8001
29.0604
39.5477
25.4004
27.2515
27.1560
30.8798
27.2193
26.6784
27.8735
27.7458
29.1138
31.5918
31.9422
28.5988
29.4000
28.3096
27.7919
27.6908
27.1190
29.3473
27.2755
27.4471
26.1821
28.9319
29.6252
28.9479
26.6887
29.2577
28.7577
29.7128
28.7300
32.1641
32.0217
28.3990
27.9872
37.5370
27.7549
26.5313
26.2499
24.7271
27.8395
26.9591
29.1410
28.4102
33.4553
32.1072
27.3078
25.5683
28.7722
26.8517
30.9266
27.1248
28.0697
28.2328
29.3135
28.8041
28.6317
28.5385
28.2121
29.5251
28.2430
27.9712
27.8060
29.1349
28.7130
30.5275
24.8733
27.2662
29.7168
27.9473
34.2297
30.8583
28.9688
29.0718
28.2339
28.7930
28.2486
29.4760
29.0122
27.0864
25.5356
28.4995
28.6987
33.1162
32.2197
32.0463
25.6607
31.2611
36.6527
29.1990
34.9591
32.6048
29.8700
32.4545
31.4921
27.7859
27.0290
27.4247
29.8002
29.8305
30.0952
29.8015
25.7704
31.6209
28.5240
24.8488
26.7523
28.9942
26.4350
33.5776
30.8897
28.4791
26.5816
30.2958
25.4231
28.2698
27.5359
29.7082
28.3092
34.5405
32.7485
33.9750
35.8035
27.3250
26.8879
27.1462
29.3916
27.4656
28.1567
24.9697
25.6373
33.4825
27.8981
33.3052
27.4192
29.9493
28.4575
30.2720
31.0043
27.9394
25.1638
28.8786
24.8194
28.0460
26.2341
30.1953
29.4832
27.5037
28.1141
26.8837
27.7517
31.3225
34.2602
31.7218
27.1676
26.9371
26.6836
26.6292
27.3403
26.2262
24.6591
24.6303
28.7612
27.2952
29.4796
29.9010
26.6599
29.1899
26.3770
28.7505
27.5523
31.1909
31.2515
27.5169
33.8884
26.4469
30.8601
27.2518
31.8855
28.7712
28.6557
31.0795
28.8238
29.7057
27.1391
29.1938
30.6194
30.7346
30.9097
30.7016
27.6959
30.0049
27.0199
26.6926
27.7313
31.3552
25.2840
27.3727
26.8735
27.6667
29.1208
25.9349
27.4034
28.0775
26.9905
24.2792
23.7293
27.2447
28.3248
27.3344
26.2110
29.0233
27.6341
27.7010
30.3357
27.5801
29.7132
25.8586
30.0858
29.8960
28.7224
27.4879
32.3020
30.6142
31.0628
31.1559
26.5036
29.3860
26.7747
26.7408
31.6790
30.3363
28.5654
30.3987
30.6227
31.3232
30.9303
31.3197
29.6486
31.1146
34.7617
30.9989
32.4536
32.6611
38.3198
35.8256
29.3763
33.7108
25.6008
31.9789
30.7786
27.8112
33.3089
30.3902
29.0587
29.3499
33.2655
27.8996
24.9939
30.7311
33.0406
29.5483
28.8413
30.8703
32.2883
32.6516
32.1693
28.7269
29.1451
33.5209
28.4136
28.1843
25.5613
27.5961
30.8783
26.6890
27.1196
26.9494
30.6304
29.3635
30.8564
30.6378
32.8064
30.4672
29.7942
31.5746
29.5223
27.6374
28.0570
29.1504
28.3379
28.5124
29.1795
26.8899
30.4243
26.7279
27.1273
26.2771
25.2551
26.4692
26.8657
25.1761
24.4359
25.6875
28.3633
29.8144
34.1639
28.2605
27.9917
31.6881
27.7990
30.7706
33.6290
29.4213
29.8830
27.7515
29.0505
26.6328
26.0076
25.4093
28.6798
27.9049
26.0023
30.9334
33.9613
31.0641
27.7344
29.8932
32.4602
32.8786
33.5552
31.0948
26.7779
27.7097
31.4447
30.2443
31.3170
29.1569
27.8435
29.1226
27.0392
32.2297
34.9892
29.2657
30.4596
31.7968
33.6152
28.9598
40.2674
35.0569
41.3993
32.9399
28.5661
33.5116
28.4511
37.9743
35.4761
32.6254
29.7483
33.3203
29.0926
30.5829
35.6097
35.1329
32.0576
38.9342
33.5030
31.9359
32.1200
29.1184
32.5633
33.5498
28.8598
33.9845
33.0509
32.8118
34.6820
39.9955
37.0179
29.4018
27.5628
39.6974
39.6240
37.3828
35.3770
30.2750
26.9982
29.8711
29.0106
37.8898
33.7848
25.6730
26.2151
26.3739
26.5633
30.3614
26.9307
27.6440
25.7327
25.2987
24.9447
24.7565
24.2543
27.0947
26.0406
26.6346
27.5267
23.8408
33.7074
31.4718
29.5047
23.3263
32.4416
27.0649
26.2187
26.7964
27.9172
27.5014
25.8501
27.6000
27.9155
28.9460
31.7440
28.5330
29.8318
27.3877
30.4994
29.5073
27.6537
31.5944
28.0373
28.4447
32.7325
29.2514
36.1757
30.8501
34.3855
32.1970
29.6291
27.4306
30.6448
31.5719
32.3352
31.1293
29.3940
29.0258
31.5086
30.4521
36.3625
33.5447
24.3338
32.9925
24.8451
29.4611
30.3022
29.8206
28.8057
29.0139
27.5585
32.7386
26.9825
27.4668
25.2194
25.4173
28.1988
30.7934
27.0173
30.5902
27.9927
28.9922
40.6753
30.5338
28.7351
30.3957
31.4090
33.7649
34.6981
29.0475
26.5557
24.8170
30.6444
27.7433
31.2798
36.9115
28.7144
28.3432
32.6329
28.9451
28.4484
27.6974
26.0366
27.4082
27.2209
29.9834
33.0432
27.5166
26.4575
27.8081
29.4506
27.3878
25.8469
29.1807
27.4610
27.3910
26.9975
30.1642
29.7449
28.3292
26.1745
27.1848
28.6304
25.8302
27.3508
27.3512
28.1647
25.1168
28.9921
28.5423
28.7415
26.7141
23.3571
27.4514
28.9035
27.7667
26.4803
31.3908
30.6483
27.1895
27.9476
29.6290
31.6107
30.6412
31.3781
30.1815
29.6837
29.2068
28.5780
26.8470
32.1092
26.5776
30.2730
30.0590
32.6730
29.7111
25.9639
27.5972
27.8112
33.7178
31.4277
33.6912
31.4679
27.6393
30.6697
28.2836
26.4147
26.4510
27.1058
24.4927
25.7940
34.3729
31.3288
30.5536
30.4741
31.9749
29.7357
31.9958
26.3557
27.4177
30.6924
33.9207
31.1179
30.5301
33.8713
33.9982
25.7396
27.9093
32.2244
32.1032
34.8949
29.7205
29.6298
32.3639
28.0398
31.0592
31.4483
33.2904
37.5455
25.2951
30.0573
26.1600
27.6707
30.6412
33.4327
28.6695
26.7778
29.8303
27.9024
28.1013
31.2193
28.7032
32.2921
31.2595
29.4439
29.9537
29.6279
32.4320
31.6143
29.4681
27.4061
28.7821
30.2891
29.7832
26.1292
27.1053
28.3747
32.2051
30.6908
29.5403
29.3244
30.4830
27.6493
34.2263
27.2175
25.9490
29.0930
31.8218
25.9615
26.7022
26.1033
27.5608
29.7124
27.2717
26.5370
31.9544
31.3544
27.2676
30.9732
30.5785
29.3295
36.2319
32.0356
28.3971
32.3304
34.2543
33.9359
32.5225
35.3961
34.1270
30.5212
27.8759
28.8178
28.4275
26.6240
29.2408
26.0485
30.3884
31.8266
33.2468
32.2691
35.8276
44.4406
29.7725
30.6723
36.3700
25.6524
26.2671
30.8720
31.8792
30.2368
26.7630
23.8397
28.7564
33.9837
33.5572
31.6038
26.3194
27.6081
27.5646
36.3562
27.5442
31.5726
29.7341
28.1932
28.5320
33.4323
36.6976
28.8872
27.6973
32.3804
34.9019
30.7544
30.0113
32.2969
28.7518
27.8284
30.7499
29.8866
32.3096
23.7029
28.5630
24.4473
27.9448
27.9152
27.3104
35.0930
40.1386
30.0457
29.8465
35.8470
33.0564
31.6303
31.1280
32.4093
34.1803
36.3438
34.4795
35.0778
30.2795
33.9123
27.4717
31.8039
30.1338
32.6010
30.8721
32.2577
32.0094
32.7141
31.4984
30.3396
28.1014
34.0929
32.5730
31.4215
28.7718
28.6379
28.7927
27.8459
25.9966
28.0940
31.0418
31.9212
29.7253
34.5984
33.9308
31.5747
35.8614
30.2729
29.8624
32.6337
30.8065
27.0300
31.3099
32.5312
30.1129
30.2898
34.8881
29.8157
32.1083
32.0101
30.5496
28.8720
30.6164
26.8011
26.5811
25.5188
28.2173
27.1246
26.9175
30.5591
30.8239
39.5714
34.1943
31.4641
33.8531
30.4537
32.9223
29.3574
29.2265
27.6154
25.3379
30.2595
29.5459
27.3966
23.6799
30.5404
28.8498
29.0980
30.5479
26.7331
27.1995
33.8319
32.2966
28.9495
29.1089
28.7334
30.3230
28.7385
28.2756
27.0737
32.1459
26.4770
29.4194
29.2290
29.7513
28.8798
36.1602
32.6369
29.4113
35.5522
34.4876
30.5110
29.6354
27.5861
30.7899
29.9548
30.4325
28.3422
29.6152
35.6223
28.7574
31.9197
26.4601
33.1039
29.9329
27.6270
34.2284
31.6533
29.9501
33.3881
30.5859
25.1794
29.9112
31.1303
39.0483
32.5813
31.5395
32.0344
28.2773
31.3426
33.9426
26.1178
29.8422
26.7117
28.9265
28.2613
26.0910
28.2173
28.7342
32.4693
28.1652
30.1825
28.3265
29.6265
27.1319
32.6210
27.0207
25.0184
28.0158
27.2593
28.5857
26.5916
26.9930
27.2178
30.1748
27.0335
28.4674
30.0931
26.7588
28.7082
28.8626
28.9937
27.0882
26.5707
27.9685
29.6189
25.5817
27.4694
28.5568
27.5119
23.7920
26.1896
31.7145
27.1944
28.5630
25.3025
32.4852
33.4572
33.7491
31.8188
26.4692
31.5205
27.2568
30.9155
31.1240
31.9690
29.1622
30.6009
27.9729
32.2427
33.7796
27.7515
29.8005
30.8997
29.3524
33.6215
33.8589
30.7668
31.6507
34.3744
30.3244
34.1118
27.3320
30.4606
27.3181
26.1713
25.7054
27.2942
25.5482
25.7552
27.3150
24.7125
29.5653
26.1629
26.2123
26.6601
36.5199
40.4980
33.5856
29.2863
28.6239
27.3055
31.7458
25.8947
25.5754
30.7230
27.2929
27.4905
26.6625
36.1130
31.6454
35.2789
34.8026
32.0919
34.4325
34.8252
29.7382
33.8365
36.2669
31.7658
32.8720
28.8397
25.6388
28.3380
29.4818
38.1887
32.6667
32.6967
29.1932
37.3556
31.0948
35.1393
32.0940
31.6848
29.4499
30.8437
28.7477
37.6618
35.4518
34.3748
34.3949
32.3381
30.6488
29.0420
26.3714
26.4444
30.4429
29.0389
28.8450
33.1962
26.7847
31.7558
34.6485
34.6598
28.4088
30.5646
34.1000
39.4386
36.0353
35.2439
36.1529
36.8032
31.8337
29.1766
32.3087
30.9463
25.1777
28.2180
29.0349
26.1920
33.0991
35.9325
29.0550
34.1540
32.9448
33.4250
31.9558
31.5340
37.0314
39.3353
35.4923
29.9206
28.0701
26.1952
28.8206
30.8280
33.7720
35.4280
33.0950
36.1860
37.4610
33.9460
31.2718
39.1174
26.6275
29.4748
30.6973
26.8085
30.9789
24.9237
27.4493
32.7131
27.5394
34.0275
32.2942
27.5205
29.1405
31.3016
38.9056
27.2519
31.3974
30.5115
34.5478
31.5707
29.7693
33.3219
30.1887
24.6356
26.2712
31.8224
28.9442
25.7735
27.8204
25.8283
31.1907
31.9834
32.8771
31.1129
27.0340
31.4205
35.7534
32.7760
30.5516
34.7320
26.9675
30.0366
28.5246
26.9680
32.0577
27.3891
29.5527
32.1477
38.2223
30.2968
27.3018
28.9927
29.0628
28.4092
30.1927
27.0454
24.6934
28.3862
27.8776
30.6400
27.9445
26.7309
26.4893
26.2441
32.5779
29.4797
27.1273
27.1850
29.1882
29.0987
25.8942
29.6912
27.1869
29.8571
28.1122
31.2016
27.4965
29.7530
28.9839
31.1550
31.3147
27.4772
30.3169
39.1414
28.5360
34.7110
36.0344
25.7351
24.4448
26.9812
27.3552
28.7184
28.0525
25.8957
29.0093
29.1729
31.0994
28.5996
26.8606
29.3144
32.7581
26.3566
26.6317
26.5237
29.0302
29.8126
31.9542
31.4645
26.6839
31.3843
30.3862
32.7673
27.5653
30.0394
29.8768
27.6241
29.4063
26.9890
24.8585
24.9725
31.1920
30.6668
30.8364
31.2216
28.0098
26.1850
31.9067
31.6613
30.1066
28.3452
27.9718
28.7940
28.7757
28.0924
28.5405
27.5687
30.3256
38.1157
29.1632
31.0033
39.5868
29.3922
31.6961
28.1732
27.1377
29.8228
30.5530
28.7203
25.8480
31.6257
30.9885
28.0255
30.3853
26.3528
28.7844
27.1720
25.7160
28.1068
24.4702
26.4404
27.4756
25.3649
29.0964
34.3571
29.6425
26.7091
27.0156
31.4438
24.1847
33.3478
29.9890
24.6730
24.6617
24.2244
26.7426
25.4944
26.3779
30.9676
25.0081
27.5059
29.8760
27.4876
26.1589
29.3300
30.2127
30.6203
29.9185
25.3614
26.4083
29.6503
28.0347
30.2210
29.6925
27.3306
30.4105
34.1370
32.3395
32.5268
31.8815
35.5775
33.2853
28.3881
28.4324
28.5256
28.6975
29.6255
36.0383
28.5368
32.8401
33.2959
31.4521
31.8464
30.5462
27.2651
29.9154
29.0449
31.9035
33.0729
27.4673
30.5711
27.9645
28.8463
28.4883
31.2929
27.6915
27.5513
28.5622
29.4638
30.6566
29.2378
39.9470
33.7560
32.7320
28.4645
37.9883
30.5843
28.5379
27.7394
28.6092
27.8680
26.8981
33.2295
28.8074
30.7315
27.2497
32.2633
31.8262
32.7285
33.6569
31.7776
32.3454
31.4313
34.8469
30.6029
31.0460
36.1356
29.4764
31.7370
27.6857
31.3348
33.2749
32.4865
31.8219
34.8189
34.1147
31.5778
34.2386
32.1059
29.8858
33.5193
33.5388
39.6153
30.3509
43.0784
33.4846
29.2325
31.5144
28.5465
29.6257
29.2300
34.3418
31.4856
29.1629
28.9486
28.1768
34.3852
29.5127
29.0349
36.8476
28.7610
27.7653
27.8113
27.2101
26.6194
28.6737
26.2572
25.2277
23.6343
27.5781
26.5026
24.4340
24.8366
26.7340
26.3609
25.1973
27.3872
30.0610
30.5594
29.6123
27.7230
27.5297
25.7048
26.6995
24.3432
29.2039
28.5758
26.1176
32.2948
30.9804
32.4553
32.9349
34.4989
29.3325
32.0313
34.1315
29.9336
26.9607
31.8080
30.3910
28.8280
27.2846
27.0203
25.7572
24.9616
28.5014
29.8874
29.4463
30.1837
30.3917
27.6204
30.7675
27.3375
27.5804
29.0655
37.1519
29.3151
32.7990
34.6799
29.3876
34.8084
36.1119
36.3040
25.8106
28.7638
29.8435
27.9142
28.5795
29.5595
28.5695
27.9321
25.5261
28.3382
31.5045
28.5863
29.5395
29.9781
34.9183
29.9399
33.6620
30.1234
29.0618
32.6200
32.6042
29.0397
27.0519
26.1505
33.8279
27.6140
27.2767
28.2423
26.3217
27.6876
33.0615
30.6853
29.6023
30.8505
29.0531
28.0807
29.9211
32.3538
35.2673
32.6900
29.6304
30.6778
31.2541
30.8935
31.6893
31.9987
24.5409
26.8042
31.3675
32.4105
30.1676
31.2996
29.7027
35.6264
34.8478
32.0182
32.3581
27.3937
38.4344
26.3261
26.5344
26.1748
26.0695
27.4633
26.5698
29.9215
29.8883
29.3024
33.3228
33.3991
30.9620
31.7602
31.0370
28.6805
29.0818
27.9958
32.7399
31.0469
33.3535
34.5115
27.6403
31.3000
33.2586
27.7838
25.3655
27.9891
29.0853
37.1019
32.7048
33.8581
36.8093
32.1798
31.5473
28.7049
31.1795
30.2598
29.1456
28.4109
29.6360
29.0972
27.9780
30.2356
35.5206
31.9892
28.2509
26.7611
30.2186
28.7577
29.7844
29.2284
31.7305
30.1809
26.8404
32.3045
27.7537
31.3038
28.8216
30.2426
29.7697
30.3430
28.2199
29.1972
32.7720
29.7018
29.3992
29.0885
32.1477
29.2628
29.4801
28.5735
26.4005
24.3237
23.5196
24.1463
24.2862
26.9552
30.4485
25.8729
29.3079
25.4037
26.1192
29.6431
29.8817
28.8925
27.9062
32.3719
39.5325
27.7053
24.4248
29.5492
24.6485
25.3517
30.0574
30.9754
25.6907
30.0568
29.4922
28.0610
27.5212
28.7902
27.2893
31.2360
30.6150
28.0866
27.9564
27.5743
27.7417
28.4825
31.0865
33.7056
47.9166
35.1793
30.4861
28.0739
29.1662
31.4166
37.5062
26.2474
27.2690
24.4622
30.7430
30.7728
29.5949
31.6210
33.7717
28.5839
25.6894
32.9722
27.2308
28.8085
28.0165
29.4832
34.5438
33.8713
32.0745
33.2154
25.7187
34.3260
33.5180
32.9685
28.2392
30.7542
28.3368
27.0651
28.7351
27.5285
34.8775
34.0783
32.3233
33.9757
27.9560
27.4606
29.3067
30.1288
31.3487
27.5916
35.9179
27.2275
27.4909
29.3482
26.3803
32.8464
32.8529
37.3180
25.8231
26.1517
27.1999
27.9025
27.0396
25.4219
29.0397
28.1045
29.6077
31.1695
25.4928
26.3204
25.8989
28.7596
28.5840
25.8680
35.0789
31.3381
31.8456
28.5917
28.0693
31.6952
27.1725
35.8563
34.9989
28.4435
28.3181
33.8888
29.2361
29.9305
28.4555
32.5104
37.0005
33.2599
29.3459
29.5671
25.8533
25.0233
25.8060
26.2508
23.8675
25.8935
27.5452
28.6247
30.0126
29.7065
30.2045
28.3155
33.4572
28.0940
34.7186
34.2240
30.4361
28.7542
32.0241
30.7991
32.5884
29.7706
27.7175
27.2718
27.8706
26.4417
26.4205
27.5561
28.1518
26.7766
26.2713
29.7450
31.6551
28.6529
29.6212
27.0549
27.0036
28.2682
27.8834
29.5697
31.3865
29.2324
28.2057
25.0927
28.3703
28.7734
29.3579
31.5251
26.0665
25.5812
31.4390
30.2451
25.7111
29.3417
30.1223
30.2571
30.6169
27.1264
27.4412
26.1069
27.7526
26.0619
26.0409
28.4026
24.7513
24.8326
27.2757
27.8491
26.6064
30.5917
26.9980
26.1516
25.6326
29.0816
30.2979
30.7396
26.7980
27.9038
26.7927
32.3278
30.7898
28.6032
29.7256
34.2303
27.9148
30.8359
29.6822
29.2747
29.0991
28.7669
28.0368
30.4336
29.1287
28.1494
29.1498
29.3624
28.6511
27.7782
31.8280
29.5026
26.7251
26.4702
29.7152
31.0094
31.4472
32.2671
32.7775
31.5193
28.6905
31.0220
30.1001
30.7498
30.9731
30.4676
28.9745
27.6327
27.7025
25.2471
25.6638
28.6502
28.9439
31.2948
26.4950
25.6914
31.4005
27.5134
30.2664
27.0283
29.6299
29.6389
28.8948
31.7236
33.2179
30.5837
28.8481
27.4897
29.2305
33.6844
23.9641
28.8447
33.8357
31.7379
28.4350
29.4635
33.6181
28.7298
30.5580
29.3032
24.8448
28.8792
30.4670
29.3631
29.6659
31.2539
33.1544
34.1533
32.3970
27.4757
29.9443
32.0884
29.0089
25.5196
27.8562
32.5821
28.0696
25.0845
26.7047
29.0050
28.4465
32.1324
33.8675
29.3248
26.6479
28.2805
24.8461
25.0123
28.9716
28.1883
25.2308
26.0659
25.6152
25.6426
27.9673
25.0720
33.0044
32.7376
28.9093
34.6418
33.5472
31.2562
35.7476
34.3795
27.4034
29.5236
31.0794
30.0664
29.6298
32.6541
29.9721
32.2719
31.4205
26.7240
30.7849
31.6144
30.7617
28.2340
30.8127
28.5117
30.6381
25.9567
27.4941
25.5246
27.6744
24.7895
26.6419
32.2148
32.3618
32.9390
34.3310
27.2274
29.3452
26.5419
27.2384
33.3687
40.1513
28.2478
25.1991
28.8784
26.8015
27.3676
31.5636
27.2065
28.0097
26.7408
29.4228
26.5499
31.0975
25.8353
23.8771
25.6957
25.0561
24.2373
25.6113
28.9881
27.1567
25.6234
29.0353
28.1772
30.5008
27.3581
25.4582
25.9399
24.8611
25.7034
25.7184
31.0140
31.0026
26.0278
28.2940
27.1587
30.3245
25.4906
25.5678
26.7210
29.7149
29.3358
25.1320
28.4484
27.5137
25.4484
24.5174
25.6441
29.8118
45.2560
42.1976
31.4622
27.8631
27.2678
31.7517
31.2842
29.8351
25.5168
27.7931
27.7172
27.5655
30.2733
28.0775
30.3255
25.6418
26.4465
27.8809
26.2861
31.3182
30.2148
27.0987
27.0186
27.1802
28.0337
25.5324
27.6644
31.9763
29.7007
29.8940
30.7727
24.7558
32.0519
38.3923
32.9799
27.6405
30.5639
37.6699
37.2406
36.8535
33.8977
30.8668
29.4829
27.1931
37.2703
31.6790
28.9042
28.5551
27.6655
29.4197
27.7216
31.8700
34.6709
28.4265
31.2960
27.6093
27.9014
28.9474
33.3841
28.2454
31.5915
29.5781
29.1833
28.1983
28.8562
27.7317
28.3094
26.4943
25.6178
29.7545
30.6109
28.4385
32.0944
30.1774
28.8194
27.5175
27.2105
26.6213
28.7980
31.4668
29.1973
31.8205
25.6243
29.9281
29.7937
29.5671
30.1131
29.1420
31.9120
34.1146
31.4104
27.1358
29.6601
33.7464
36.6901
29.5211
30.9786
29.2469
30.5477
31.6712
28.2504
28.1111
31.1918
30.2569
28.1831
33.0689
32.1534
29.7263
24.6449
29.9712
29.3222
28.9550
29.4739
30.4134
31.6074
33.4712
33.5336
33.0155
30.2544
33.1442
29.3499
28.4002
27.7815
31.2340
29.6372
28.0940
28.2395
32.5165
28.4659
32.7480
29.2293
27.4959
27.9599
33.3189
28.7646
29.2732
27.4638
28.0827
29.3404
30.7791
31.0645
32.0835
29.2429
31.2097
29.4797
26.2518
27.5451
24.7239
26.7248
28.8840
28.5974
26.6757
28.6770
27.7182
31.8440
30.7523
31.3391
28.9299
30.0059
28.8210
30.8027
29.2285
34.1269
30.9104
30.8982
31.4247
30.0258
29.3409
29.0801
32.6211
28.0933
30.2651
28.7673
31.9669
29.8496
29.2827
30.0387
29.7497
28.4769
26.7477
26.6704
27.7375
31.7817
31.5574
37.0870
33.4465
30.9564
30.1963
28.0002
35.7274
31.9255
31.0079
30.4622
35.8473
28.0179
30.7074
29.5195
30.7540
31.5771
31.7911
29.2189
31.3869
30.5913
30.3207
31.9354
27.9635
28.8772
25.7975
26.6841
30.9214
28.7675
27.5103
25.8650
25.5195
26.2526
24.9804
26.5877
26.2166
26.9560
25.4762
31.6253
29.7629
30.5724
31.8307
30.2573
32.7371
31.7795
26.5790
25.9617
24.3896
27.7964
28.7176
29.2265
33.3823
30.2898
30.6655
28.5437
28.4718
26.7633
28.7465
31.0635
27.8427
26.5232
28.3549
27.6723
29.6864
31.6350
32.9344
41.5931
36.2214
26.0861
27.4137
25.4333
28.6141
28.1864
34.4999
31.9423
28.9318
30.4095
38.7628
28.7891
36.8076
33.7546
29.7188
28.0162
27.5059
28.0745
28.2836
25.9968
30.5360
29.5991
30.8513
30.5126
32.6969
26.5446
26.0708
27.5733
31.1586
30.0802
27.0245
26.0649
26.6568
29.8562
27.9874
26.4126
25.5950
27.7517
26.6640
26.8661
28.9882
24.4061
29.4173
36.4758
31.5189
28.6500
27.1221
31.0836
27.9966
27.9169
32.3415
29.7537
30.7540
31.0574
32.3171
32.8008
34.3658
28.9009
26.3845
28.3227
30.1454
27.4708
28.0099
29.0104
34.5729
35.1166
30.4720
30.0793
27.4635
29.8847
33.9267
38.1286
27.7174
28.9391
26.7808
26.0169
26.4261
25.5438
28.4719
28.4657
28.2187
28.7991
32.5072
35.7231
28.3796
29.3510
29.1539
26.6739
27.0365
25.7808
31.1304
29.4774
28.9394
30.9695
30.8535
29.7835
29.5665
33.3045
33.9234
35.8480
38.3236
26.4964
25.5027
25.2494
25.0451
24.8516
25.0700
25.9530
24.5514
26.1102
25.1585
28.0686
26.2703
25.9734
29.4901
35.6054
31.6714
34.7933
32.7428
25.9889
33.6020
31.6426
30.9771
31.4800
32.7602
36.4841
29.1497
31.1805
29.3339
31.0194
30.1204
33.3025
32.5274
30.5905
33.4459
31.0379
28.6211
30.6897
29.7688
30.3588
28.9828
29.9804
30.7691
31.6614
29.2434
34.2813
38.1377
31.2448
33.4979
26.7430
31.9833
30.4636
31.6973
31.9878
36.6799
35.2678
29.9694
31.1054
33.2311
28.2600
32.5341
38.3655
35.7902
40.6330
34.5077
32.7194
36.1818
35.2687
27.9577
32.1487
28.6427
32.5674
30.2998
29.1354
28.7371
29.6016
27.0606
26.9767
27.8579
28.6720
26.4959
29.2139
29.4687
27.5693
25.4556
26.7455
24.4447
27.0684
29.3378
27.3682
30.1455
28.2260
24.5438
28.1016
27.0924
28.4106
25.3203
26.0672
29.6083
32.1954
30.7213
30.0780
26.7134
29.4424
33.8500
31.1245
31.1728
30.2492
30.1801
25.0638
29.0206
28.9758
27.1464
30.0858
32.3577
30.4763
32.4755
32.5177
33.8740
29.0191
29.0582
31.3351
29.8232
31.4091
26.6520
32.3376
30.5646
32.0223
25.7941
29.7151
26.3654
25.4019
26.4320
24.9286
25.5651
25.9607
23.4521
25.6560
24.7168
25.8264
26.6610
34.3331
31.9152
31.1963
27.4860
29.3820
26.4846
30.0370
26.8535
28.0924
29.3944
31.2937
26.7600
26.8409
33.2104
29.6365
31.4187
33.3803
30.4631
38.9203
36.9082
37.2002
36.5228
34.9616
33.7775
36.4253
36.4622
40.1968
34.7310
34.2521
39.6646
36.1056
29.8780
28.2170
34.6992
30.8555
31.5760
30.3631
33.4567
34.5686
33.0809
32.7461
36.3157
43.2476
34.2862
33.6891
40.6203
37.0053
33.2366
29.8282
33.2886
32.8876
32.5472
28.0038
32.8209
37.9208
29.7390
29.6306
29.1132
34.9802
33.5396
28.0390
31.3679
32.9042
29.3135
30.7708
28.9652
26.4955
25.7729
27.3373
34.3664
34.4683
36.0399
31.2384
34.0071
34.2007
31.7816
32.8815
30.9524
37.7879
34.9568
34.6804
34.7419
35.1839
27.7018
28.8921
30.5961
29.2088
29.2068
27.0479
25.1195
25.3592
24.8353
25.7761
28.0465
29.3664
23.7884
28.7158
28.0748
24.3990
23.5701
31.2212
29.3630
27.4399
28.7535
31.4578
28.9624
26.2702
25.7994
29.2258
29.4199
33.4733
28.5106
35.8215
30.4178
31.1958
32.3186
33.5994
35.9919
31.4407
33.9063
30.0193
33.3723
35.0940
29.6485
38.8967
33.3774
30.2186
33.1021
34.0274
37.7087
31.0323
31.5345
33.1757
29.5405
33.4767
30.7953
29.6275
26.8189
30.7017
29.6434
28.1982
28.4296
31.2823
30.9131
33.4013
31.2523
30.7489
27.0428
32.7803
34.3844
26.4282
31.8122
35.4330
32.1333
29.6285
28.8746
27.4119
25.8352
25.8317
28.2877
27.7076
30.4055
30.9207
25.1330
27.4403
26.2397
24.0206
35.0328
27.9842
27.2861
23.9156
25.5583
27.1966
26.4151
27.0739
27.9318
28.8474
28.3098
30.9399
30.6493
31.5298
27.5817
27.8941
27.8607
30.3602
27.4745
27.1214
27.5120
33.2607
30.5837
25.6004
29.9873
25.7867
33.3693
27.7181
26.7142
32.7407
33.8336
27.2174
33.6157
27.3913
27.6558
33.4796
27.0033
28.1298
28.7208
30.2879
38.3588
31.1269
36.9832
29.2340
30.1559
27.7013
29.2723
29.9376
28.0128
30.3219
31.9259
32.5013
27.9300
27.2278
34.2276
31.9655
29.8440
34.3958
33.6525
30.1751
30.6428
33.4940
29.4167
30.2662
31.5498
30.5059
27.9758
32.6312
36.7363
29.8593
29.6686
34.0338
29.6887
25.1063
31.5783
30.6535
25.6908
26.4785
27.0649
25.3076
29.4575
27.3789
28.7366
29.9157
32.0882
28.5502
34.6620
37.0736
30.5248
30.6048
27.3269
35.7526
27.6806
25.6055
28.2071
31.3539
27.2674
28.5246
35.1364
27.4208
28.3490
28.9756
28.5567
31.8155
30.0911
31.1802
27.9725
29.8981
29.3973
33.1480
35.2586
26.6217
30.2741
31.1347
28.6305
30.1995
28.5494
33.3703
28.5081
26.8246
28.1597
28.4428
28.1547
30.4275
31.2491
31.0037
29.8231
32.9563
31.4274
26.6225
28.6094
28.3953
26.9824
37.1472
28.3923
28.0494
31.7538
25.0540
28.0178
27.4054
26.1815
30.7265
25.1500
29.4418
28.9729
24.9991
27.8993
26.9171
26.8271
28.9603
30.4520
30.2643
29.2946
27.4237
33.6082
33.1377
34.8299
32.0308
35.9955
25.9976
30.2285
29.5934
30.0870
32.9784
34.1584
26.3099
28.7691
28.3922
25.3098
30.2629
31.3322
33.2143
39.8580
26.6362
32.5757
27.7281
30.4301
29.4066
30.7423
28.8510
29.4577
30.8449
30.4614
28.0079
25.3776
26.0211
27.6659
24.7372
29.0355
27.5031
29.8279
29.7244
27.2062
25.0259
30.1074
33.6697
33.1105
26.6502
36.4349
33.9505
34.2437
29.3860
27.5379
33.0126
25.3318
26.6004
24.9924
25.3584
26.5931
28.9755
29.9106
28.5573
31.4438
29.7422
30.5657
29.1106
25.9423
26.5085
28.0959
27.8276
25.8808
28.2348
30.8797
29.6657
31.9761
34.0848
34.2523
31.4973
34.5585
32.0297
30.4111
32.7912
29.1946
30.9029
34.2575
30.0720
32.6522
26.9452
32.2222
25.6867
28.7328
31.7789
28.1443
31.5474
28.3131
30.1715
34.9376
29.8923
27.3251
29.9666
29.0011
27.3708
34.3225
34.6132
27.9033
32.8253
29.0593
29.2665
27.3179
32.8717
31.8932
24.0857
26.5408
30.1050
32.2038
29.0191
29.2064
27.0736
24.7974
28.7785
28.9118
30.7931
29.4936
28.6482
33.6199
35.4995
30.1763
29.4920
27.9094
31.8222
30.0120
29.0841
31.6725
29.3103
29.9548
36.1954
33.9003
27.5921
28.0338
26.8712
29.2887
32.7219
35.2898
36.1736
35.8695
32.0338
29.8584
25.4717
28.3699
28.0079
30.5384
28.3935
28.1535
30.0451
31.0057
33.7061
29.4241
25.9206
26.0889
31.6246
29.0191
29.1096
29.6634
27.4586
29.2127
27.3901
30.3341
28.7339
29.1017
29.6771
28.5920
28.2183
33.3748
32.8832
28.2447
30.6650
29.5343
26.8247
28.9578
34.1845
43.9103
34.2753
32.9154
31.1128
46.6828
30.0757
30.3711
28.3856
35.7041
36.2751
31.6514
36.8585
34.3363
42.9355
28.4031
35.8050
32.1744
32.6420
32.6393
35.7273
32.8036
32.3146
34.9206
31.6660
45.0060
32.1228
30.4812
30.9286
32.9897
30.3751
32.3710
29.1664
28.1717
38.1406
28.7182
29.6476
35.2301
28.2807
30.9250
32.2043
32.8827
28.8639
28.7360
33.3582
33.5115
33.2129
27.3408
28.5434
33.2347
35.1544
34.1648
33.5954
37.2961
42.6573
37.7428
37.8592
29.8451
31.1773
30.5538
27.8343
26.3862
28.3258
28.5409
29.2500
33.4239
30.7959
30.3751
27.4528
31.9524
30.4764
25.2456
28.3823
29.4713
35.1515
34.1321
30.0917
29.5061
28.5580
33.3084
25.2388
26.7540
26.7281
28.0500
27.5058
27.5446
29.9321
30.3129
30.6706
27.2157
31.7074
28.1624
26.9597
30.4976
32.8363
36.1295
32.2965
32.6014
29.7103
28.2364
34.3371
34.7529
31.3880
27.6077
28.7746
27.9269
29.6692
28.6013
28.6442
32.2616
34.8909
30.1862
27.1223
28.0529
30.8499
27.1194
34.2229
35.0742
34.0832
38.4352
30.2593
34.2668
35.2504
30.5066
34.3188
39.5607
37.0769
31.3547
36.0830
31.6465
30.7278
32.9176
34.4662
32.8790
30.4690
34.4940
32.6406
31.5197
33.4927
31.1046
31.8528
35.8840
29.3788
32.1185
31.9586
30.4958
30.6911
30.6496
33.3025
32.7879
36.6826
31.7533
36.8472
26.9272
27.2425
33.4508
29.9080
37.1534
30.0688
27.6119
36.0975
34.1365
32.0960
30.5440
27.0624
27.1374
26.7860
30.4163
28.4898
28.0567
30.1820
32.9498
27.3245
28.4387
32.4668
33.9552
37.2435
36.4465
40.0054
32.1796
33.9369
40.5314
35.0263
32.8527
33.9917
29.5940
32.6947
28.9166
27.0048
28.9513
28.5302
31.5533
31.0321
27.2568
27.7821
28.1107
27.0553
28.0529
27.9226
29.6036
26.0445
29.1918
30.7921
30.3695
31.1011
34.2930
28.4490
26.1277
27.5138
24.5572
25.0375
31.9480
25.3125
26.8311
27.3975
28.7056
27.6978
26.5701
28.0491
25.1003
26.0772
28.1752
27.0541
30.5270
26.4340
31.3251
26.8999
27.2078
28.4699
33.7714
28.9943
28.0920
25.7108
24.3693
27.7840
27.0319
27.2359
30.5848
29.6009
30.5619
30.1765
32.1956
25.9047
29.9025
30.3793
31.4547
23.3073
24.4417
29.9079
29.3247
29.6615
26.6234
33.8783
32.0761
28.5255
28.0511
24.3400
27.6326
26.4143
26.4470
25.0646
24.6251
26.6945
28.9190
30.8302
29.8446
27.4212
28.6191
30.7296
26.5260
30.4046
27.6696
36.3040
31.5437
32.6819
30.1135
26.5850
29.7487
30.2073
29.8864
28.0772
25.3613
30.9171
30.5334
28.7761
24.3144
28.6158
29.8226
27.1618
27.9646
27.5217
32.8674
31.4913
27.1848
26.9362
29.9888
25.6232
26.1434
25.1075
25.6951
25.7474
31.7412
34.2884
30.4713
29.2785
31.1502
32.0234
31.2670
27.7997
31.7554
28.8842
29.1457
26.0559
27.4160
30.6212
27.7256
29.8921
30.2854
33.8207
29.5303
30.8238
29.7329
33.1869
30.3523
31.2853
34.5285
29.2097
27.6493
26.7078
32.0286
27.2152
31.2539
30.0908
28.8908
28.9743
27.6087
26.1243
27.2404
26.0341
31.0285
26.7479
27.9992
29.2222
28.6101
29.1213
28.3294
26.6353
29.1067
32.4113
31.4548
32.5610
32.4221
28.7576
27.3345
30.4933
29.4237
30.0476
27.9950
27.6516
25.1635
27.5380
29.6794
29.0648
28.6861
26.7156
26.3276
25.1521
27.6564
28.5254
27.6483
28.7560
28.4129
25.6029
24.6683
27.4917
27.8151
29.2237
31.9610
31.4240
35.8320
31.1075
29.0119
30.6279
30.7883
29.1272
29.7846
31.3633
27.6990
26.7736
30.2781
31.5070
32.9136
33.8702
32.3866
32.4794
27.7782
34.2445
34.1975
29.9192
30.4920
27.8191
30.2892
29.5489
29.4919
28.4080
29.1722
29.9437
34.6441
25.7267
26.4153
32.3081
28.8509
29.3933
27.1440
26.1627
27.4205
27.0388
27.0279
28.4943
30.9273
30.0300
33.5310
28.3973
26.8214
30.8891
30.3965
31.4441
27.5177
27.8688
29.7624
30.1344
30.9341
27.0632
25.6439
34.5507
28.9571
26.8400
28.9973
31.1062
32.5557
37.5832
33.4966
30.5595
27.3279
28.6708
28.0798
30.1333
34.7691
30.0172
27.9233
31.0839
28.1999
28.7666
32.1676
33.1741
26.3568
34.3518
35.2178
26.2797
33.0135
34.5923
29.3118
29.3388
29.9274
27.1917
27.2545
27.4318
35.2261
29.8033
26.5623
23.7274
27.3301
28.1179
29.1268
26.0942
31.5851
27.2696
32.9380
32.1779
28.4353
29.4336
31.1669
26.3440
26.3163
28.1624
28.5122
30.0238
31.8267
28.5018
29.6027
29.3448
27.2996
28.1494
29.6286
32.8564
35.4141
31.9696
28.4270
28.8086
32.0558
36.0514
31.4222
36.4774
33.8924
31.8117
31.1079
33.4204
28.5031
31.3082
31.3825
38.9056
31.5302
28.4507
28.7248
29.6891
30.3164
27.8720
28.9473
29.4867
26.3299
29.4785
26.8811
25.9483
26.7390
28.2721
28.6087
29.6607
30.1623
29.5188
36.0848
31.5632
29.9746
30.6983
29.2403
30.5521
33.9043
29.6386
32.3669
29.8811
30.9089
31.4480
30.6035
31.4766
29.6870
29.0483
27.7973
28.6958
26.9029
30.6014
24.9932
25.7797
24.0219
28.4790
29.0182
31.4735
28.9130
28.6026
26.3147
30.9675
39.3013
42.5530
29.7023
29.2603
27.3910
27.2456
29.8836
32.5202
32.2735
32.2591
31.9630
27.2800
33.0805
27.1734
26.4463
27.4819
33.1227
35.8750
27.5606
30.3064
29.2269
28.5627
24.6723
29.0057
36.0528
36.7592
29.3034
29.7645
27.7831
32.0956
30.5837
34.3028
28.2227
28.2842
37.2670
39.3338
28.6532
27.8609
31.0974
30.0413
34.2509
29.8604
33.7490
30.9381
32.0660
30.9013
32.1735
26.2262
27.3034
25.3076
29.2659
28.4543
28.7565
27.1856
29.7450
25.7069
27.2110
27.5128
25.3792
28.2834
25.9590
30.4034
26.9201
27.4742
30.1090
34.3177
28.9935
30.6219
29.1703
27.9298
28.4339
28.5098
24.0960
25.2898
26.5948
24.1173
28.2889
25.1526
24.7335
28.4385
32.0967
38.8908
38.3668
29.7577
36.3082
33.8518
34.2213
30.5773
27.4229
28.6667
29.7103
36.9617
35.3584
35.1881
37.8967
34.8372
33.2003
28.5976
27.9036
28.6634
31.2553
30.0230
31.6523
30.6372
37.4658
36.6133
28.1775
27.1804
25.9657
32.0304
32.6125
32.0620
29.0778
31.4274
31.5028
26.0453
26.7767
25.6462
27.7343
31.2149
33.2527
30.8746
30.3093
34.5964
28.6152
29.4940
30.7470
28.5428
30.6449
32.5066
29.7905
28.7289
29.5930
29.2012
29.7021
33.0182
27.9506
30.2682
28.7985
30.5439
28.8176
30.3759
33.7484
30.2304
28.9099
29.5560
31.6564
33.1724
33.7204
34.3157
34.2554
33.6182
29.6626
31.3702
28.9596
30.7853
29.2794
31.6151
29.6464
29.1767
27.4367
25.8549
27.7574
35.5253
33.7555
31.2242
31.3715
29.4831
28.0315
26.9586
28.9841
27.7866
26.1127
28.2149
30.6291
29.7556
27.7520
28.3454
24.7687
28.5711
28.6246
32.4003
40.8338
34.1553
31.4297
30.0563
30.4822
33.8362
30.5267
29.8262
29.6236
28.9309
29.9956
27.0163
29.4871
26.1274
29.9111
27.6066
26.6043
29.0764
30.8406
27.5702
32.3411
34.9970
29.1904
26.8458
29.2775
29.1475
24.9175
24.9597
25.9658
27.1987
26.1905
25.4088
29.9503
30.9142
30.0001
38.7295
27.6915
33.8963
27.2606
31.5583
30.9950
30.6224
30.8736
33.1953
33.3489
30.2976
30.6535
31.5930
32.4777
25.1927
32.0048
30.5574
35.8054
30.7855
30.4175
26.2118
29.6217
25.6837
27.4214
32.2632
32.6745
31.0956
27.0416
25.8043
31.7330
32.5273
29.1599
27.0777
24.8939
24.9871
25.1650
24.8464
31.1431
29.4413
23.4303
27.3908
28.8395
27.7643
30.3214
30.9591
30.0191
27.9346
29.3564
34.1944
27.7574
29.7575
30.8374
30.5740
30.4188
30.5645
29.1192
30.1244
26.7716
28.2578
26.3355
29.7362
31.4548
26.7525
32.0395
29.9589
29.6374
28.5160
33.5388
27.2733
26.6843
27.9546
31.2138
26.8755
30.6630
27.4223
31.1305
26.2453
26.5567
33.5576
26.1940
33.4100
26.1315
26.8496
34.5751
28.5339
31.7395
27.3768
30.8330
32.1793
29.5798
29.4603
31.6156
28.1914
36.7088
31.1592
31.4586
33.0689
26.9498
28.5572
26.9618
26.6671
30.7918
26.5022
29.4288
31.2782
28.4937
33.1738
38.1200
39.1738
24.3543
27.0985
29.8135
29.2973
28.4524
28.7971
29.5343
27.5641
28.6598
28.2712
25.8645
28.8683
41.4775
30.5522
27.7332
33.2173
28.9348
29.4756
34.5576
32.5949
30.2546
28.1903
27.1002
28.7485
31.3419
32.6718
30.2633
30.2388
26.8133
28.6030
29.1605
25.9831
32.5816
32.2306
27.6453
26.1076
26.8074
31.7115
27.7915
28.7042
31.3203
32.5894
31.7250
31.3829
30.2144
28.6318
29.3079
28.5452
27.9416
31.9786
34.0301
36.4367
31.5399
35.0194
32.7967
35.1319
42.6764
35.2262
37.7534
29.4651
32.7654
28.5140
25.5662
27.7797
33.2531
30.4925
28.3136
27.5995
27.1586
28.5545
24.8691
26.0609
25.0960
29.7957
27.6103
33.1435
33.9695
23.7762
27.3571
28.4217
28.5250
28.2294
27.4164
25.8605
25.3936
25.5341
26.9050
25.7432
24.3450
24.4862
25.0721
27.9678
31.4807
28.1850
26.5839
26.1253
32.7660
32.2574
25.3214
27.4532
26.0361
25.4047
24.4955
24.4124
27.3818
25.8044
25.5441
27.5203
27.8307
26.7200
29.9311
28.7260
29.8284
32.6100
25.1924
30.4469
27.9926
34.2940
30.1926
33.7265
34.4235
32.2110
32.8771
30.1096
33.3316
30.5693
29.0449
31.8832
30.4646
25.9157
31.2077
33.4822
33.9149
28.9077
31.6440
38.3320
29.9439
28.5403
32.6965
29.7931
31.4311
31.8050
30.1877
33.3933
29.1562
31.0438
28.6101
26.4043
28.9892
31.0517
25.2074
23.5691
27.6734
25.7364
31.6669
35.1385
32.8051
37.1732
33.2747
23.1401
24.5988
26.4134
34.3138
32.3723
34.3399
33.0753
25.1749
24.1540
27.4526
24.4805
25.4836
28.5910
24.3309
26.3833
26.3426
25.6539
24.6821
28.5979
26.2239
29.3803
32.9411
26.8840
27.5476
30.7636
26.6705
27.2074
23.2510
28.6668
27.2375
27.3263
34.9904
33.2436
26.3419
29.2857
28.1432
29.6766
24.3969
29.0928
30.1640
31.0570
27.9325
32.1360
27.9178
28.9149
28.9516
30.7455
31.0250
31.1644
25.6640
25.6473
27.1927
26.8569
28.0207
27.0256
30.0641
34.7297
29.1482
29.1442
28.0481
26.7812
26.9601
26.7519
28.1765
26.9981
28.5267
31.3317
27.7255
27.0429
26.0770
27.9827
26.9786
28.7324
29.4141
28.1515
27.9294
27.1106
30.7800
28.9725
32.3823
25.9536
25.7843
27.5585
29.6923
30.8188
29.5067
28.3786
31.1256
29.8690
33.3315
31.8018
30.8814
31.3966
32.9980
32.6459
29.7185
27.0052
29.1316
31.3952
30.0863
31.6162
32.3242
28.2784
26.8301
28.9081
25.5539
26.8314
29.8632
30.7689
26.8540
26.0213
25.0947
26.5924
27.9039
27.9129
27.6236
33.5869
27.4058
26.3694
26.2895
25.6563
32.6097
31.6888
27.2328
26.8729
31.7114
30.5685
33.7465
34.2098
31.7259
30.5661
28.7209
28.6802
26.6531
23.7432
27.1657
28.0963
24.3150
30.3160
32.6791
31.2935
32.9492
29.1125
30.9961
28.7939
26.9948
28.0735
27.0410
26.2684
30.8438
32.6632
24.3370
33.3564
29.4308
29.8072
28.3655
29.7516
27.7339
26.0336
27.9385
33.6844
30.3010
25.4244
32.4205
33.4255
29.0393
28.6722
24.6583
27.2212
25.6810
26.7516
28.4943
33.3840
36.6936
29.2450
30.8699
34.1372
28.5419
27.3335
30.0157
36.2288
31.0137
30.4860
28.9125
27.6742
27.7078
32.3517
29.4153
26.7145
26.2485
23.1560
25.7703
26.1545
26.1777
24.5591
25.0776
31.6587
25.8885
26.7139
26.0309
27.1641
29.2284
33.0690
26.0550
28.5338
30.1610
30.3821
25.5104
26.4499
30.4425
29.2613
31.0975
26.3839
29.0714
34.8514
34.3786
28.8203
31.5137
28.4522
32.0072
36.0851
27.8161
31.6470
30.8134
27.6419
26.0736
30.8731
28.0755
27.2955
28.2751
33.0458
26.7026
29.8642
30.8872
30.1026
26.8696
28.2358
24.7099
27.9001
40.1425
29.2402
27.7558
40.9606
34.9835
30.4918
32.3097
35.8249
34.3409
33.9089
31.2921
28.6285
30.8165
32.2334
29.5615
29.2887
26.5282
37.2530
28.1024
31.7706
29.1887
30.3692
29.2113
26.6940
29.5227
29.7976
32.9279
28.7460
30.0047
30.0115
31.9963
33.9740
28.6514
28.8902
27.8786
27.0405
29.0367
26.7414
31.8463
30.2500
49.3787
35.8864
33.4475
33.1649
33.6563
26.4640
28.9168
35.1609
37.4676
39.5276
30.4099
25.8645
32.8911
29.7098
29.4105
29.9278
28.2445
26.1592
26.3751
26.0795
26.8675
26.6855
30.3264
25.9312
28.1264
28.1589
33.6424
33.0028
28.2778
30.4066
28.3634
27.5430
30.1718
28.8079
29.7186
26.2829
28.4394
30.0075
35.2237
28.9644
30.6310
30.3783
23.7807
26.8189
28.9280
30.5323
25.6880
24.4470
29.9574
26.3264
34.0845
30.9661
32.3807
36.2241
34.5679
29.0953
41.0650
31.8819
31.7479
36.2130
35.3725
35.1879
32.6780
29.8785
29.8843
28.9975
29.0681
30.3377
29.6223
31.4043
29.7628
31.5606
27.6876
30.1204
29.9994
31.4252
32.6201
33.9774
32.5873
32.1090
27.7435
29.8403
32.0003
37.3248
32.1963
35.7788
33.2782
31.5086
31.5760
31.7289
30.6149
26.6486
31.4772
31.0359
30.4260
26.8212
29.9809
28.6926
31.2160
29.3337
32.7084
32.8225
33.5863
32.7360
37.2051
32.3221
28.9459
32.4137
29.0172
34.6801
31.8335
27.1933
32.7337
29.5541
27.1296
33.3077
35.9705
30.5191
28.9870
30.0286
28.9979
26.3228
33.8157
29.9320
32.7985
27.9895
34.3186
30.1668
34.3911
25.8600
33.4750
32.5459
31.0600
34.0548
30.5938
30.6388
34.3073
27.0444
26.8497
29.3871
31.2363
38.8372
42.1470
30.1691
28.7806
29.4833
35.3634
34.6176
32.6118
28.5273
35.2775
34.9541
32.0422
32.5896
32.7857
33.6156
31.8163
34.8180
28.7812
27.9286
29.2573
24.9615
27.6414
27.4779
29.8208
28.3311
29.3199
31.4018
27.6081
31.5178
29.9748
29.3926
30.4042
28.1801
28.8167
30.0936
25.4207
25.0425
27.9832
25.6149
27.0069
27.6710
24.9585
24.5799
31.3878
27.3497
28.4676
28.4372
28.9223
27.5835
28.6954
27.9116
29.0926
26.2529
24.3706
32.8216
30.9959
29.9421
29.3265
27.1760
26.7698
31.3131
28.6252
30.3166
29.3891
27.6114
31.0610
36.8788
32.2152
33.1398
28.6413
29.7893
31.1698
29.9113
33.2911
34.2121
31.4119
33.5286
34.2683
32.8581
32.2867
35.2319
31.2538
32.4766
26.4703
29.6982
27.8726
31.1420
31.3902
31.8900
28.2382
25.0131
26.6191
25.8859
23.3572
24.4459
26.7529
24.7885
26.7187
25.5939
25.7222
28.3188
27.1199
35.1815
32.2117
38.2857
31.9718
31.0993
30.6080
29.8187
28.5823
29.2565
29.4289
29.4093
29.0615
28.8820
28.2401
26.2397
28.4685
27.5833
34.7391
34.6477
29.1549
26.9805
31.2203
29.1433
29.7070
39.8046
28.8519
34.7875
24.2771
26.6184
25.7652
26.5754
28.9200
27.1859
26.2551
27.8896
27.2479
26.9366
30.7237
31.7299
27.7316
31.4485
29.3705
30.9489
27.3987
30.1823
28.3888
28.8023
26.1944
27.2000
28.0357
29.8794
28.9147
28.0383
29.7076
27.2139
28.6220
28.4591
29.7133
32.8579
31.9432
30.4631
30.6583
35.1416
30.3832
30.7533
30.6809
31.7417
33.3511
33.9083
32.3472
29.7929
30.9561
29.0774
25.9400
27.2899
29.2832
27.2783
24.5194
28.9394
31.2962
34.3920
28.9439
32.5848
32.4710
34.0075
37.5170
29.3685
30.5959
28.7639
26.8788
30.1099
25.6323
29.5245
27.2029
28.1375
30.2339
30.9615
32.9664
38.3156
37.7724
38.8266
34.7568
29.9479
31.8920
27.1824
28.8983
31.5987
27.7336
29.2175
31.9712
29.3317
32.3613
32.7833
30.8628
33.2196
28.7327
28.4858
25.5048
24.3975
32.5808
29.2668
31.7339
28.4512
25.0631
29.4077
32.0004
32.7843
33.6645
29.6820
30.4935
38.6672
35.1649
33.4875
33.6469
34.2001
34.5092
34.4220
32.8334
36.3109
32.2546
37.6271
31.4955
33.6893
33.7618
32.9476
33.9455
26.9173
25.2434
30.7446
34.0173
33.6785
32.9030
33.4097
32.8524
27.9212
33.8448
32.6679
37.2780
38.2568
33.5204
27.1389
30.4553
33.0206
26.4278
31.5135
33.8989
30.0131
31.8955
29.4445
31.3483
31.3595
32.3401
37.0158
34.6150
33.1888
30.6140
29.9389
30.1762
29.5313
29.6984
29.9825
27.0467
29.0639
27.4519
30.3505
28.9818
28.1275
28.4801
31.7914
30.0187
28.1844
31.1844
32.3847
28.9994
29.0899
28.1085
29.3453
27.6871
28.0473
29.4016
29.2203
28.9181
35.8172
31.3787
29.0622
35.0575
29.4222
28.4741
28.4395
30.6397
30.1675
29.0525
29.9173
26.2320
31.0841
30.7431
26.8151
33.0349
31.3009
31.0356
28.0884
26.4310
28.2830
28.0935
30.4517
31.2942
32.3386
31.9294
33.0621
28.6097
34.3585
38.0371
33.5725
29.6598
28.6007
28.1475
34.6712
35.9601
34.4873
32.0480
34.8432
30.7006
34.5611
36.8920
37.5023
29.8176
31.7782
25.9567
27.8948
33.1640
26.8759
23.4762
32.9962
25.3210
23.8566
25.8038
31.1066
27.0343
27.3996
26.6414
24.7778
27.0869
26.6907
29.0008
31.2284
33.2178
26.7862
28.0019
30.2198
30.5206
29.3426
29.3934
34.4380
28.7539
30.7419
32.3845
31.4173
27.8313
29.9407
31.6930
29.0722
33.8306
29.8133
27.3898
27.3119
25.8754
29.0395
27.7382
28.8876
28.7180
27.2659
27.3826
27.4632
26.8598
24.7789
28.9426
29.4890
28.4336
29.4092
32.0613
34.0385
31.8048
30.1492
40.8656
33.9727
31.4209
29.1604
30.1771
26.3768
29.7695
28.1320
27.6077
32.4888
33.3031
30.8150
27.2661
31.0498
28.0836
27.1988
28.5079
28.7511
27.9391
27.7592
26.6690
27.2237
29.5057
35.0180
33.2823
31.4110
29.4875
30.7339
28.6962
28.1793
27.8141
28.1398
24.5008
23.7659
29.9928
26.8407
29.3876
26.7790
29.0871
31.8879
33.3631
33.4982
31.7591
34.1850
27.5678
33.3410
32.0486
31.4204
29.0621
27.4925
28.9397
32.1002
34.1826
25.3487
26.7583
28.0526
26.7424
24.3246
28.7754
37.5727
30.6808
25.3260
25.1646
25.7856
24.6599
24.7108
26.5451
24.3751
24.5420
29.1778
24.6401
26.8294
28.1733
24.0749
28.0125
29.1386
28.3570
29.9630
28.9022
27.5980
27.4589
28.3276
29.2422
29.2849
27.3886
28.1993
31.1779
29.7357
27.1619
27.2621
26.9771
27.3652
27.9012
31.1400
27.0898
27.5559
27.0656
27.0261
29.7966
29.3727
27.9333
31.2099
27.5587
29.4636
29.6242
29.9618
28.4340
26.9096
28.3139
29.3148
31.9003
30.4771
30.3614
24.3556
28.0428
30.8197
32.5924
27.7438
30.3748
28.6315
28.5917
34.1179
27.9048
28.8789
24.9750
29.1319
28.7162
27.3394
29.5393
25.9068
27.8203
28.7544
29.9444
28.2542
25.8467
24.7614
26.2263
27.8441
27.4464
26.0909
28.2630
28.0905
24.7583
25.4796
25.7218
27.7953
26.6476
28.0833
25.0787
23.6421
26.6552
25.8513
23.3160
24.2156
25.3641
26.6862
26.1955
26.1657
28.9336
27.7871
25.8684
28.2191
29.3991
31.6400
28.3540
27.1496
28.2908
30.2590
31.1776
29.1523
27.3492
25.9861
29.5141
30.5671
30.9606
29.8760
33.6024
32.1057
29.8867
31.0264
35.2177
33.8819
29.1940
30.9753
27.4311
27.9381
26.0938
27.7906
27.7058
30.2525
30.9974
40.1830
30.9788
30.2512
24.9437
26.0131
27.3228
26.5616
31.0087
28.8868
27.7732
32.2577
30.7316
31.4222
31.5953
32.4915
28.5924
26.6803
28.8418
29.4212
26.6255
26.4530
26.7633
26.3359
26.4485
26.4595
24.0082
27.3174
24.2045
27.5040
26.8066
29.3475
30.1489
33.0295
32.4884
32.3591
31.7781
32.6469
24.7405
29.6866
29.3243
29.6440
27.6830
31.2773
26.2253
27.4068
30.7594
30.3041
29.1917
26.2126
26.9946
27.2643
28.8911
28.7367
32.7246
27.1126
24.9988
28.0688
30.3427
30.3552
29.4579
31.0452
33.6145
28.8516
28.9173
28.5819
31.8116
28.6967
34.4283
28.5661
27.7834
27.6780
32.4291
26.1382
26.5987
25.7736
30.4350
26.0751
24.6411
25.8830
28.8927
31.4314
28.3206
31.0583
29.8927
27.2598
23.7248
26.4314
26.4872
27.5736
27.0505
27.3752
26.9192
24.9945
25.4946
23.7154
28.6705
25.2659
27.3938
30.5378
24.6387
30.7463
26.4883
29.9437
33.7130
31.9297
25.9744
30.6418
30.7636
34.5887
25.0198
27.1503
28.2994
25.4537
28.7339
34.7693
37.3817
39.6478
31.0156
29.4516
27.0955
32.7801
33.1532
34.1699
30.5919
26.0026
25.6915
28.4840
29.5745
30.5618
32.1310
31.4858
34.5319
32.3785
30.2214
29.0098
29.6555
33.0141
32.3548
34.4224
31.1383
34.2644
37.1940
36.5106
35.2144
31.0020
32.7895
34.5177
32.2369
32.9799
31.8815
30.5000
30.1217
30.4432
29.6795
31.6229
30.3267
34.6204
26.9775
26.0174
33.6320
27.5265
40.1155
29.2931
26.5812
31.0159
28.4918
28.3299
26.8940
25.6114
25.3859
25.8534
26.4345
27.4473
30.8789
27.3849
30.6229
27.5744
26.2126
27.2211
31.1016
36.4104
28.7301
32.9987
30.7100
32.1783
24.1692
26.0741
25.5714
31.8205
38.3311
35.0406
30.4421
26.3477
24.5456
26.2185
26.1995
26.4624
25.4928
24.9359
23.8837
28.1795
27.2451
24.6452
24.8432
29.6317
33.7242
33.4150
34.1778
30.2482
28.6124
30.3862
30.2478
31.6718
28.8704
34.3589
35.3647
38.0885
37.9716
30.3463
29.2863
26.4937
25.7359
30.2249
27.0235
27.8497
25.3034
28.5245
32.1443
25.5823
29.5251
28.8825
30.7955
25.5872
26.5002
24.9224
26.9309
25.8309
29.0340
29.5387
32.7787
26.9576
28.3157
30.7477
29.4425
31.9856
29.3890
30.8092
27.3669
24.6785
26.0609
28.2657
27.5784
31.5726
34.2794
31.2229
25.1013
30.1523
28.7287
31.4243
31.2425
36.3595
28.4595
27.1723
26.0776
26.8734
29.0619
34.0358
30.0488
27.6086
28.9549
33.1616
30.8045
28.8371
30.4811
28.3105
29.3130
26.2532
24.7073
27.4784
28.2357
37.5291
32.8988
25.9972
27.1464
36.1303
36.8958
34.7070
37.5977
31.3612
32.2576
33.1080
33.7062
32.3204
30.6275
24.2426
23.6766
24.2614
24.7139
28.7375
24.7042
23.1168
24.7993
29.4488
26.8678
34.3437
34.7848
33.4960
31.3121
29.9355
29.5842
29.1580
33.0886
32.9994
28.4007
28.0196
29.7394
27.6669
31.6262
33.0608
30.1120
29.9581
25.4776
27.4285
24.8174
26.8311
26.0878
25.1623
24.3089
24.2871
23.5891
25.4437
27.1969
26.1181
24.6897
27.2949
24.5840
27.9086
34.6790
35.8312
44.4034
30.0199
32.4478
33.4372
30.4292
29.2839
25.6680
30.2708
29.0327
36.1156
34.8565
31.5468
35.0566
35.2037
36.3577
30.2879
32.6968
30.6591
30.8620
30.4589
29.5149
31.4121
31.3702
33.6952
34.3399
27.8918
31.8833
30.1694
33.3047
33.4358
32.7607
33.1327
31.9982
30.8184
31.8562
29.8685
31.5394
31.5028
32.0887
33.0388
33.0994
34.3795
30.7715
33.9799
35.5612
34.1701
32.0573
33.0591
34.5818
32.5884
34.1058
32.2096
31.8156
30.8663
30.9869
30.2468
29.1106
27.4818
30.9471
27.8827
29.2967
28.3327
29.9759
31.2938
30.2798
26.8643
27.5656
29.5213
30.1554
