47.6630
50.5319
51.5055
48.1878
44.8343
46.3547
46.0056
43.9980
46.5000
48.4726
52.9495
49.2370
47.7491
46.2495
48.8829
41.0486
48.0114
48.1533
44.5713
42.5702
44.7486
46.3706
49.1686
43.2579
49.7401
56.3949
55.2507
52.0575
50.9560
54.5737
51.0611
49.3383
48.3810
48.8250
49.4096
49.3577
49.1352
49.3745
50.4802
56.0192
53.6810
53.2120
45.4051
47.8769
45.6185
43.8040
45.9952
44.6862
48.6667
49.6358
46.7966
45.0739
41.0317
46.9697
44.9405
45.5858
49.7734
46.1600
45.6470
46.4642
49.6654
44.4900
47.5822
45.3672
41.1463
40.1205
49.9916
51.1723
49.2157
49.5171
52.5611
50.4417
46.2280
50.7563
44.5484
50.3330
53.0584
54.4789
51.5580
50.6376
51.3740
57.2971
49.4681
52.8709
55.5198
54.9837
71.3713
59.9719
61.2395
66.4410
58.8880
59.6541
60.9637
62.1771
60.7920
58.6376
55.2969
56.3856
52.6278
54.6981
56.1994
63.8253
58.4688
61.6519
56.5805
49.0194
51.5986
55.2775
55.8142
57.0241
57.8845
51.8801
55.3203
59.6063
62.6975
58.2757
64.6778
62.5479
66.8966
70.2058
72.1944
69.4658
67.2067
60.4047
63.5605
64.3613
64.3801
60.5987
70.5342
65.4712
61.5662
60.2950
62.9644
71.2957
64.1426
67.0193
75.6196
76.6877
70.7145
72.6463
70.4212
63.8046
60.7006
63.8011
73.6592
71.7081
66.9353
62.1403
76.4085
80.0120
85.2122
77.9905
65.5863
66.3337
66.2002
73.2903
59.7359
65.0994
64.2240
61.4310
66.8239
62.7758
68.8134
62.3780
60.4547
54.9180
61.8292
60.9243
56.9504
61.9232
57.4763
56.3106
54.1864
58.6806
50.9604
48.7286
51.0535
49.7822
50.6555
51.2122
57.6647
56.8223
50.9623
44.5077
49.9309
53.2863
49.5148
38.1880
49.8934
51.5401
51.2756
54.1509
62.2999
58.4888
56.9904
62.2375
62.4118
45.1987
53.4779
64.6864
64.8311
58.2136
62.4649
64.9901
59.7765
60.5050
58.9396
65.0615
66.7282
64.4822
71.1489
65.1295
60.6095
66.4517
67.3513
56.2496
43.1997
43.7450
38.5992
45.2304
47.3676
49.1077
59.4338
56.2731
62.5560
43.6040
51.2215
62.8035
74.5714
61.8847
60.3381
58.1581
71.6387
57.3721
57.2445
71.9061
62.6399
64.0593
60.5882
60.4518
64.6014
61.8490
72.6535
70.6000
75.2158
60.9153
55.5741
56.8557
65.6497
58.8714
78.6188
70.8609
74.3847
66.1108
59.4977
71.0067
63.9965
60.6798
56.7356
51.0492
64.5226
47.8950
64.1892
66.8596
57.7928
53.5662
52.1931
49.0179
42.7819
42.8203
43.6907
50.5167
55.6298
51.3372
52.6510
46.6788
44.5743
44.2900
48.5013
45.3144
51.5030
53.1485
49.9515
60.2756
44.9208
53.9045
45.4632
47.9822
40.7673
47.5597
55.8174
59.0324
41.9240
44.7621
52.4948
45.8607
41.8151
66.5319
67.3763
70.9120
68.9143
68.1993
63.0979
53.9135
58.6007
66.5534
68.8849
68.9362
64.9265
64.6036
60.1560
49.1615
45.7031
44.2024
52.2501
43.2988
40.6197
41.8521
45.7876
43.7844
42.7431
46.0767
43.8295
43.0682
44.1822
43.0124
44.8631
43.9205
44.5999
45.3916
47.7472
47.2303
47.2591
41.5093
43.9776
41.1157
43.8814
46.6000
46.4197
47.0588
44.8344
48.5909
52.9159
58.9256
47.1394
49.4112
48.9276
50.4571
48.3617
47.9153
48.4340
51.0473
49.2410
50.5551
53.6249
51.3466
50.8419
49.1826
51.9159
54.4651
62.8890
61.2171
51.7948
55.4351
53.1491
50.3056
48.4730
47.5234
49.3221
49.7093
50.3078
46.8319
48.0997
64.2758
52.9499
68.9154
67.5532
67.8301
67.7729
66.5014
59.0374
67.8251
64.2324
65.4486
64.9852
70.0929
69.5757
63.4635
73.0301
66.1326
60.0579
59.3158
59.7225
74.6778
68.5020
76.7760
72.3465
68.8790
66.5778
71.0397
64.5951
56.7611
58.4718
58.0401
66.1250
60.5832
53.8647
53.4012
60.9412
53.5023
48.0517
45.8749
44.2653
41.6361
51.1218
52.3857
55.7536
56.2795
55.0893
36.6351
39.9149
39.7819
41.3264
39.9683
44.9761
42.8559
40.6270
39.8019
42.3699
44.5209
51.3332
51.6111
49.7815
50.3606
43.5157
41.8271
40.3618
40.9168
45.8656
43.0430
43.6684
42.1446
42.6049
44.4108
47.2401
42.8132
39.5918
40.2181
41.1778
39.0170
40.6913
37.3752
38.7015
41.8071
46.0616
41.3878
44.0151
41.6576
41.9738
41.1132
39.3802
39.1873
39.2769
40.3904
41.2949
39.5180
38.8946
40.2763
39.7037
41.7136
43.0064
45.6367
44.1699
45.6533
44.5707
43.5746
45.7492
44.2477
45.2387
43.8797
43.0484
45.7339
44.1542
43.8742
43.1333
43.5190
45.5515
44.6120
45.0839
43.1155
45.9763
47.6106
48.2624
48.0858
50.1099
48.9652
43.6080
52.6781
65.9400
66.4167
68.4654
72.4543
63.6272
70.1105
69.1777
71.8017
50.0848
54.4359
53.8469
52.7393
55.2163
56.1893
54.0623
57.2076
65.4728
75.4651
65.9098
69.4613
71.5111
70.7198
69.9562
67.1954
68.2609
56.9724
52.7116
62.0904
53.8570
53.2062
57.7161
62.3142
58.6916
57.0031
55.3668
56.0437
58.2280
61.1314
68.8712
56.9164
57.3892
62.9255
60.5715
61.3621
65.8717
66.7724
61.8200
63.1404
59.3597
61.6156
61.6133
62.1188
66.0763
60.9429
55.3252
56.3476
55.8160
59.7096
63.2599
57.4039
63.8706
54.3974
62.2492
58.8423
64.7411
56.5349
48.8173
58.6221
62.5142
59.6980
52.5680
57.2782
55.8998
56.4581
55.8287
53.5731
61.4702
60.6933
54.2620
47.8674
48.6217
47.2847
48.4983
51.2133
52.4538
54.5378
54.4101
51.1904
49.1317
53.0422
52.8985
54.0677
50.2817
60.4038
54.2122
57.3634
54.4986
53.4727
59.7356
55.2025
54.6878
52.3763
48.4703
54.2735
54.4180
56.9465
55.0493
51.4137
48.0923
47.7979
47.5666
44.5540
47.2520
44.1808
43.9810
44.5830
45.6245
46.4457
48.9288
49.6169
46.9377
45.6018
48.0030
48.5390
49.3020
46.9757
45.8509
45.0677
46.7597
44.1576
46.2591
44.7079
49.0649
50.9321
49.3086
50.1317
50.5463
49.3628
49.7299
50.5790
49.6697
53.1636
49.5794
49.0575
48.2419
50.8067
48.0819
48.9965
50.7132
52.0070
50.2393
52.2111
50.5911
55.9584
54.6764
47.0193
45.8222
51.2690
48.0028
52.7689
50.5767
55.2655
53.2080
56.3335
54.0852
54.4814
55.6247
57.5840
58.1803
57.3527
55.2577
54.8214
57.6407
56.3115
60.2411
61.5944
57.9261
61.6291
58.7153
62.5933
61.7771
60.9485
59.5332
60.4824
58.3097
58.2831
58.6647
58.2298
61.1284
59.5796
61.5183
60.9045
60.9092
62.0856
58.6336
58.8401
59.6442
58.8106
58.3822
59.2786
58.8018
60.4120
58.6866
58.4129
58.1407
57.2238
55.7575
57.5037
54.4877
56.7767
57.5879
56.3153
57.4063
58.8033
59.1489
58.0570
53.9098
54.9298
56.7072
54.1943
55.6658
54.8964
55.1144
55.1354
54.8367
52.7764
49.2371
50.1318
49.8317
51.8604
51.6657
50.2488
52.6410
51.9221
47.8125
46.8664
48.6596
46.6453
47.0131
48.7665
47.5017
42.9047
42.4414
45.0675
44.8282
44.0654
46.5411
52.3963
52.7796
52.7134
51.4037
52.6376
50.2943
51.9862
51.0933
50.2972
44.6354
45.5565
48.4308
47.4743
48.3624
48.6464
48.5435
50.3495
48.1231
46.7272
44.6511
47.2794
49.4178
47.1417
46.3402
43.0122
43.1194
42.0603
43.5831
42.6337
43.3582
44.0749
46.1423
45.7494
48.2297
43.5947
43.7022
43.7766
38.1761
44.0938
45.0092
44.1844
39.0289
39.0263
41.4893
41.7174
43.9436
48.4902
45.7530
48.2637
46.8621
42.5171
45.0674
46.3179
44.6434
43.5381
44.9331
46.8786
48.0532
57.2912
59.6701
55.5370
57.5358
63.6896
55.8463
68.5275
66.1423
64.7075
69.7402
67.9491
68.6290
67.0383
67.9825
63.7998
65.6543
60.8967
56.5939
55.2761
62.5987
65.4231
63.7590
72.2662
70.3518
68.5561
71.2779
65.6751
67.0000
66.1552
62.2461
64.3635
61.5726
71.0150
69.9883
70.8623
68.7821
62.7347
61.8085
60.0561
67.7593
57.7804
51.3361
66.8409
60.7659
61.2509
63.7958
64.6050
67.6404
63.7316
58.1354
69.7936
63.9764
67.1639
61.9951
57.8445
59.7525
65.9659
63.3332
53.9091
64.2925
59.4404
61.3300
70.5626
59.1878
60.1686
59.1103
62.8554
60.1073
62.6384
60.6634
56.0962
49.0406
53.4343
58.3841
56.8125
56.6589
55.4323
53.9239
60.9381
59.2131
54.0647
53.9690
59.8134
61.2445
57.9666
63.6576
63.0039
57.2286
66.2880
52.8921
58.1110
55.5646
55.7814
62.2366
56.2669
50.9500
48.2161
59.6448
54.3545
54.9027
58.3165
53.8826
60.1237
64.7759
60.8217
62.8790
65.1210
56.9963
55.7893
54.9513
56.8050
57.1895
55.9620
60.6391
59.8266
60.8899
60.7469
59.1133
58.4052
55.5098
52.8388
55.1500
52.3749
53.4920
47.6159
55.0790
54.3349
55.2908
56.6517
53.0298
53.4320
53.4540
52.9932
52.8897
52.1838
55.3101
53.2944
56.6313
61.0558
63.0962
70.1044
64.6757
71.6608
63.6048
68.6485
71.1842
67.6124
65.7796
66.5150
62.0695
61.1146
62.8579
57.4835
55.3944
50.2264
55.1784
51.7084
58.3946
55.1729
53.1520
57.3847
53.7060
51.3158
54.2302
51.1355
51.9666
53.1602
52.0749
54.8751
58.0493
52.4405
55.5042
55.2723
52.7650
52.4196
52.8243
54.2092
53.4561
55.1351
54.2559
55.4491
49.9713
50.6569
50.9275
53.4630
50.5482
52.5757
50.8494
52.5351
51.2945
50.6540
51.3189
48.2884
45.2992
46.4275
49.2737
49.5925
50.0409
48.7086
50.3355
53.0353
53.3760
53.2885
49.0135
52.8700
49.5754
52.2415
52.4895
53.1077
48.3570
47.7192
50.5963
49.8101
51.1484
52.6607
46.0652
47.4009
48.0289
50.0901
51.1980
49.0020
52.4571
52.0370
52.9529
49.1004
51.4785
50.1052
50.3641
47.1912
45.9253
49.2983
49.6636
47.2200
45.3597
46.4511
46.4462
45.1912
44.6594
49.2311
48.9591
49.1260
48.1831
45.9179
45.1007
46.7724
47.1510
48.7424
45.8640
42.8004
41.5682
46.1148
49.0893
47.8780
47.5112
46.8726
48.1616
51.6403
51.7029
52.3505
50.6118
53.7056
55.1744
55.4067
54.3602
53.9468
53.3605
54.9808
44.3292
47.5155
48.9739
46.0298
48.6920
50.2122
50.6104
51.6505
49.0860
50.6510
48.0930
48.8940
52.4649
53.8470
57.0888
56.2688
59.4039
58.0055
56.7362
55.2356
53.6235
52.8278
57.1097
55.1199
57.5184
55.9278
56.4905
53.3728
55.3244
58.2606
56.9350
58.5507
62.3373
61.0206
59.6416
58.1161
56.3125
57.8380
59.3629
58.1722
55.7689
54.4551
57.0126
59.0392
58.1217
57.8652
56.6646
54.2656
52.1638
54.5769
56.6232
62.2582
58.2872
53.8397
53.7172
52.3832
56.1136
54.7921
52.7748
51.8731
53.2260
53.5413
52.6751
54.0245
55.3189
56.6632
58.5510
57.6954
56.4230
55.2670
60.0090
57.9318
59.4795
57.1356
52.7572
58.5710
57.4346
57.5144
57.0526
55.1331
55.3720
53.8293
50.2701
56.1135
55.0409
53.7596
57.5224
58.1829
57.6046
54.9762
56.0076
54.8101
55.4319
58.6980
55.8875
54.1278
50.2135
50.0507
49.9426
49.1657
49.1730
52.6631
47.6449
52.9280
53.8401
48.6446
50.7607
46.8273
52.0378
51.8053
43.9927
44.9287
45.5895
45.1082
50.3936
47.6426
46.1680
46.2120
46.0343
47.5428
48.4646
48.7315
48.8667
48.6061
51.3482
49.3071
50.7226
49.5556
51.0748
50.0281
49.8906
48.4777
49.0103
47.6778
48.9237
48.3100
50.2146
48.8042
48.8011
47.6708
48.3654
47.4959
47.3271
52.9335
52.3718
50.3168
48.9682
44.3333
48.4735
48.7394
50.5940
50.7075
50.4907
50.7638
48.6374
51.5788
52.7684
53.0073
52.8552
50.8769
49.4546
53.6475
49.2663
53.1029
56.9238
56.7944
58.1190
54.9051
51.2795
50.1063
52.6142
54.0056
51.3875
52.2546
54.6201
54.5139
52.8649
49.9739
51.7888
53.2938
46.4014
49.8933
52.1811
43.9643
44.7960
44.0857
43.9768
46.9474
44.9803
42.9814
47.1989
47.8401
45.2785
44.0448
48.8055
50.0496
44.2652
45.4374
46.5948
44.7714
47.6511
42.1125
46.9434
44.4053
44.7069
45.4024
43.0665
43.3844
42.7630
41.6338
42.5688
43.1040
43.8222
43.0185
42.6706
43.6091
45.7319
39.4712
47.4675
46.6173
46.3696
44.5034
44.3986
41.8520
44.0931
41.7354
42.9654
40.0708
42.0506
46.1445
48.2217
47.2775
49.6399
47.0722
46.5253
49.6999
45.6225
47.4580
47.5184
44.6599
47.8273
48.0476
46.2252
48.9975
47.7840
46.9361
44.3170
44.6256
45.9125
46.7524
48.0299
45.9489
42.7450
47.1995
49.0263
51.2261
45.7796
44.9136
48.1601
47.4411
45.1041
46.3414
49.2111
49.5452
42.2367
49.0244
48.2047
49.3682
45.3248
42.2687
43.0265
43.8969
43.5820
43.4614
42.5939
40.4324
43.1332
39.7044
41.9294
41.8621
38.9854
45.4864
40.3367
43.6050
42.1688
41.1853
43.7992
41.4093
42.5563
39.2830
42.2375
47.6488
44.9690
42.9978
43.0631
39.3781
40.4448
38.1493
41.7373
43.2616
44.6660
42.5616
42.4862
44.4094
42.9104
43.3389
44.9965
45.4281
45.3723
47.0443
46.6003
47.3880
45.8636
46.6236
47.3698
48.6524
46.7717
46.4025
44.8645
43.7857
45.2544
47.2284
49.6548
48.9651
47.4850
46.7021
45.4503
46.3488
46.2699
45.9147
47.8174
45.7190
46.3454
46.0565
46.9539
50.7878
48.0024
46.0217
46.5860
44.1580
43.8553
45.3465
45.0854
45.3932
43.2811
46.7709
44.4677
46.1372
46.3858
45.1790
45.4025
45.6426
46.2069
54.2924
64.3270
67.0830
64.8727
67.0356
67.7754
68.1166
56.9091
68.7645
70.6435
66.5834
63.4546
68.7465
59.1538
60.8658
57.2582
56.0710
56.2988
56.6034
62.2659
62.0425
53.4749
55.7960
57.5797
58.2696
51.9431
51.1540
54.1971
57.3804
51.7425
54.4242
56.8974
51.8707
53.5153
53.0045
60.9170
58.9565
61.7863
56.7991
55.3509
56.5214
55.4477
58.8817
57.9576
51.9981
52.9739
50.7268
55.0020
52.9277
50.2530
48.9987
47.9401
49.4237
50.0320
52.1808
54.4426
52.4338
54.2099
52.9007
48.6651
44.4879
47.7363
44.9092
46.7368
43.9978
48.6263
46.9824
47.5112
48.4565
46.6666
47.9096
44.3215
47.4831
44.7002
44.8973
51.4516
53.3050
53.4782
56.5303
53.6236
50.0536
53.7974
50.3005
49.9666
50.7024
49.6689
57.8924
52.1510
55.6164
68.9670
78.2575
70.7870
57.6653
59.5415
73.1925
57.2983
54.8294
69.0726
72.0056
71.0772
63.5148
63.1803
63.7539
63.7843
55.2657
57.9475
55.5745
57.0634
55.7811
52.1872
47.9136
48.3396
46.4039
44.1978
51.3336
47.4016
49.1046
48.5090
44.7463
48.1053
47.6119
46.8832
51.1744
50.5277
51.9390
56.6843
56.6895
52.1680
46.5397
48.4575
49.1198
49.1757
43.2159
47.3816
45.3291
45.8788
44.5406
44.9834
47.6123
53.0744
57.9379
56.0383
55.0382
55.9999
56.0290
55.7183
56.4639
55.3771
55.9954
54.2506
57.1542
57.2359
59.3741
56.3352
58.7496
59.9681
69.8794
77.5818
75.9136
71.7706
82.3104
83.5276
74.0771
62.1460
62.2915
60.2972
71.0204
67.3654
47.6980
53.0142
48.9318
67.7399
64.0826
63.8354
69.0168
67.8895
67.3220
68.8646
60.2118
59.8663
63.7536
64.9811
56.1570
59.0859
63.5119
57.8216
56.9193
57.7389
46.9812
58.4242
63.0281
66.4872
66.8720
68.1073
74.0123
68.4151
72.3146
62.4955
63.1645
61.4894
63.6267
60.7138
61.8301
64.5717
71.4156
68.7913
64.5203
62.8904
65.6927
70.1528
68.5444
73.5715
63.4917
75.5757
65.5649
57.9699
64.3244
65.7783
68.7277
58.9349
61.2424
61.2544
63.1790
64.0680
58.0478
60.1847
62.8060
56.4685
61.2146
65.5672
68.5553
62.9257
56.5092
61.8869
60.3520
44.8244
42.9178
46.5475
52.6772
46.4657
56.2040
60.5508
51.5304
53.9215
47.5575
51.2809
58.7940
62.9387
55.5520
71.9455
51.5201
52.6000
49.1270
45.5035
51.3371
43.8406
47.4999
56.8601
55.0142
51.4987
57.5701
65.9042
64.2204
63.6970
63.1755
57.4806
60.4742
65.6229
60.2953
61.3392
59.3443
59.4913
54.9810
46.9249
45.8594
55.4678
48.1371
53.0950
56.5264
45.8792
49.2241
56.1642
52.4941
56.2448
64.3643
70.2406
65.4442
61.2874
59.2455
67.7859
58.8806
57.0105
61.7551
58.2852
67.4260
68.0975
71.1302
72.9174
63.2720
59.7778
58.5351
53.1981
60.1306
56.6787
57.5869
53.5840
58.6677
57.1307
56.6748
45.9321
49.6264
55.2203
53.1279
65.5293
60.6101
57.1391
51.4102
47.9555
47.9764
48.4164
47.1316
53.0247
51.7355
51.7604
53.2475
54.0057
52.5600
52.4130
50.2740
48.7417
54.8635
55.1678
54.9685
49.8308
65.0932
69.1831
66.0176
69.9430
66.7056
73.7894
72.3901
71.8002
69.9671
74.5345
68.5567
64.9467
69.7451
83.3963
70.5790
75.8220
76.2373
78.9853
71.8936
73.5655
73.5799
72.5279
74.3482
72.5018
68.8463
74.3512
70.8154
76.6513
75.9004
66.8609
77.6771
70.2640
61.8709
68.2356
63.2556
69.1095
65.1978
77.0809
77.9317
81.4540
60.7331
55.8943
55.0314
57.9849
56.0508
53.9887
58.9947
53.6351
52.1764
53.5706
52.4165
52.7871
54.9799
57.4229
57.5811
63.0760
59.5876
61.1064
56.5920
56.6203
58.2470
59.6529
58.2172
55.0819
56.6120
57.9924
58.7424
55.3190
57.3325
57.9153
59.9707
55.4956
53.8224
51.7329
53.6052
54.6307
59.7948
54.3664
52.6541
57.2897
56.3034
56.3030
51.1000
57.8089
52.7073
58.7683
66.1095
73.7646
71.7068
64.6744
66.9152
63.1188
71.2316
59.4293
62.8474
69.7487
58.2337
68.2272
67.5339
65.9602
74.2686
64.4967
58.3171
64.0891
62.3603
66.4169
71.2881
60.7037
69.6184
63.1800
64.0313
66.4482
71.3462
65.4632
67.5209
67.2519
73.1979
65.6278
59.1889
59.2296
61.0192
62.9616
66.3650
66.7365
64.8495
78.0357
67.9713
72.8146
74.1011
75.8092
74.3410
77.3211
63.1249
53.5568
53.8537
54.4813
49.1516
52.5868
60.2025
55.1145
50.9190
49.1269
55.7092
50.9042
53.1322
52.2022
51.3853
50.8666
50.7258
52.8421
56.1103
56.4864
49.9418
50.9150
49.0205
45.7652
51.3995
50.3016
50.5351
50.7093
64.0945
54.6818
50.2465
54.3727
49.9558
51.1197
53.7569
48.8253
48.0446
48.6256
47.5143
50.4872
53.3108
50.0216
44.5144
50.6728
50.2319
50.7470
50.7437
51.8683
50.7386
51.7630
50.0544
51.3090
54.7671
52.8192
53.6190
50.6936
51.0013
55.5814
51.8447
50.9406
51.8907
58.6305
52.2615
53.4684
53.5843
50.9917
55.3963
54.6552
53.4508
57.0423
55.9913
51.5693
46.9198
51.1963
52.4070
48.0681
40.6088
51.6878
45.4153
39.1995
47.1113
48.0161
47.2365
51.3275
58.1741
60.3825
52.9656
50.0326
54.1861
47.0390
46.1723
45.4903
44.4718
42.6333
43.6409
46.0287
46.1522
45.3654
43.2812
44.2252
43.7529
42.4861
43.4266
42.2378
41.3677
43.9396
41.8145
41.0102
41.6835
44.9040
44.1985
45.2398
49.3818
42.1041
45.2360
42.9067
42.6829
44.1874
44.0526
45.7045
43.9962
45.0003
53.8248
66.7566
53.3067
59.8156
66.0094
68.7324
71.4919
76.3800
75.9309
81.3997
77.0887
76.9347
76.4903
74.4934
77.7977
70.3349
85.7722
66.0731
66.1236
68.8117
73.3578
76.4811
77.2110
69.2110
82.1924
71.0298
78.3932
64.6335
74.7599
80.6615
84.0784
67.1785
77.3356
81.8934
74.3016
70.4414
73.3419
59.4637
59.2746
58.8974
50.7512
65.1245
55.5420
58.7452
59.8967
46.6491
53.0852
54.7249
64.1436
62.7972
62.8037
66.7548
69.2250
60.3137
61.2793
53.6472
60.1516
54.7668
51.5961
55.8231
50.9238
61.4636
54.7687
46.1551
46.2685
45.4869
48.5023
44.2428
51.8855
57.9895
54.3707
64.8659
60.1442
59.6834
64.7432
63.5198
54.5772
48.9128
46.3387
56.4527
50.0187
54.8499
54.5581
58.2317
60.9531
52.8159
50.0356
52.5530
58.6067
44.3372
42.8109
42.0704
43.2314
45.0220
38.2101
40.0822
37.7935
38.6001
39.5242
41.6218
40.4757
40.4286
38.8346
46.4742
42.8076
44.3928
43.5413
43.5708
41.2040
42.1097
43.6252
45.3792
46.5903
46.2048
44.2203
43.3819
45.6047
41.0208
37.5888
44.5540
50.0898
61.3904
66.2273
65.4320
61.7359
74.1694
56.5532
47.2939
49.6620
59.0982
69.4317
65.4277
66.6818
60.7447
84.3801
75.2982
73.2410
75.7600
72.9867
69.4908
54.7994
67.7363
70.4633
69.4470
66.2314
73.0782
67.3177
72.4925
74.7899
58.1319
64.2111
63.3216
68.0874
69.1643
63.8709
62.4599
60.5312
64.6472
64.8810
66.7536
68.9163
66.9676
59.8251
69.0589
55.0956
52.5257
55.6095
58.9686
66.3454
63.0758
61.1514
64.7505
66.8478
70.1573
63.9872
64.0781
64.7221
58.8004
66.2594
61.2277
69.4894
71.3032
74.5715
71.4304
70.4387
64.4098
66.5623
56.5162
63.9810
68.3125
65.6358
74.0593
64.0381
60.4364
58.3058
59.5317
59.0835
64.3991
65.3987
62.2790
50.4722
45.3080
45.4539
51.8231
62.9186
61.5324
52.9290
61.1153
66.9684
55.3182
50.7799
46.1024
46.6235
47.8672
45.4255
49.4958
52.2654
51.9180
48.7464
54.9113
59.1328
58.8060
60.3034
53.0056
56.5479
45.8049
56.1369
64.8296
68.0462
60.9600
58.6852
57.9154
64.4871
54.0304
56.3993
54.9630
58.6970
60.4791
59.9875
67.0252
66.1144
59.7273
64.4226
64.4340
58.2568
70.3530
60.2703
63.1550
61.8770
64.0157
60.3141
68.6818
74.0196
61.1064
65.1320
65.5064
61.8275
56.7454
65.9360
54.6184
52.0792
51.0242
60.6160
58.2825
61.4496
64.4784
62.6062
63.5871
55.9443
48.9875
71.5221
78.1002
77.8796
73.3350
75.3931
70.7246
75.3828
73.8119
69.8572
71.1474
68.1669
71.3501
64.6380
61.1955
63.8270
68.8334
67.6438
68.4989
68.2441
72.9578
66.5431
60.4900
63.7711
71.4339
67.4659
73.0710
70.8585
81.1124
82.4082
72.2959
74.4673
72.0931
78.0361
78.3904
78.0612
78.4723
75.2990
75.4415
79.9969
81.3398
79.4486
76.9011
77.1637
79.8740
70.9547
70.7492
62.3512
58.9381
63.1824
66.6239
64.3294
68.4903
68.3222
66.1896
65.6406
76.1589
66.3344
68.2355
71.8500
68.7788
69.3995
73.9259
73.4077
70.8384
77.5037
77.9004
72.6842
72.9485
78.5933
80.8553
76.6548
79.7604
76.0471
77.5802
74.1112
74.0960
74.7364
71.8995
62.7890
72.0377
68.0512
73.5292
71.1797
72.5025
66.2543
73.6726
60.9232
63.6780
58.9682
62.4702
58.5334
60.3942
56.2071
49.6750
48.5157
51.0461
49.8509
47.7289
47.8973
54.4714
47.0867
58.2328
56.7453
52.0066
70.0679
61.4893
66.5585
67.0364
56.1991
67.0425
57.9628
68.5168
64.4906
65.3694
63.2576
64.1403
64.8566
70.6052
69.6772
72.9309
67.6505
84.1984
76.9659
65.7899
49.7555
45.5882
48.5413
51.3193
52.0391
55.9434
52.6989
53.0153
53.7291
53.1076
51.5709
52.7066
50.1704
50.6856
56.0713
41.5804
53.9498
43.0811
47.9836
51.0930
43.5211
39.3138
39.6161
41.1894
41.2675
41.0624
41.4460
41.2285
39.9932
41.0265
40.0470
38.5567
40.5569
40.2264
42.9523
42.7730
37.4463
44.5886
45.4019
44.7783
44.6446
45.0435
39.9355
41.2715
42.7451
38.5059
46.8040
45.5482
42.9879
44.2882
44.3800
45.6642
43.6803
41.1408
45.2131
46.4934
47.2051
43.4272
44.7340
45.2811
48.9655
44.9813
44.8823
45.8293
50.0702
50.5022
49.6412
48.1946
48.6708
48.2316
47.2111
44.8643
47.7260
49.4627
48.5116
46.2423
47.4014
45.8284
48.1068
47.7814
50.5031
45.6817
45.0792
46.6072
47.4142
51.3000
47.6485
51.9848
48.6528
47.6170
46.5124
44.7119
43.2271
43.6407
45.6937
43.8731
38.5176
42.7560
42.7330
43.3507
42.4438
41.8820
42.3245
41.7961
40.9273
39.6819
39.1704
42.4930
40.1149
38.8363
37.5528
38.6361
37.7086
38.5118
37.2020
38.0654
37.0080
38.0985
38.5536
38.5273
37.6570
38.6960
37.9937
39.3591
38.8774
37.2911
38.7995
35.4929
38.1944
39.2729
37.5674
35.9271
36.2880
36.1131
35.5989
38.2709
40.5796
40.1124
39.5223
37.2747
37.2757
38.3887
39.3448
41.4355
41.1092
42.0862
40.1747
41.8594
38.8517
42.7096
37.7351
39.1546
38.1895
38.4387
39.6365
35.2224
38.5290
38.9728
40.2482
39.2600
40.0765
41.1522
40.7670
43.4978
41.3543
44.1575
41.4477
41.1477
40.8762
38.0913
38.9152
38.2354
39.9195
39.2797
40.2123
40.1158
38.4823
41.3093
40.4374
39.8388
38.3320
38.3138
38.6410
38.7823
38.9967
39.3117
41.5670
40.9369
40.5128
41.7137
38.6313
40.1411
38.8244
37.3898
38.2343
37.9258
39.0843
38.7852
39.4279
37.6827
41.1116
39.7129
38.2389
41.2702
37.5278
37.8810
40.6908
39.8936
39.2292
41.2571
39.7377
38.6331
38.4389
39.2655
40.7297
39.1931
38.5037
39.4100
38.7763
39.9696
39.6751
38.4371
38.2453
40.5924
41.9261
41.4720
40.2677
39.7581
40.0046
40.9447
40.5940
41.2932
39.7265
39.2526
39.9180
39.5129
41.9463
41.8098
41.6305
41.2433
40.5063
42.1216
42.3897
42.9576
43.2343
42.9227
43.4836
43.2266
43.7411
44.1113
43.4235
44.5577
44.3933
41.7213
41.9410
41.0499
43.4371
44.2647
43.7749
41.8113
43.2735
42.5722
39.5711
38.2165
38.0230
39.7500
39.3201
39.6153
40.6772
41.1632
41.3731
41.5752
44.2416
41.6028
43.4309
41.9730
41.4049
43.5703
45.5830
46.1025
45.9928
46.2831
47.2594
44.3245
47.7681
43.9461
45.1587
44.7173
45.3523
42.0589
44.5490
46.7518
48.0365
42.3633
38.9825
45.1165
47.0148
44.3865
47.7167
48.3474
46.0876
44.3312
47.4971
43.9407
40.5434
44.2335
46.7563
46.3203
51.1561
64.3627
56.1144
46.4768
50.9800
50.8490
45.7977
47.7087
45.7935
47.5126
46.2619
49.9237
46.2133
44.7705
37.8122
43.2024
46.8793
47.4418
50.6224
52.1438
47.5161
47.1724
48.6141
42.6689
46.3464
46.8583
49.6082
45.3800
45.3572
45.2971
43.4687
42.9193
44.0621
43.8367
39.4620
41.0595
41.4999
38.6446
39.3512
41.1163
38.6879
39.1025
42.1944
43.1456
43.9965
40.3211
41.0130
37.0162
38.5004
42.9725
45.5912
40.7727
36.8409
39.3679
45.6156
44.2036
42.6093
42.3791
43.0291
43.2466
40.6658
47.1017
48.7077
43.1184
43.5722
41.7909
42.5264
44.5183
43.2596
40.1211
41.5835
38.9955
38.9615
41.0108
42.6296
43.9049
41.5204
45.1848
42.1471
41.8435
45.8557
46.2804
46.3096
40.6076
40.0473
38.1335
45.4140
50.0757
47.4852
42.1275
44.8229
45.8017
43.5123
42.0817
45.6318
45.7898
46.2201
46.4245
44.8844
43.6207
46.1449
46.2045
47.1121
43.8448
46.3212
47.4411
44.8208
51.0862
46.2244
52.3961
49.9866
54.8794
55.4209
51.6067
52.3428
53.1991
51.7674
49.7684
44.5706
49.4877
46.5323
49.4012
49.4026
45.1783
48.9984
48.0108
50.5678
51.1498
48.6270
49.4932
48.0078
44.4952
43.5141
45.2378
42.0911
43.1614
38.7789
41.2307
42.9700
42.8628
41.0304
40.4309
41.3849
42.4721
41.6095
46.3712
43.2937
42.6433
40.8126
39.9793
40.1629
41.8030
40.7531
41.2103
39.6329
39.8545
38.3919
40.8574
42.6286
44.6698
44.2183
41.5289
43.9451
42.6182
42.4875
40.9255
42.4215
48.4360
44.3341
41.2390
41.0080
39.9593
38.4957
41.9256
41.5597
41.6388
43.4715
44.8819
48.1916
45.6231
48.5556
44.7633
40.2080
38.7425
39.1404
39.5929
35.9058
35.4738
36.2504
34.7986
36.2519
35.9272
37.0482
36.1058
39.2047
35.9611
36.5451
38.7878
42.4510
41.0972
43.4471
44.7611
47.6186
47.2756
42.5846
44.4919
49.4556
49.2091
50.4957
47.2135
49.6607
64.0906
62.5843
58.6052
71.2254
66.5834
63.9175
56.4362
58.6233
61.5893
53.2845
60.7002
54.2039
59.0879
51.0925
54.8452
60.7639
61.4585
61.3517
62.4525
54.1371
57.6796
56.3790
65.5322
63.0406
62.3540
61.2331
62.9873
65.5144
74.2572
70.4509
75.8779
67.3063
70.2462
83.6167
73.5702
81.9177
63.1331
70.5094
73.8591
72.1534
66.9875
63.6125
78.0581
70.2573
71.0203
81.5058
75.5686
80.4436
77.3394
65.3023
69.6610
68.3117
73.7368
78.2475
55.6587
74.7577
76.0758
57.9793
62.5322
61.0856
56.8576
55.2881
58.4560
57.2795
55.8384
53.2562
53.1713
56.3757
55.7861
58.2386
51.9074
51.8703
56.9914
54.2883
56.4544
51.7248
55.1952
53.1981
49.7722
55.3346
53.4826
53.7672
54.9452
64.0694
56.5109
57.9657
55.0176
54.9563
53.8985
52.3751
54.7663
53.8231
59.4321
55.6219
53.6992
51.2646
52.4839
61.3160
59.9460
53.4903
52.0838
57.4617
56.1790
53.1779
52.0943
54.4647
48.8255
50.2193
50.7218
56.2113
49.3517
50.4686
48.9781
51.6564
48.6498
47.6745
49.6096
50.3855
46.4025
47.1923
50.4745
47.0278
50.8065
49.8837
45.3537
42.5825
41.8816
44.2138
47.3480
47.4201
57.1281
56.0733
62.8748
68.4674
65.9468
59.5112
52.7809
60.3736
64.5956
59.7760
67.5094
52.0944
52.0503
53.5458
46.3354
62.3372
55.9146
52.2546
50.6004
58.4247
52.8124
52.6330
45.9859
44.9740
45.7762
43.8390
44.6246
44.3293
44.2320
44.0046
39.5880
40.6102
42.6511
43.4821
46.5612
51.5682
42.6236
49.4008
46.6290
46.8687
41.7392
54.5962
55.9853
53.7113
58.1869
44.3162
40.9695
37.6349
36.5881
38.3707
40.5435
45.4132
50.2838
45.4747
42.9425
38.2922
40.1203
41.8391
38.7918
37.7139
35.9183
37.1539
39.8023
43.3525
42.2369
39.7947
41.5903
37.8623
41.6112
43.2722
43.9144
46.4825
45.9846
47.8831
47.3397
44.7988
45.7829
45.2271
47.7823
50.5893
51.6825
51.4885
52.2314
51.3802
47.0071
49.9429
46.0008
46.8862
42.9545
46.0641
47.2162
46.6579
50.4771
47.7360
47.8553
50.7543
52.6882
48.5129
47.7875
45.5023
42.6608
44.1627
48.2625
46.0590
44.2517
43.0061
42.4088
41.8081
43.6511
45.1091
43.6915
45.8487
47.1895
49.1649
49.2270
52.4411
51.9399
54.0451
54.9930
50.0356
51.0771
51.1911
53.3693
48.2794
54.7734
52.5058
52.1861
51.5429
56.2355
57.6757
54.9322
54.1679
57.7564
57.6373
53.0249
54.0911
52.9730
54.7319
49.1738
57.9063
49.5555
49.5223
50.0449
54.7905
54.7321
53.3883
51.1875
50.9405
56.1165
53.4044
57.1610
54.3874
54.9358
48.1342
54.8372
51.9293
50.5261
48.9174
45.9649
50.2091
48.1386
48.2625
48.8111
48.1763
48.7203
52.4406
49.8858
43.3452
45.9372
51.3796
51.7302
48.0936
48.7796
52.0308
46.8187
48.8194
48.7542
48.3842
48.0638
48.6637
52.3567
53.1678
51.6387
52.0564
51.7470
50.3091
49.3019
49.8577
51.8722
51.0729
53.1783
53.0600
53.2427
49.6260
49.9273
50.4556
50.9895
47.2658
46.5776
46.4592
47.6615
47.9080
48.5157
52.6585
47.6409
46.9694
45.4073
47.5799
44.3474
45.5860
44.6149
45.4553
46.1330
46.1843
46.1848
46.4904
49.9402
48.8562
49.4160
47.6446
48.0543
48.5163
48.9030
51.8386
50.1202
47.2542
50.4910
56.6957
50.6659
48.2917
49.0800
46.8911
46.9512
49.3785
45.5840
44.6724
46.9268
45.1270
46.4705
48.0670
46.9096
43.7678
43.0915
43.2850
44.0551
42.5647
43.9813
41.5738
44.9999
42.0192
50.2052
47.2640
42.7830
49.0962
46.3485
49.0787
46.0821
44.5861
44.2298
42.6718
53.9545
49.3584
57.4314
55.3662
48.8652
50.5092
49.4055
45.8405
43.3614
41.7962
44.0852
45.1885
43.4141
44.1986
44.0068
40.7983
40.1404
40.6931
41.0595
39.4332
40.7401
40.1084
39.2433
41.2621
42.4385
45.7181
44.5670
45.4439
45.8937
54.6474
48.1837
47.8307
54.8652
51.9184
54.2991
54.6020
45.1773
54.9516
54.4720
52.3521
55.5974
57.2581
52.6704
45.3437
46.1720
49.9397
48.7038
45.8078
47.3494
45.8616
55.1956
52.7341
53.7198
58.2853
58.7875
62.7429
62.2663
62.3398
63.0389
57.9263
52.7721
53.1878
55.8414
57.6640
49.3996
49.5379
53.0823
54.0127
55.7334
56.1858
55.4872
66.0778
67.1284
64.4009
62.9532
64.0475
61.8442
60.9084
65.4771
62.6188
67.5276
64.1196
63.5157
56.4759
61.3865
55.2529
53.6994
54.9418
54.3887
53.3539
56.3779
52.1753
50.0917
50.3972
46.8689
46.8990
45.7372
45.4912
43.3929
53.9286
64.1299
67.9247
57.4375
48.3718
57.3472
54.6106
64.6612
72.8066
64.4834
64.8709
56.0369
54.2281
57.1909
57.2084
62.7317
59.7608
67.5447
63.0914
57.2523
60.4553
58.3752
59.0935
66.2213
66.8144
67.9692
73.7746
72.0804
74.3039
69.4763
64.8419
71.5565
63.9652
63.1586
70.1651
67.4478
57.7074
59.5357
58.8623
56.1847
63.3860
61.4751
58.9719
62.6846
71.7091
68.5356
69.9873
62.4868
58.8450
58.8558
65.4494
65.7951
61.3318
54.7572
64.2228
47.9478
44.3598
50.9361
56.8851
56.6358
57.1572
61.7981
52.5572
57.4105
62.9286
62.4949
54.2033
61.8038
59.3861
62.5507
54.2096
56.9107
49.5394
53.9812
50.7371
56.2516
54.1852
54.7513
53.4969
54.2635
53.3492
50.1078
51.1515
48.5707
55.4543
47.8948
52.0068
52.7718
58.5924
53.2687
51.3764
53.7687
48.9225
55.4467
50.2142
48.2734
48.0265
41.5997
46.1124
48.8614
52.3142
48.4989
52.5072
48.4343
54.6547
52.7168
57.8344
53.7221
45.7478
46.8206
56.7466
55.0074
48.6884
46.8836
43.9991
62.0692
57.0002
61.5408
59.3246
57.9796
58.7469
48.8635
45.1796
47.5735
51.1527
49.5132
49.8971
45.6577
44.4276
43.2043
45.0148
45.8707
43.3753
44.9161
44.8770
48.9285
43.0063
44.3929
42.5379
44.8931
45.0265
46.4854
45.3096
45.2667
46.3717
46.6486
51.0367
48.9283
47.0893
49.3211
49.3636
48.6469
44.9245
41.6953
46.2381
44.9079
46.1994
44.5066
45.6239
50.5866
48.3463
48.8136
45.4825
49.3715
45.0774
52.6444
52.4356
57.9509
59.5990
54.4713
51.0485
52.2161
48.8040
49.5471
48.7693
47.0551
49.7120
48.3608
50.0217
46.9360
46.6766
49.0877
50.6408
46.1638
49.6759
49.3363
50.2895
46.8458
48.7479
48.5355
47.7489
44.9637
47.7981
45.6015
45.4192
46.0204
43.3286
44.1025
44.1339
45.7322
44.3823
45.7744
44.4912
42.4698
41.1352
43.4639
44.5129
43.0086
45.0962
44.1531
45.7565
45.0831
44.9305
41.7005
42.9413
43.7041
43.7373
44.6137
42.5791
53.9833
48.7423
48.6247
50.6209
51.0672
54.7609
53.1637
55.8233
51.2121
57.9592
55.1755
53.3912
51.4423
51.7404
53.8982
56.1182
58.6721
55.9247
56.2191
55.6373
54.3445
56.2104
58.0169
54.0620
58.0415
55.9601
58.0091
54.6567
54.8109
53.9313
49.1799
55.0776
56.1023
52.7929
57.2703
57.4667
56.5282
57.0989
55.9634
51.6407
52.4859
54.5165
55.8003
57.4970
57.9191
58.1861
57.0977
56.8582
57.1162
57.3411
57.0655
56.5853
54.2205
56.5583
55.6625
46.4363
49.9484
58.0519
57.8974
60.3888
67.8781
62.2283
58.5939
62.9166
61.5175
62.1112
65.8879
65.2158
62.4334
64.2144
59.0753
64.4554
63.1400
62.2969
61.6791
53.3410
55.7783
55.3875
60.2472
67.5246
65.4210
69.8831
60.5699
61.9368
61.3269
59.8005
59.9874
56.9203
54.5888
58.4862
64.0531
57.0967
51.3849
55.3489
65.5915
53.8092
47.3514
46.0119
53.3037
54.3169
58.7856
67.2277
70.4075
56.1836
51.5467
58.4512
54.0931
59.5881
59.5103
62.0122
67.7853
65.0582
61.9970
58.8179
58.5486
54.6498
59.7658
64.0865
59.3462
62.7516
63.8440
69.1926
55.1613
49.0013
52.3351
56.8349
48.7476
39.4299
49.6218
51.2656
53.4526
56.2290
55.6566
54.1468
48.3074
46.8154
54.8947
48.2858
58.0313
58.0808
64.2524
59.3977
55.6997
53.3744
53.0383
55.2143
65.0828
65.9345
58.6826
59.5140
64.5509
65.1996
60.9671
59.0530
54.4630
54.8661
56.6796
54.4396
61.9055
54.7890
56.2225
58.9686
58.5266
62.0645
55.2252
61.7328
61.2160
52.7677
59.4325
55.6151
55.8654
62.3451
65.4132
65.2809
57.9719
61.6067
57.4573
66.9053
64.2084
46.8024
49.9969
52.5799
58.8218
54.4782
61.1748
65.4374
63.9070
61.0724
49.3964
53.8849
56.7660
54.8615
47.4152
49.8232
68.7497
62.6639
68.0020
54.5666
58.2209
48.6330
52.9559
58.8634
49.2671
47.8394
49.8696
52.0522
60.0786
65.9764
58.4391
59.7125
57.2927
63.4883
60.4501
66.9837
56.9857
68.5297
76.6148
63.5585
68.9043
81.7407
67.7635
64.8902
60.1475
50.8550
59.4178
58.9625
60.1180
59.5435
55.4304
51.6945
67.1052
56.1053
55.0896
62.6668
59.9563
61.7559
71.1144
63.2418
68.9852
57.2800
61.4212
56.4119
63.5268
55.5007
52.8130
52.6280
55.9385
48.2728
57.7645
54.1394
57.9042
57.4701
51.1652
59.4385
55.6959
57.9678
59.5288
66.1321
62.4809
52.6508
62.0364
61.9300
64.4660
52.2440
52.2575
56.5592
60.1347
54.0659
51.6159
58.4654
57.4234
56.4462
64.6994
57.4043
41.1156
40.0861
39.4720
44.2486
39.0987
44.5194
42.2098
40.7615
46.9850
47.8959
61.7472
55.0160
50.4314
55.9302
48.4672
42.6347
44.7431
46.9895
44.5192
46.1594
51.8757
49.3033
60.1800
55.8398
62.1559
56.5581
57.8952
62.0748
54.2344
52.5155
59.4712
62.2956
57.2466
49.2793
48.7872
46.7512
55.9313
60.4475
53.6720
63.5462
63.4469
69.8607
65.3638
56.4091
61.5351
62.4970
56.2239
66.2470
62.0030
64.0889
56.7970
61.3565
57.0531
52.1277
56.8509
64.8967
55.6544
56.0435
55.0595
54.3217
59.2374
62.8171
58.3463
54.4744
57.6460
55.5118
56.9503
52.6242
53.8115
52.1354
53.0853
52.4468
45.6771
45.8020
47.7679
50.8454
51.9881
48.2123
49.9163
47.2504
49.1846
51.0271
48.6170
46.0753
48.8093
48.9513
48.3993
50.6320
47.9231
51.4628
63.8453
57.5360
60.2051
63.0468
61.3284
64.3026
59.6959
64.2072
52.3626
52.3729
57.7699
65.9374
57.4458
66.1731
64.7989
68.5573
58.2668
60.8685
55.3595
57.2979
58.1354
56.0902
70.9110
62.2212
65.7507
65.0507
64.0467
53.3100
54.2954
55.8549
55.2037
65.1299
67.1974
68.8672
65.6208
57.6131
49.5468
51.6827
48.3532
44.5705
47.8321
46.7614
48.6643
51.9758
56.7592
48.9638
48.1437
51.4239
66.8286
60.0344
48.2541
60.9546
55.7192
59.1281
60.9859
58.3843
62.5715
57.4907
56.4837
60.2286
64.4983
68.2119
51.2441
61.5165
65.3819
60.5273
66.2847
56.0384
49.5398
51.3924
50.4959
51.0558
53.5710
52.4070
53.0506
57.4744
66.9176
63.8939
57.5663
51.2116
57.3889
59.4749
56.3191
60.8694
64.6519
61.2053
58.0109
55.2328
60.6886
54.1364
54.5363
56.6355
51.2942
49.6761
50.0469
55.0004
56.0969
53.0333
55.4111
58.6154
51.0231
49.6316
47.3559
46.3085
46.5361
47.0569
45.8893
46.1843
48.4577
50.0164
64.2434
55.5543
55.3140
65.1477
73.9724
67.4075
77.1535
67.1838
63.1358
66.2955
67.8593
44.3241
47.0884
60.0645
53.5617
53.7460
65.1248
56.1015
59.2297
64.7994
69.3111
55.0717
55.5420
49.9687
48.9494
48.1101
44.0323
43.3930
44.7118
43.1741
47.9561
48.6829
46.0660
39.7058
49.9449
49.4761
43.6844
49.0792
47.4605
54.5624
48.1937
42.8190
45.1866
47.3979
44.6144
45.7392
45.4929
40.3741
43.8263
43.8931
46.3822
49.0439
45.1843
52.2287
52.4743
48.3820
48.1994
49.1515
50.2923
51.9143
49.9977
56.4997
53.2920
54.3054
51.5614
54.5395
50.9868
50.4090
46.2871
48.9707
48.5401
44.5569
45.6893
46.6270
48.0129
43.3838
43.6982
44.0375
45.4947
49.5124
47.3835
45.5247
47.3640
50.3694
50.0079
49.8673
49.5073
47.8661
49.7763
42.1578
42.7724
45.7816
43.8006
43.7629
43.5625
46.1028
50.8350
57.6978
55.6007
52.5069
61.3794
53.4134
58.1149
57.5555
68.5197
65.6955
69.4334
66.4628
59.8270
52.4225
44.9004
44.9377
45.3738
48.8000
52.3695
51.7557
50.5406
45.1146
46.6625
43.6212
47.2412
45.0547
40.9101
48.2901
47.7547
46.7626
50.0063
49.8590
48.3915
49.0707
50.5623
58.2299
63.3904
59.2384
57.0265
48.9186
50.9975
47.7012
51.8331
47.2947
51.0394
46.8816
46.2558
51.3818
55.4524
46.3448
64.0907
67.7934
52.8255
60.6306
70.2331
55.2681
54.0865
51.2123
49.8303
51.9170
50.1666
50.3095
41.4091
44.3201
51.5126
43.9851
46.4347
42.9151
43.9969
42.4971
41.4378
43.9019
47.2815
46.9087
44.0790
45.3119
44.3395
44.2449
42.9276
43.8023
41.5437
47.4504
47.4077
49.0064
51.3057
49.0352
57.1783
68.8681
61.6293
54.6276
52.2434
51.9014
55.0228
58.4518
54.1578
55.4975
55.1438
50.4745
55.7915
52.8179
59.8570
56.8307
55.6490
55.4501
56.4151
49.0331
54.9626
47.1166
45.0894
59.2465
58.5694
67.9025
62.3195
40.2522
41.3425
42.7900
42.2508
40.5556
40.1603
41.8842
45.9538
44.4388
43.0521
49.2308
42.6750
48.2974
42.2700
40.7848
39.8916
43.9374
47.9713
46.8051
45.1839
43.2206
43.8109
44.2259
47.2595
42.5773
39.5023
40.1728
44.4579
43.5535
42.9386
43.0798
43.1383
43.6412
44.9381
41.7061
45.2567
45.2855
43.5130
44.1448
48.7243
47.7314
48.9049
50.4191
48.3762
46.5618
49.1347
51.0793
50.3304
47.2178
47.3578
45.9935
46.9886
45.0678
44.9481
45.9307
46.5102
45.6352
42.9030
44.8022
41.2731
40.1876
42.2533
42.3173
43.6687
43.3177
41.2092
44.3236
45.1931
41.9475
44.5586
47.0720
44.5990
45.2148
49.7226
48.6864
48.2737
45.6767
50.5026
49.6272
49.0474
48.1054
48.9991
47.2832
48.4583
44.7977
45.0528
49.0120
47.2430
48.5336
49.4737
51.5829
45.1034
48.6532
48.4984
48.0395
45.5763
46.7581
44.0306
42.4865
44.0649
43.1318
44.0159
41.0221
43.0644
41.9983
41.7147
43.2407
43.7897
43.9484
44.8817
45.5185
45.7639
46.4099
45.5326
43.5471
44.8234
44.7758
45.7430
45.5427
43.0946
43.9465
43.3923
48.3908
48.6172
43.0347
45.6482
49.5863
51.9939
50.2480
51.5726
49.5037
50.2334
55.8622
48.8799
50.3242
48.1068
51.9060
50.0191
51.2276
49.0101
49.8940
50.5361
50.1448
50.1845
49.2910
50.2871
55.0448
55.6055
50.9343
49.9754
54.9095
58.4867
48.6810
51.0390
47.8777
49.5725
50.1438
48.2115
48.6084
48.4676
54.0700
49.9560
47.8813
47.8557
49.0419
50.4052
46.1654
47.5395
49.8086
48.0220
49.4106
50.5296
49.9431
47.7054
49.8173
44.7789
45.5035
48.0777
46.9650
44.7930
42.4801
48.3255
44.5159
41.3381
41.0097
42.3497
41.0245
44.8263
44.3472
46.5382
48.9530
49.4232
49.1586
48.6135
43.1258
45.5747
45.6754
45.9757
44.4134
43.5742
44.1514
44.7325
45.8278
43.4936
43.4427
47.1975
45.7483
44.2080
44.0643
45.1251
43.8823
45.7580
41.2544
40.6655
40.1424
43.9804
41.2756
45.7732
46.0963
51.4163
49.2362
47.5808
47.2271
44.7990
45.0831
45.5083
43.2232
48.4840
45.1117
43.8509
45.3955
44.9147
46.3380
43.9924
47.1029
45.8244
47.2779
44.4612
44.6042
44.3666
43.9954
42.4349
43.8579
49.4081
46.0979
48.1052
48.3192
44.0823
41.6871
38.9888
37.7720
41.0885
43.6034
43.2902
46.0487
43.6669
42.9300
41.7633
39.1213
43.0284
45.8261
45.3710
43.4670
42.8243
40.5684
40.1961
39.9983
39.0183
39.9711
40.5427
41.7641
41.5929
44.4538
43.0089
44.6530
45.8336
45.3887
45.4170
42.4957
44.0341
43.7303
46.1565
44.6188
44.5322
43.2199
45.6633
44.6444
45.2335
44.3578
44.8178
44.6226
44.3858
44.8263
45.4181
44.3919
42.0491
44.5742
45.1314
47.1509
45.2347
46.6740
47.4645
46.5300
44.8909
44.8114
42.4376
40.7662
40.2536
41.4630
41.7129
42.0797
43.9895
43.5508
41.5515
42.9984
38.3984
40.0618
40.0031
39.0234
39.5575
38.9922
40.4533
41.6223
38.4128
40.1746
39.1187
38.6975
36.3610
35.8518
36.1199
40.0216
38.1926
38.6873
38.3840
37.9554
37.7935
39.2958
39.0268
39.8540
37.2585
38.4490
39.5123
35.7048
35.2964
35.9365
37.5726
39.3315
36.0340
43.1216
42.1393
41.1062
41.1681
39.5695
42.1191
43.0921
43.9864
42.2607
41.3812
38.6525
41.7992
40.9427
39.7439
42.0874
39.8641
39.4813
40.6388
41.5995
42.5269
41.6379
42.3513
42.6937
42.3276
43.7445
42.4173
43.5354
42.9952
44.3813
43.5752
39.9713
41.7920
41.1698
40.9395
38.5929
37.0930
37.6087
37.5178
36.6753
36.1840
36.7739
38.7321
37.8933
35.3666
37.6691
39.9049
42.0250
40.2498
34.3413
34.3703
34.9098
43.7820
40.5615
40.4651
39.8039
38.9217
37.5308
39.2965
38.7766
37.0068
39.6937
39.2156
41.8880
43.9888
43.0692
41.4682
44.7940
44.9151
44.8077
41.4147
46.1080
47.9001
49.0108
47.0480
46.0774
47.1299
45.9397
44.5899
43.4438
42.5910
42.2862
43.7441
42.8482
51.5598
49.6795
49.4909
45.5029
47.1219
45.5312
43.5755
45.8160
43.8410
40.9170
39.0905
40.8734
43.3376
41.9780
41.2278
42.3437
43.8756
43.2684
44.2501
45.0593
44.9453
48.1722
47.1537
44.7984
45.3857
48.5334
41.0595
42.8940
42.5993
47.1602
48.0192
47.7467
47.5035
47.1866
45.3279
44.4603
45.0164
43.8802
43.4162
45.7055
45.5020
42.3565
45.1898
40.3767
41.9783
42.2343
43.0616
42.1172
45.3584
46.6469
48.4356
47.5634
47.5781
45.5922
46.4861
47.3752
46.6282
48.3506
44.5298
44.3002
44.8590
43.5173
42.4712
43.3580
41.7703
43.0077
41.0116
43.3531
44.5979
44.7130
41.8876
47.9138
41.7613
42.9410
42.9402
43.5250
41.9422
41.5603
41.6218
47.2260
45.1942
47.0873
45.0422
43.7313
44.7937
44.9766
43.0000
44.6788
47.9564
47.8572
54.3151
61.5659
61.6197
61.1906
59.1047
56.3170
52.1525
47.2741
62.0922
56.3046
47.3415
45.6160
64.3814
61.8088
66.1789
39.7792
43.1010
47.5777
48.8185
45.2607
48.6909
48.7338
49.6082
47.2081
45.5130
43.8649
44.8580
42.5759
42.2986
41.1930
44.5395
42.6890
50.4875
50.8308
55.1962
63.9689
47.9367
50.9215
56.6714
65.3124
58.2108
66.8221
62.1402
65.3481
67.9309
53.7328
55.3780
69.4049
59.5767
64.1648
61.9405
69.9046
69.9807
64.7327
62.5211
61.5103
72.5225
68.3400
81.7140
81.5539
69.3401
71.5728
51.3099
47.1334
48.3914
50.9983
51.9276
52.9696
54.6230
54.2697
48.5015
53.5008
52.5736
46.3659
51.8465
54.1167
52.5962
56.4939
66.4302
61.1791
50.9798
45.5623
51.9032
46.0795
47.6354
45.5653
45.6221
48.4343
45.5182
45.3246
44.9732
43.5592
42.6767
43.1772
42.4939
43.1768
39.5157
37.4257
40.5357
40.5280
41.5527
43.0782
41.2863
44.4154
47.1316
50.8873
45.7893
39.9746
44.6287
40.4541
41.7506
46.8389
42.3220
42.5203
41.4044
38.9813
42.7588
42.3248
45.3727
46.4585
46.1660
45.3246
50.1968
63.5548
68.5705
61.1708
62.8212
64.1318
55.8482
59.9277
59.8268
55.6288
59.8774
59.1793
59.3673
43.5149
53.7781
64.2540
59.6135
63.2944
56.7777
55.0752
56.7019
63.1065
52.9942
61.8845
48.0430
55.2245
51.5520
53.4401
54.7378
53.5693
50.6159
51.0801
50.8784
51.8483
50.8744
49.3787
52.3582
51.6717
52.5302
48.2243
48.2089
46.0826
45.9501
59.0961
57.1106
58.2511
51.2940
65.5966
64.0324
62.8599
58.6849
53.1945
55.9580
54.4652
58.3218
65.7551
52.2543
44.5261
49.9577
48.5904
49.9324
51.0296
48.5280
50.5701
55.0297
54.0068
55.8099
57.8188
56.8069
69.3181
68.9704
74.0757
70.5645
60.4484
66.6974
76.6901
77.1131
74.4588
62.3487
53.5400
57.8372
59.4533
59.6698
61.9450
61.7459
61.6332
58.3130
61.1538
62.3035
52.0806
64.3084
66.9645
61.0764
59.5588
59.1351
62.2661
59.1328
57.9800
57.2275
61.6561
62.2093
60.7518
60.6971
69.4682
59.4994
69.0382
59.0943
61.2831
59.0405
66.1438
64.0538
62.7371
55.9258
63.8619
50.5391
50.3840
51.0818
52.4880
50.6051
52.6670
57.0358
55.9869
54.7268
53.4794
46.7783
41.2051
42.0786
44.5301
40.4201
44.3441
55.4477
47.9481
55.0954
53.6718
55.1230
48.6640
55.5804
51.6120
53.1031
53.7348
52.7347
54.4454
61.7091
57.9494
63.5469
71.9240
59.8129
57.5706
58.8239
46.8464
58.7706
62.6641
52.8815
55.1783
52.8509
55.3112
46.6249
50.2328
46.5101
45.3915
54.3162
47.7530
46.2258
39.1037
39.0340
45.6291
52.2493
41.9387
44.3962
45.7911
44.4759
41.8249
43.6067
44.0811
43.3120
50.1032
52.7758
53.9172
54.9082
54.2864
55.4609
54.0490
51.7963
44.4714
47.7113
51.5458
51.6590
53.9372
56.7694
65.0773
61.3392
57.2433
55.2564
66.7963
61.7742
57.7349
62.2086
62.0551
67.4364
63.4481
65.0057
56.8840
62.5036
62.7978
65.3453
56.3800
64.7849
59.0831
61.6044
58.4835
55.5724
55.8711
59.6933
59.1205
54.7406
56.8699
62.7932
53.1502
61.7287
54.2922
49.8338
50.4345
53.8794
56.8992
52.9327
51.6856
62.1124
52.6956
56.3840
62.5074
57.4768
51.8808
61.6180
59.0633
51.0227
42.1232
53.4072
52.4923
51.6466
52.7408
47.2291
48.0804
46.6436
43.4463
50.5925
42.4007
40.5204
39.4261
42.8561
44.1604
43.0717
49.8880
45.0238
47.6801
47.3702
46.8118
44.4886
53.8878
48.9696
49.7880
46.7978
45.0359
42.8780
44.1794
42.5531
41.4105
40.4713
41.6011
38.1459
37.3621
38.0923
39.8253
42.5508
40.5979
39.5170
39.9205
44.4416
39.6237
41.0667
47.0680
48.7312
46.0895
44.0260
43.4726
43.9180
45.1779
46.3976
44.9545
45.2651
44.6478
42.9279
42.7536
42.5921
43.8848
41.6316
41.3807
44.4535
43.8149
46.5845
46.5710
46.3668
45.5792
52.3127
50.7671
48.1288
51.5258
51.2073
47.2706
44.0152
46.5313
44.5302
45.2062
47.2406
43.9885
42.7403
42.4590
43.5073
43.8824
41.0542
45.6450
43.8943
43.3775
46.1640
45.5870
49.6841
47.6019
46.4291
46.7450
47.9269
49.8211
49.7738
50.0340
46.8103
45.5543
50.6159
43.9561
42.1103
41.9564
42.6922
44.8339
53.1958
50.4964
54.0990
52.1179
49.9244
47.9304
49.6605
47.6008
49.5744
50.5294
47.6009
48.9150
49.5000
45.7095
43.6773
44.2281
42.6320
48.7474
54.1006
60.2560
59.5734
56.0096
57.9573
55.4585
45.5498
42.0017
45.2332
43.3562
45.9072
43.1951
45.3030
47.0020
61.3372
64.2186
59.3208
47.4428
53.9278
47.8096
48.8440
55.6017
57.7228
47.1790
45.5828
53.3556
56.2260
61.8672
55.0423
59.9150
56.7874
54.2958
66.3404
57.7776
62.5047
57.9321
61.9439
52.1872
54.9943
60.3117
65.6101
56.4616
54.1951
56.9025
54.1979
56.4986
49.7861
51.1468
54.1520
53.5517
52.6003
51.5098
51.2178
49.7627
49.4999
54.6128
54.1743
53.5660
54.7648
50.6849
53.1963
49.8336
53.4796
54.2542
54.3101
57.0040
58.1965
57.8938
61.1578
58.6644
56.9254
57.6390
62.3372
67.8439
61.5215
61.6961
70.5485
59.6981
72.8152
48.7484
57.0737
66.3076
68.4888
69.8986
63.4856
69.3696
70.0909
66.0145
64.2668
63.5901
68.8431
62.3436
46.8123
61.3067
67.1777
53.1935
52.6033
65.1532
54.4271
59.8045
66.1784
55.7582
59.4254
58.9894
41.8514
59.8840
52.2251
51.1064
51.6431
54.8672
44.4920
51.1179
48.3798
45.5895
44.8349
45.3092
46.0223
46.8567
44.4774
49.3414
48.8409
57.8231
62.4811
48.1778
55.1939
56.5669
50.0450
51.8890
55.4542
53.9411
49.9881
50.0509
44.7227
45.3230
43.8001
40.9267
48.6152
42.2041
44.5615
45.6211
46.5426
51.2789
52.7144
55.2067
54.1147
52.9178
50.7616
48.5838
44.4503
53.0522
55.0528
49.4135
49.1863
44.8068
42.8554
43.7160
43.2629
40.4808
43.4481
39.2177
43.1803
45.8682
48.6761
49.9572
49.0641
44.8267
51.2268
50.8856
52.4787
53.5091
48.3049
42.1146
44.6303
48.3799
50.6631
50.6244
49.7264
51.8671
49.2356
46.2449
49.3541
51.0861
50.7753
52.9005
55.9880
47.5338
46.4368
49.5167
42.6035
45.1037
41.5406
44.4946
46.6902
44.7940
46.6409
50.4936
51.4403
46.5289
49.5181
47.1120
50.8389
50.3039
51.7708
47.2343
55.7683
50.7103
59.3965
66.5996
61.9125
64.1474
69.1895
68.4470
65.0957
63.0621
61.9361
62.1492
63.0462
53.3351
55.8387
50.0175
64.6540
65.6676
65.0300
64.4541
63.4170
64.4137
72.7362
71.3825
70.0357
59.3425
49.8514
51.9829
55.4619
56.6878
55.6259
57.0108
63.4213
59.4750
60.2295
60.3943
55.4068
60.9698
68.5088
51.8767
59.7911
62.7831
56.5929
53.1326
53.8476
61.5334
56.6923
62.5355
63.6071
62.2310
65.5568
57.6380
62.8502
64.0614
57.8592
60.4599
58.3700
52.0920
52.6738
55.8058
54.9035
63.0246
52.7914
40.6679
51.1561
50.3707
45.4349
47.0788
48.7366
60.7560
53.8697
48.4475
53.4809
45.8239
49.9134
52.3386
47.4037
49.4696
53.6239
57.6711
45.7320
52.6116
55.5659
55.6579
63.0523
54.8968
56.0151
48.6618
47.4812
54.4314
59.2992
56.0835
55.6653
55.0313
57.9080
61.5003
57.2330
60.9427
57.8938
56.3731
62.4833
51.4449
49.1728
54.1922
52.1158
51.9256
57.8880
58.5232
54.3811
50.9226
53.8665
53.1899
47.7096
47.9264
47.3319
51.2217
47.0797
46.9849
50.4668
49.9222
44.8364
50.5851
52.0265
53.0994
52.0724
55.0962
52.9843
51.4349
54.4962
51.0902
50.9785
50.4208
48.1294
55.3059
62.8227
70.2466
41.3764
49.1785
49.9546
48.8116
44.0983
49.7043
43.5021
42.7933
43.4165
46.1563
53.5411
52.4839
50.1741
53.8025
47.6077
47.5803
48.5040
47.8661
47.0576
45.3056
43.5286
44.4699
42.9005
41.3649
44.5407
46.1249
44.1225
45.9487
44.4558
45.2596
46.9067
45.8390
48.5160
48.0022
47.0458
50.6014
50.3913
47.5244
47.4780
45.1665
45.4663
41.7837
42.3291
44.9929
41.2312
41.9405
43.7112
39.8105
41.2285
43.3410
40.5327
39.7843
41.4469
41.4657
40.3697
41.5082
40.2949
37.7177
41.3545
37.4397
40.6905
41.0756
42.5115
40.5575
38.9449
43.4534
44.6575
43.8547
46.7403
46.5566
44.2725
44.9173
45.7655
44.5873
48.1756
44.4256
46.6175
48.2270
51.6698
53.5189
57.7130
47.9499
52.8242
51.5050
42.6116
42.6628
41.1707
48.9869
49.4451
48.4205
51.4085
52.9109
51.1274
53.6720
49.0450
46.0799
47.2566
47.2836
47.8151
44.0156
45.2105
40.5373
44.6338
44.7264
38.5964
38.2803
36.7823
35.1296
46.0458
45.1487
45.5823
44.1799
41.3213
44.1704
43.3115
45.4853
43.6764
49.5348
50.6688
43.0868
44.9389
46.4779
47.3753
49.4509
45.6543
45.1108
45.0230
44.7915
43.9798
49.6835
46.5339
49.6709
49.1569
49.4306
53.5735
51.7030
45.1383
47.0661
55.5794
60.9687
56.0520
49.1980
46.6170
46.3314
50.3399
47.7620
47.9338
47.9321
50.6230
50.3811
53.3308
51.2292
50.5497
52.7324
51.2204
60.0644
51.8049
54.1319
54.4190
66.4204
51.7809
49.2814
48.0541
54.3287
57.3610
57.7220
55.3260
50.7565
48.3668
47.6351
48.7842
45.1125
54.7171
57.6859
48.5230
49.3035
48.1482
52.8101
58.1926
58.8069
50.7162
60.3411
56.8756
56.7547
64.0653
59.0767
54.6755
56.1096
56.9925
56.5647
55.8142
50.8593
47.7313
49.8896
53.1716
47.2339
49.4623
52.3657
54.7559
64.8071
66.6016
67.9990
69.6536
60.4860
56.8743
57.8199
58.8390
65.2506
61.9727
62.7476
64.6976
63.0969
55.9540
58.7928
57.9282
55.6359
55.5585
52.6493
49.9550
53.8453
51.7986
52.5961
58.1168
60.3647
58.1611
57.5511
54.3088
43.8613
45.7789
56.3609
57.6932
61.6303
48.6213
51.6172
54.8888
71.4636
64.8325
69.3364
70.0949
64.8622
67.1273
69.5320
61.9155
56.0656
47.3882
46.1665
48.0694
54.6969
53.3334
52.2271
49.2192
45.0780
56.6658
58.6407
51.7308
63.2141
66.3948
58.0505
64.4904
67.4870
61.2628
50.8869
55.8611
64.6195
59.9854
60.1224
58.4086
60.9926
66.5172
64.1790
57.6333
57.6450
58.4459
54.6969
51.6977
51.7772
51.7020
50.1028
51.1335
53.3970
56.5912
53.8335
59.3994
57.2905
63.6220
63.6551
62.5033
55.6179
47.5295
49.7666
51.4905
54.3493
57.2103
58.7200
56.7560
55.5613
56.8101
53.9984
55.0179
50.6254
62.8637
66.3362
61.9854
66.1057
71.1628
71.9099
60.0381
70.2022
51.4091
48.3912
65.6135
60.2871
52.9630
45.5556
44.9633
38.8175
42.4598
41.3655
41.6355
36.5265
40.8522
41.6568
37.7099
41.3123
42.8551
47.9234
40.9472
45.9724
47.3365
47.7257
43.3729
41.1344
39.0747
45.7863
45.8388
44.9720
41.0559
38.7773
40.4431
41.6869
42.6435
39.9683
39.3720
39.3739
42.1688
44.0453
47.8327
42.4283
46.0054
42.2082
45.5845
46.4663
45.8678
45.8360
43.7371
45.9506
46.9385
46.8129
44.9311
40.7779
44.9222
42.4647
43.3988
48.3951
46.3970
47.3536
46.5797
45.3101
43.9126
41.9636
46.9473
45.1245
45.6372
44.9718
45.0308
44.6859
45.9053
45.2353
47.7823
44.0420
46.0368
43.5597
42.1449
42.9955
48.6423
46.4228
47.3039
44.9434
45.5338
43.6679
42.8068
42.4934
40.7674
42.5308
44.7526
45.2529
45.8083
45.9822
45.4734
43.7052
40.2458
41.5582
42.8635
43.0280
44.6272
42.3076
41.6595
42.6826
38.6330
44.2579
44.4178
45.4290
40.1991
43.9308
41.4999
40.5125
39.7061
44.6676
46.9031
44.3249
43.5683
40.2771
42.4048
43.8187
43.8433
43.4416
42.2273
39.8428
42.5092
45.4182
42.4692
44.9824
42.5334
44.2354
42.8186
41.3044
43.4301
44.0492
45.3660
49.3483
50.9780
52.6377
54.0232
55.5386
54.8646
52.8437
52.5462
50.3488
50.6819
48.9273
49.5295
47.3978
43.5346
47.2406
46.2019
48.9205
49.2625
50.6428
51.4960
48.8700
49.3141
51.6469
49.5721
51.7588
49.9292
51.6790
47.2009
44.4386
46.7404
50.2884
48.9911
49.0309
49.3850
50.3793
47.4076
51.7091
49.1102
49.6288
46.7544
46.8773
50.3202
51.9017
50.1154
50.4296
49.7008
48.9912
49.8769
53.3996
52.2878
46.7327
52.6461
52.2145
50.5048
46.8567
47.7568
51.3592
52.6724
48.7359
47.7486
47.9858
46.9899
48.9071
49.7971
53.8981
52.9910
51.0491
48.8574
48.1335
47.8948
45.3936
51.4613
48.4504
46.6680
53.8104
51.2539
50.8286
49.5640
47.9542
46.4475
47.2690
45.5435
48.7171
48.7779
50.6889
48.9810
47.9263
48.8494
51.6332
47.7141
50.0299
48.6456
46.3958
45.3058
43.3513
45.5290
44.0807
49.4544
47.4028
51.4035
49.3613
50.8168
51.0399
50.6487
49.5386
52.8627
52.5382
51.3825
51.2173
51.9338
53.6263
50.4709
51.4002
53.3552
51.7255
48.9456
50.8596
50.6581
55.9014
52.6075
55.7080
54.3228
53.0307
50.7526
50.9407
50.4620
49.7204
50.0340
49.1912
50.2444
52.0459
50.1186
52.1571
54.2976
56.1357
56.2769
52.3626
55.0859
54.7726
55.2115
49.8818
48.5051
47.2153
48.7742
43.7286
42.5446
43.6624
43.8528
42.9722
42.6684
45.0628
47.4807
45.5074
51.7318
52.8134
50.4397
50.7560
51.1092
52.2278
53.2122
53.3253
52.3839
51.3651
50.5160
54.3117
53.5250
52.9553
51.7662
55.3813
54.6594
49.0217
49.7408
48.8870
47.4859
47.0661
47.8260
49.5318
53.8540
52.7276
53.8530
51.7998
47.5469
48.2220
49.4811
48.6779
55.2517
50.9762
49.4823
49.7307
48.1752
48.8122
50.3899
47.1782
50.3088
47.1717
53.4244
50.2958
45.8394
49.0637
50.8992
51.7675
50.4010
47.2679
54.4444
47.7494
52.9777
53.0243
53.4787
52.1011
54.5417
53.8100
52.7381
53.9621
52.3076
55.0421
45.1923
50.9596
47.3074
48.5210
53.2796
53.2137
53.6173
54.6859
54.4317
50.1470
48.5999
50.4860
50.0479
50.1070
49.6653
50.5003
48.4714
47.7210
48.7749
48.8499
49.8262
53.1467
50.7303
46.0951
49.2568
49.6533
47.8266
50.3261
50.2890
51.3049
48.7396
50.7574
53.3335
49.2554
46.8057
46.9690
52.7086
49.9599
51.4342
54.0964
55.0349
52.0787
54.2129
55.3028
65.1759
66.0714
63.1116
45.7783
49.7408
56.3661
56.5472
62.2280
61.0512
62.1546
67.2347
64.2816
55.6535
65.8426
64.0602
49.5298
54.7932
64.3348
65.0279
57.9536
61.4131
64.5803
54.6658
57.5705
48.4189
46.2766
47.1630
53.8546
55.5606
49.6451
51.3514
46.7276
45.8215
44.2601
46.5694
45.1258
47.7956
48.0481
50.4149
50.7634
46.3676
53.0831
57.6776
48.0267
63.3160
54.1922
52.7261
54.3063
48.3743
53.0507
47.4423
46.8646
50.3628
50.8209
48.8806
47.2454
49.3833
57.2477
55.6254
53.0609
52.6379
52.8026
55.8264
54.8004
56.6031
55.6903
55.5368
56.7772
56.4600
55.1928
59.3939
56.9100
59.4997
58.9204
56.5490
59.7723
58.9632
59.2158
59.6586
59.2428
58.4745
56.0999
58.0199
57.7255
57.4973
58.5436
57.1213
55.2995
56.5954
57.6799
58.3805
61.6649
65.0877
56.8014
57.1176
58.0548
60.1049
60.3678
53.2065
50.9443
53.3772
49.9867
50.6033
50.3162
52.4742
52.6733
51.8858
51.8329
55.8455
57.0224
58.8962
61.0785
62.4135
60.3336
56.4110
57.9327
57.3739
59.2356
61.7579
57.4087
65.9639
57.1072
51.6711
59.8357
54.0724
58.1956
54.9620
57.4975
60.1789
57.8577
60.7439
59.5410
54.0181
54.8409
54.9060
54.3614
56.3785
54.3451
50.1103
48.1985
48.7255
47.5277
53.3203
50.9789
52.8826
52.0263
50.4773
53.6324
52.8046
50.5650
50.4694
53.0529
50.9422
57.9366
56.4886
60.2394
59.5861
53.3113
50.8623
50.2401
48.3733
51.4669
55.6304
62.2582
63.4759
66.3734
63.8217
64.8125
49.1696
55.3669
51.9039
52.9800
49.3400
50.3775
50.9865
53.1877
57.8646
53.6960
54.1616
63.8943
64.1456
62.0954
65.5726
65.4958
64.9568
57.5113
62.7173
69.0640
71.4100
65.3387
65.8021
60.4769
68.9090
64.2572
76.2920
70.1404
64.8746
65.8421
60.4617
56.5015
53.2593
59.0786
62.5232
58.0104
52.9615
51.3003
52.8547
65.7693
60.5498
57.9036
61.1105
66.7069
72.2713
53.5395
50.5123
64.8722
60.4730
59.4022
61.4660
71.6663
75.7411
66.4932
65.4234
69.6344
66.8691
59.9179
67.9407
66.9827
64.0186
67.3170
64.2257
57.3157
65.3898
63.5454
59.7392
64.8094
67.3436
62.6721
71.4585
80.4990
77.3198
86.7472
81.0817
82.3223
76.4479
79.0490
70.2032
71.8073
75.3318
80.5285
66.2421
71.1297
71.0461
70.4461
81.9574
82.1535
77.0447
77.4992
80.1425
73.3073
63.2539
64.9062
59.0701
65.3934
62.8476
61.7526
58.2116
60.9271
51.8622
60.5071
56.8073
59.2140
59.8816
62.9868
60.7748
62.1170
67.1692
67.2928
61.5463
53.7674
63.0618
62.7646
64.3226
65.3042
64.3623
62.9299
60.8665
58.7615
62.6305
65.5528
60.3534
61.4266
61.9030
58.4691
56.1323
54.3453
54.7074
57.5076
54.5031
53.1866
54.2597
54.2167
51.4162
54.4046
56.4259
58.7983
57.8747
57.0795
59.3734
60.2534
55.8861
56.3911
55.9698
58.2484
58.1206
56.1229
58.2607
56.6332
56.4787
56.7530
56.4399
59.3141
57.6695
56.5199
57.4852
58.2558
56.7509
54.7102
57.1793
57.2550
62.5174
64.9327
62.5786
62.7739
64.8961
63.8679
60.0586
60.5560
59.8891
61.6475
60.9710
65.0830
60.4904
58.9367
57.7675
54.0121
52.3559
57.1819
54.1052
56.4354
55.4086
57.4647
51.3512
56.0991
54.9126
52.9810
56.8306
52.6003
55.8690
48.5507
49.3491
51.4134
50.4380
71.3296
64.3233
58.8820
62.6243
63.2270
66.5890
67.9262
68.9000
65.9632
66.5747
62.5621
66.3775
67.6516
63.3445
66.9507
61.9900
65.0909
65.5003
68.4116
62.7978
64.1083
68.1535
62.5458
59.8367
54.4274
55.9512
55.7405
59.5053
63.8086
62.5996
63.3851
61.3816
63.5637
59.7403
65.8595
61.2348
65.2385
59.6326
62.4723
55.9787
55.5472
58.0308
64.3329
62.0022
65.6239
58.1834
64.7150
67.4208
68.7345
68.2017
69.8761
57.3018
53.1149
47.3773
44.6582
45.4920
51.7239
52.1206
55.4236
49.1306
53.0119
62.3565
55.1634
56.7053
51.3215
45.1056
49.1391
49.9528
51.8012
52.8579
56.4847
54.7357
44.9806
43.1453
44.9187
43.6887
41.3481
45.9837
53.5014
55.9684
79.8726
84.7545
43.8285
43.9741
41.6350
42.4324
46.4370
46.0629
44.8966
45.9138
45.2432
45.5801
49.5457
47.9368
49.2115
50.4193
50.7852
50.3882
49.5094
45.8845
47.3499
46.4445
46.5292
46.0752
44.1108
43.5002
43.9272
38.7615
41.1239
41.9367
44.2368
43.1148
47.1961
47.1713
50.0580
49.8290
52.0282
51.3026
52.6291
55.6108
49.9874
52.4706
54.2075
56.3152
54.2005
45.7792
58.1860
55.4439
56.7794
50.8696
53.7806
55.6981
54.2930
45.3480
42.1943
41.4399
45.1022
43.4816
49.6190
46.5356
51.3347
45.1061
48.8998
51.1368
44.3754
49.1185
48.8020
51.2182
51.3304
51.8681
50.2318
49.3798
49.8786
48.1485
48.4552
48.9277
44.8109
48.3130
47.9840
53.0238
49.2867
48.5690
49.6993
47.1158
50.0262
47.5730
47.5866
48.2022
47.7091
47.6978
49.2062
44.5487
45.6483
45.4906
47.1103
43.7680
44.0094
45.7306
44.8685
43.7450
43.1143
42.1303
42.3482
41.2633
40.1461
41.1350
42.6369
43.5633
41.5574
37.5839
37.3420
36.7219
37.2657
39.3483
36.4145
40.2477
37.8822
39.5352
39.9367
38.9239
39.3578
40.5739
40.8850
42.2544
43.8499
46.0860
42.3465
37.7138
39.8967
40.3012
40.6665
40.1352
39.3718
38.9865
39.8315
40.6301
39.8657
39.3953
34.2919
35.9353
34.2962
39.1365
38.8145
40.3197
40.8981
37.0886
38.2364
40.5736
40.8595
38.4727
40.8150
38.0420
40.0351
40.7653
41.3183
40.5619
40.1722
40.1038
41.0139
40.3493
38.5233
38.7789
37.0495
41.7200
40.9241
38.5618
37.7115
38.7362
36.0919
36.9360
37.1919
40.8616
36.9697
37.1603
36.8280
36.8775
37.1257
37.2559
35.8072
36.0506
35.0293
36.9012
37.2917
35.1033
37.5559
36.2762
36.3395
38.4237
38.0570
36.9494
36.5840
35.6842
36.9471
34.2144
35.9581
38.4953
36.7717
37.5241
35.5493
38.0888
36.4885
37.7199
36.6258
36.1934
37.8854
35.6100
33.3075
34.9551
35.6469
36.5601
34.7726
34.9958
37.1311
37.8294
38.2708
35.2358
37.7512
38.6612
38.6480
36.4612
34.2358
33.2322
34.5568
37.1377
36.4291
37.4802
36.0237
38.2383
37.9647
42.3733
38.8877
38.7414
42.8313
37.4332
38.3281
38.3688
37.9283
41.4542
39.4199
38.7809
40.1651
39.0345
40.1116
40.1206
40.0405
39.7903
40.6165
38.6939
40.6435
44.3176
45.4400
42.8724
38.6292
40.1503
40.8611
42.6480
42.1119
44.7979
41.6621
41.4128
37.6177
37.8442
37.1578
37.5774
37.5241
41.4849
40.8925
40.1295
36.7231
37.8373
37.6450
36.2137
34.6211
33.3415
33.7178
34.9903
33.6213
35.4359
39.5804
39.9674
38.2459
40.0432
38.9652
38.5094
38.9060
39.3564
38.1432
38.1103
39.1288
39.0267
36.9691
35.5402
35.6607
36.9425
37.2320
36.4975
37.5565
35.9345
36.9950
38.0760
37.0330
36.8219
34.7818
33.6405
35.9164
37.5924
34.5996
35.7725
36.6492
38.2193
36.8626
35.4109
35.2909
37.2017
34.5854
36.0149
35.5169
35.6776
39.5018
37.5711
36.9370
36.5160
35.5014
36.7390
35.8132
35.4326
35.0770
31.8631
33.8477
36.3173
40.0454
38.2559
33.6580
31.6475
36.0147
37.0134
35.1768
33.3209
33.8198
35.1764
34.8977
37.0256
34.6210
35.7149
36.8545
36.0961
35.2944
36.5812
36.2665
36.1904
33.8436
37.3174
36.9230
38.5549
38.3341
36.5764
37.3156
35.9911
39.5550
40.7330
39.3778
38.9633
39.3214
40.4753
41.1222
39.4978
40.5789
39.2809
39.7723
39.8516
40.3046
39.7332
38.2260
43.6044
43.9832
44.0285
41.3813
39.3218
41.8592
41.1361
44.0748
44.4376
43.2073
47.7340
46.2876
45.2372
50.2786
45.1973
44.5764
48.1893
54.5125
51.6220
48.1514
48.9189
48.2695
50.6090
54.1336
45.2870
50.5603
52.2181
52.9746
46.7898
44.5832
45.0511
42.8639
48.1578
47.7655
51.3745
55.2252
49.6006
52.0925
44.8857
38.3417
41.0745
42.7079
42.0703
45.1140
48.1729
48.3313
43.1858
42.3757
45.7870
42.6719
42.0937
49.9861
43.2744
44.6286
40.6867
44.7797
49.4037
45.8514
44.9616
47.9476
40.7109
39.0671
39.8816
41.5851
41.4159
46.2007
45.2822
47.6374
45.9880
46.1999
45.7495
47.6047
43.8405
45.8306
46.1326
53.9785
44.1049
49.4921
53.8129
51.9687
50.1526
52.5014
50.9542
40.9851
52.6212
48.5771
44.4044
45.2333
45.3752
49.4306
44.8763
45.8994
46.8658
48.4314
45.4729
46.1673
44.3172
45.5412
48.4632
42.9771
42.9598
42.5002
42.5832
44.7266
46.7646
43.8194
47.7922
46.7404
49.2156
49.9905
49.8043
44.4174
48.0795
49.2490
48.7909
49.9000
46.6757
51.3669
49.4651
46.4373
47.8943
49.4149
49.8553
48.8701
51.8197
49.9199
48.5028
44.9265
47.5209
47.6074
48.6440
52.7919
52.7143
43.9912
45.1729
48.0163
49.6750
53.2288
52.0958
53.3230
50.4067
49.1964
52.6893
54.7486
47.1904
48.9776
52.6373
49.1711
50.7914
54.1720
49.8637
53.1351
53.8692
51.2045
45.2073
46.8877
43.1667
42.5347
45.8638
47.4989
47.2932
44.7952
44.2898
43.3670
43.0379
40.2212
42.7436
44.0206
41.2965
38.9565
39.9225
42.4447
37.5372
39.6120
41.4288
39.6448
41.1897
40.4640
38.0558
40.4819
40.7893
43.5542
43.7247
50.2855
46.1154
49.3502
47.2312
48.9222
40.6241
42.7077
42.8252
40.0472
40.0316
42.3712
42.4561
46.6107
41.7094
42.1931
44.0563
48.6426
45.0023
46.9685
44.3905
44.0541
47.9441
45.4948
46.0635
46.1468
43.4860
47.2430
47.6300
41.8036
41.9264
40.6931
42.3343
40.6263
42.7733
42.9576
44.1806
37.9243
37.4730
39.9231
43.0622
43.4417
42.8712
45.2236
46.2734
43.0372
41.6055
41.2799
44.1245
39.8322
40.5491
42.4678
41.5051
39.8348
42.9532
42.3235
42.1400
45.8655
44.4301
42.7660
43.3279
40.5296
45.7579
45.3343
45.5519
46.8491
49.8584
44.2810
47.9220
47.5925
45.6436
46.3465
48.8356
49.3447
46.6937
42.9836
45.6838
45.9205
47.4446
44.8552
43.6268
43.3181
42.4195
42.0286
44.0553
45.0797
46.0199
45.7097
45.6047
45.8494
46.6403
44.6261
44.3020
43.5515
48.3534
43.5767
43.0098
41.7957
43.7682
43.2805
44.3722
46.0727
45.5464
48.5784
45.5817
47.0845
48.7484
47.9958
49.0754
48.5378
45.8742
49.5684
50.4719
46.4926
43.2036
46.8469
48.8095
52.0532
51.1751
50.1097
44.1397
48.1646
42.6705
44.3554
48.8990
48.9870
42.3595
43.5411
42.1390
41.9525
47.8168
47.4365
48.5536
48.8448
48.3896
44.1918
47.3688
43.5608
48.9529
50.5238
50.4999
51.4643
50.8898
46.6770
49.2898
48.3687
49.0964
48.0065
48.4087
48.1367
51.0689
47.2831
47.2838
44.9858
46.3413
42.5051
51.0767
50.6392
46.0836
52.8546
48.0841
52.6484
48.7427
49.2664
47.6161
48.1956
47.8929
47.7962
49.2799
48.8636
52.3060
54.5881
54.2641
53.1438
54.7143
54.4590
54.4220
52.0267
51.4059
50.3030
52.3072
50.4563
49.3783
51.1592
53.8017
52.1529
47.0829
47.2624
42.2580
44.4778
46.3186
46.8188
45.9076
46.8027
46.2707
47.7835
47.1495
44.9805
45.9521
46.4601
47.4744
46.8808
48.5852
48.1073
48.0776
47.5883
45.9348
45.7413
45.4797
46.2658
44.9014
45.5731
46.7613
49.1501
50.3744
52.7087
49.1842
49.0101
43.7755
44.7601
47.7101
47.9407
41.5473
42.6098
44.5849
45.9384
43.9228
45.7622
45.1871
45.6629
46.0570
42.7922
46.7196
45.9848
46.2017
48.9784
50.4468
50.3529
47.7276
49.0026
50.0981
47.5472
47.3204
47.3685
49.1133
49.5892
49.8604
47.8132
48.5699
45.4348
42.2645
41.7266
38.8006
39.5129
39.1646
38.4530
40.8590
44.8485
47.0553
42.5571
43.6749
41.2786
42.5116
40.7075
39.5310
40.2310
42.8413
42.0016
41.2847
43.0513
40.8885
38.9163
40.3872
43.0934
43.4380
41.9752
42.0520
41.9485
46.0897
45.0045
44.8934
44.2827
43.8136
42.8293
41.9524
42.3342
45.0762
44.1737
50.2660
46.9445
44.0082
47.2792
45.2419
45.0216
43.7629
46.1291
44.8066
44.3788
44.1081
46.2076
44.9662
44.1651
48.1773
48.9358
48.6229
47.9167
51.9016
50.5447
47.6345
46.9831
46.7094
47.7101
49.0399
48.0427
48.9316
50.1320
46.7274
42.8523
39.0347
44.2377
41.0386
38.5262
44.5663
43.8317
44.4332
42.1786
43.7206
40.7318
41.6655
41.3219
41.2990
39.8144
42.0585
40.9851
39.8357
42.3929
42.1825
42.8438
42.0448
42.9896
41.3072
39.8196
40.0846
40.2998
40.5242
43.9428
44.9161
44.8365
45.2391
45.8524
44.3319
45.0901
45.5670
42.6595
42.8096
42.6807
42.9027
46.3843
43.7422
47.4664
47.1820
47.3677
48.0090
45.0652
48.1601
47.1844
47.1422
46.5290
45.7894
47.1184
47.6055
46.7220
46.4480
45.5450
47.1482
48.1806
47.3592
47.9094
47.5970
46.1473
48.7021
47.9833
47.6030
46.4405
46.7662
47.2641
47.7888
47.1347
46.8493
45.5879
46.5198
46.5534
46.2694
47.0313
47.0226
47.7487
48.2716
47.9347
45.1129
45.2952
46.6384
46.5727
49.4390
48.6897
46.1652
44.8370
46.4689
44.8769
46.3006
46.0081
48.6297
43.8483
46.1536
44.2637
44.7103
44.4089
45.0219
47.9485
46.2651
49.3021
46.6406
49.9365
50.2692
49.4341
48.9217
46.4957
47.6990
49.0679
50.0159
49.3585
49.1503
46.4641
43.5014
46.8776
47.4875
45.7978
48.1351
47.8816
47.3219
46.2067
46.2974
45.4132
43.9793
49.4668
44.3086
47.9457
47.4193
47.2122
47.0105
45.1264
45.2085
43.0073
43.4741
47.9194
48.1490
45.3689
46.7245
45.3685
45.9561
48.2724
46.3887
47.5359
49.3649
48.2407
51.4765
50.8711
52.6990
52.9364
52.7929
49.8713
49.3099
49.1782
49.8082
47.8113
48.4031
51.1168
50.8296
50.5251
49.9642
49.4517
49.3723
50.8071
49.3801
49.7622
51.0586
50.0491
50.2229
49.8443
45.2336
45.9030
43.9674
46.5355
47.0937
50.0138
48.6825
45.1538
48.3394
47.9037
51.0466
50.9633
48.8912
47.1871
48.5102
47.1234
45.4761
49.7719
46.6810
48.2474
44.0118
46.3033
46.3668
48.7108
49.5189
45.6933
41.9341
43.2548
45.2871
48.3792
48.6553
46.4330
50.2801
48.4186
46.6449
42.7574
43.1860
44.3733
44.7402
46.0870
46.5416
43.3240
38.8923
44.5890
42.6215
44.4116
45.4717
43.1500
46.6662
43.1346
46.4545
46.4024
43.7430
44.7357
44.9002
41.3404
41.8553
40.7190
39.0356
39.8426
35.8157
37.5226
41.1705
41.7404
40.2454
40.3658
42.2556
39.8793
41.5719
44.5927
45.8391
45.1622
47.7258
41.6510
41.3651
41.9038
41.5241
41.9887
45.0377
43.4682
43.5001
45.8917
44.2182
44.0957
43.3194
45.4884
46.8676
44.6251
46.5958
45.4879
45.4338
47.0169
44.4454
45.9618
44.8111
42.3669
43.2122
44.2837
44.1429
42.7503
43.3435
43.0775
43.4789
47.0315
47.6482
46.0777
47.0202
46.0988
44.8946
43.7569
44.3741
44.0704
46.0312
45.5289
43.9896
45.2280
47.3806
47.5643
46.9012
45.4920
45.4463
43.5833
42.9013
40.2313
43.1955
43.0713
41.9712
41.5223
38.9354
41.0351
41.0140
44.7449
41.2086
41.3350
40.4000
43.4261
43.2326
41.0377
39.4572
40.0230
40.5613
40.9914
40.8394
41.0432
41.1975
42.3291
42.9436
41.4477
42.0306
43.4650
43.6622
43.8698
42.8954
44.3747
43.1943
44.3013
45.9830
43.9914
46.5733
47.2754
46.7926
46.3949
44.1412
45.1922
44.0772
40.1747
40.5681
41.8949
42.5873
41.9583
41.2773
39.4968
40.1670
40.1888
40.4452
41.8815
40.8891
40.1134
41.2529
40.9915
40.8070
41.0211
41.9184
41.1616
41.4702
41.6272
40.9702
40.5408
40.6557
40.6861
42.9104
41.3705
40.6964
40.8914
40.4365
40.5977
41.3540
41.4237
41.4600
41.6243
41.6622
42.4099
43.8201
43.3975
46.1020
42.3824
45.4082
46.1487
44.9583
43.7688
45.3060
44.3445
48.1488
45.8271
47.6101
47.8042
47.3062
46.8584
47.1239
46.3913
47.5488
47.8442
46.9843
47.0722
43.0040
41.8122
40.6739
37.5377
40.0730
40.8718
40.8291
42.7682
41.8456
41.4506
40.8684
42.6679
44.1219
44.2133
49.1342
49.7965
49.5317
49.3466
45.2524
49.2307
44.2945
41.0781
43.1708
44.4548
46.2933
44.6424
47.9032
50.6318
50.4904
47.9239
49.5578
46.8830
46.3834
48.1505
48.3202
47.5803
48.9490
48.7880
47.7098
49.7521
50.7606
48.3602
50.5027
50.0415
51.6004
50.9501
50.4323
48.2224
49.4077
49.2757
49.4504
45.5672
45.7027
46.9567
45.6173
45.8202
42.5648
45.3551
45.9022
44.7362
46.6049
44.9807
43.9226
45.4009
43.2522
45.2982
42.7214
44.9270
43.3619
42.8566
45.7863
48.0347
46.5981
47.2450
46.7504
45.9766
46.5787
47.9409
43.9905
44.8143
41.8901
40.8345
47.5310
48.0363
44.0269
44.3241
46.4021
49.2270
47.8661
45.2114
47.4889
47.1779
45.4856
44.6224
47.5241
47.7732
48.9689
47.7048
47.0347
47.7183
49.0547
46.3424
45.9606
46.3965
46.8760
48.5358
47.5749
46.8697
49.0432
46.6318
45.5904
43.1552
43.2218
45.4370
44.5475
44.2938
44.8640
46.2315
45.0814
44.5271
46.7473
46.1291
45.2088
45.0746
45.4177
43.3629
44.5093
43.0654
45.0269
44.5635
44.2818
45.4012
46.5772
43.9050
43.8030
41.4135
40.1885
42.2686
44.6488
41.9647
42.7515
38.2889
39.1622
38.9785
39.9383
40.1447
39.1994
40.4836
40.6299
39.2865
40.6695
40.7461
39.6450
39.9263
41.3264
39.5363
39.6136
40.4860
41.1692
41.3944
41.2803
42.5799
42.2109
41.5791
41.9974
40.8509
41.3299
40.7173
41.4245
42.0502
40.9976
41.2737
41.3640
41.2013
41.2685
41.4871
42.5553
41.1713
39.3396
41.0128
40.8960
40.8284
41.9705
41.4099
39.9787
36.8366
37.0116
36.9320
37.7931
42.0094
39.2543
41.5533
41.2020
40.6929
42.0509
41.8371
44.4534
37.8063
40.5234
42.5467
38.6079
41.0282
38.9165
40.1604
41.9294
42.0573
37.5227
43.9178
42.5723
37.0203
41.3804
41.2538
41.2347
40.8860
42.0164
42.9332
44.3183
43.5149
41.3192
45.3570
44.2232
43.4076
44.6228
44.2318
43.6671
44.1463
44.7855
45.6219
44.8623
44.0837
45.2959
45.0065
45.8265
46.0465
45.4366
45.5909
43.3046
44.6377
44.7921
44.9857
41.9247
39.6423
39.7350
40.0448
39.3856
38.6653
40.4087
38.8533
39.9058
43.2187
41.4000
43.7272
42.9486
42.7576
44.4991
43.6307
43.2722
44.0120
45.6846
44.2908
41.8448
43.6707
44.8666
46.0020
45.4059
44.9498
44.4277
44.6929
45.7630
46.1021
43.2904
46.6562
48.1797
46.8952
48.7164
49.0441
52.8027
51.5729
52.5127
50.5338
52.4633
54.1596
53.2357
51.8232
53.5177
56.9176
53.9687
51.1298
53.5507
55.0825
56.1262
54.7136
58.9487
56.1392
58.9991
59.8764
57.8206
49.6101
52.1978
57.1911
57.9320
58.8100
60.2696
61.3424
59.5911
60.6386
60.3631
54.6991
60.1433
56.4088
51.6022
52.9913
55.3552
50.4782
53.2115
54.0337
50.9906
50.2113
50.0236
49.0672
49.8653
49.2491
50.9370
54.4653
53.0494
53.7095
51.7767
52.4025
48.7842
48.0025
48.0878
50.3855
53.1719
52.1516
51.1422
52.1664
50.8941
48.3483
54.1436
43.1560
40.2269
50.9790
51.7559
51.4623
54.9521
53.1477
52.3392
50.7066
49.9127
47.9088
48.7611
51.4825
49.3131
53.5809
52.8278
59.1178
52.6888
58.4823
57.7516
64.0846
52.8675
56.4105
57.0604
55.3857
59.5058
62.9632
58.1958
56.7245
54.4010
57.3829
56.2809
48.2394
50.7432
54.9138
51.1132
52.7802
56.9537
60.8471
53.0027
58.6622
56.7030
55.6968
57.5760
56.6504
53.6521
59.3590
55.5424
53.5616
58.0743
53.8331
54.1667
56.4992
55.5439
55.0036
58.1548
58.2362
65.8912
59.9119
57.0770
60.6318
58.1082
53.4142
58.0766
60.1376
56.7981
59.3522
64.3488
60.5960
59.4382
60.4173
55.3253
56.6504
59.6035
61.1217
57.2122
58.3985
61.2442
60.3068
57.2606
52.2705
64.2964
59.9388
60.3950
62.7704
64.1689
70.7405
69.7741
70.7033
64.5413
59.2812
69.6224
58.9189
58.9919
61.0733
53.0506
60.8040
65.7896
63.7464
61.9347
67.7822
61.1009
59.1319
58.1086
60.5178
66.8566
63.1652
63.6406
62.0857
60.1395
59.9233
51.6043
50.2907
48.6635
44.3217
47.0384
46.1663
56.8489
44.2749
47.2884
46.7721
46.1789
45.9281
48.7807
49.0028
45.1970
52.0984
45.4558
41.5766
43.4823
40.3110
40.1826
37.7282
39.9661
41.4665
38.9981
37.9012
38.1331
37.7011
39.9978
40.6341
40.7389
42.5314
40.8510
37.5201
38.5250
38.7439
38.6699
40.6653
40.8686
40.6330
40.4979
41.9958
39.6038
42.2832
38.3250
38.4346
39.8584
40.9195
37.1672
42.8965
41.5868
41.1876
38.5674
41.6785
40.5284
40.3167
44.1207
40.4721
36.5817
33.8703
36.8471
37.3387
34.4304
41.8669
40.0564
35.2938
38.2321
36.6457
34.4477
34.9037
35.4590
35.5276
34.0758
36.0164
40.1490
43.4040
42.4076
38.2177
33.9267
38.6523
40.9135
37.8873
40.3354
41.5275
42.5604
46.1201
48.5358
44.7739
58.6692
48.6017
50.2065
43.2721
48.4089
46.0290
54.3561
55.9779
58.1328
57.4199
58.8888
59.3030
57.5038
61.2048
62.0297
61.0645
61.7338
52.9194
50.7803
53.1176
50.4935
50.8124
53.9987
48.9824
54.7725
52.2826
49.7509
42.2463
54.1074
50.6034
53.9631
58.8724
55.0789
56.9936
57.1574
56.3847
53.4295
61.3350
54.8174
56.7864
56.6127
56.2786
63.4002
64.7353
58.8096
53.7951
51.4047
51.4536
50.9780
53.2967
54.8072
46.5162
51.5955
48.2618
48.0209
47.9001
49.5947
46.5858
51.3466
49.8595
48.2924
47.3213
46.4931
46.8388
50.6876
48.4341
45.8299
46.7990
45.4806
44.3534
44.4563
44.8044
41.1714
46.8129
39.7420
43.2799
39.5962
44.8560
43.4808
39.0329
41.4021
40.6356
42.4010
41.5220
39.9892
41.6247
41.5070
42.4031
42.8680
42.6174
44.6431
44.4065
44.1399
42.9542
41.9563
43.6253
45.1208
45.4912
47.0078
48.2043
45.0266
46.2898
44.8672
43.4526
45.0635
46.7761
50.1573
50.2028
51.0429
51.4423
49.7932
50.1092
47.0627
43.3928
53.2912
51.9161
49.2391
52.1237
52.0201
49.7748
51.7994
52.8018
56.8788
52.8545
52.7549
57.6603
52.9080
57.4181
57.8868
48.2431
48.6406
47.5556
57.6419
47.1920
52.7726
54.4828
48.7667
49.2968
53.9677
49.8829
59.8337
54.6662
43.9478
61.3365
58.9508
62.1490
48.0821
51.3609
52.5036
46.3231
45.9805
42.2683
44.2260
43.5203
44.3681
44.4467
45.6065
44.5864
43.5695
40.7671
41.3736
40.3739
38.9072
49.8702
55.0177
57.6379
52.4268
56.0997
60.6186
51.4475
50.7317
53.8607
56.3137
48.2099
45.5299
56.6399
54.1152
46.7793
52.7292
51.1637
48.3609
49.7538
57.1756
55.8664
57.6070
51.8941
50.6665
52.0192
55.0665
53.5869
55.8207
59.1252
61.9579
51.2365
53.5744
53.0130
52.6780
61.3258
47.2729
49.3471
53.7180
49.9335
49.6552
50.7343
46.2872
45.4765
44.0688
47.1219
47.1552
52.2337
51.0402
48.2037
49.8837
51.0820
51.8489
55.5693
51.5665
49.4607
47.9295
49.1990
46.5695
45.4430
51.7599
49.3810
50.2980
48.5871
49.5107
52.9722
52.7075
46.1093
46.5587
52.2680
50.7344
48.6264
46.2787
48.6679
48.3026
50.8419
49.4487
50.7315
52.6528
51.6751
53.5381
55.6642
52.8087
51.1275
50.4084
52.6557
46.8771
47.1063
47.2736
47.6006
49.7967
49.0990
51.7561
47.8138
45.0025
44.7839
51.5713
45.8895
48.9748
47.9527
49.1619
51.4986
49.2450
48.4128
48.6803
49.1913
52.6953
48.2609
44.9033
43.2418
53.6959
50.8536
50.8642
51.2769
50.1752
48.3184
49.5601
50.6132
46.7728
52.6592
49.0390
46.9069
51.4638
56.8551
52.7379
58.8992
53.9761
53.4043
50.8361
50.4323
49.3774
50.1712
50.4250
52.9858
49.5583
52.0211
55.8759
48.3653
49.4127
47.6005
44.4035
46.3188
48.4416
47.2432
44.9169
43.3004
48.4264
46.5187
45.1741
46.0840
46.9922
49.8267
49.6840
47.8845
48.9821
46.8368
53.7470
55.1347
53.8688
53.2966
56.9052
53.2479
55.7174
55.9691
52.6985
58.0313
57.1055
54.2772
49.9057
48.1082
47.9057
49.5964
48.3515
49.9747
47.1930
46.4739
47.5876
44.3907
43.8553
43.8990
43.5471
43.7192
44.9564
46.7785
45.1153
46.0704
50.0867
49.4916
53.7483
49.9539
51.5630
47.1659
47.6372
50.0168
48.4378
50.0489
51.1501
50.2724
47.9651
48.4492
45.6876
45.3559
42.2203
44.5957
45.1900
43.8914
44.1783
46.7498
48.3332
46.8073
45.6692
46.0985
46.4195
46.2962
45.5827
45.0985
45.9631
49.1362
49.8309
49.9516
51.7138
53.3406
52.5426
48.9640
51.7319
52.4031
51.9101
53.3292
60.1029
59.1797
61.2927
59.7415
52.2215
56.3069
58.9725
58.3303
47.4415
48.5325
46.9718
48.2780
46.4531
48.1780
47.2139
48.6111
51.3871
52.8001
54.7259
61.0213
56.5428
56.2204
54.2244
56.8181
52.8939
54.2835
47.4675
44.9456
42.4429
46.0076
50.6142
55.8759
54.7777
46.4685
47.4214
50.0773
48.0519
48.9053
52.3893
51.8636
48.5194
45.7496
46.3792
51.3912
51.6266
48.7288
51.6025
60.9934
55.5544
57.8834
51.7386
55.8411
55.4538
51.5105
46.4409
60.5849
47.3769
47.4547
48.6182
48.8210
57.6933
60.4803
56.0457
53.8009
54.1782
55.9402
55.5822
53.6732
58.1286
54.7190
53.5836
56.3871
63.0566
62.3490
57.6653
55.1480
52.2708
52.9030
60.0659
53.9378
59.3454
59.4649
60.4103
60.4219
59.5692
62.3451
68.6605
67.6211
68.8319
63.3778
60.4994
60.0395
57.0524
50.6710
60.9734
61.6621
52.0746
62.0354
65.6909
64.2355
65.8377
73.9466
74.7884
70.9238
63.0806
66.3730
66.9290
69.9014
69.5988
61.2907
64.0293
61.4905
57.5267
59.0739
68.8375
53.4893
56.7792
57.1140
56.0227
58.9405
61.5436
64.3597
65.2336
68.2983
64.0155
57.0792
56.5320
49.9930
50.7890
42.1722
53.2439
50.7142
49.9093
46.7662
55.9116
47.0598
51.0034
55.3493
56.3689
57.6498
56.5501
58.5766
62.6652
55.0110
46.9924
56.3109
61.1492
65.4851
59.4283
52.5741
57.7951
50.7808
52.8064
52.5156
58.1717
57.8430
57.5940
48.5737
60.2634
51.1785
54.7362
56.3144
52.5450
50.2109
49.8223
50.6524
63.1013
51.3925
54.5662
55.5549
41.9214
45.1052
46.4889
44.6011
48.3206
46.7341
48.8241
49.0050
49.9912
59.8539
53.0046
56.9475
52.0015
53.6650
52.8121
64.2279
57.4127
52.4825
53.9023
55.6429
53.0321
52.5120
49.3392
45.4215
60.6369
53.0964
54.4644
55.0440
55.0372
55.1484
53.7607
49.3260
50.1112
49.7048
47.4833
47.4044
49.4928
50.6736
50.2889
48.7275
46.7615
48.8347
48.7093
50.0446
45.8581
51.9791
52.8566
49.7213
53.0715
46.9007
50.2860
50.0791
47.3632
53.5858
50.1501
56.4203
53.0648
50.0625
49.9736
48.5966
43.7870
47.1738
42.5228
42.1545
44.1111
42.0009
42.7080
41.0659
43.6058
45.5465
48.5036
51.9276
47.6574
49.4695
44.4696
47.2798
47.0927
48.7521
47.9375
49.4842
52.7410
51.2201
49.0148
49.5426
49.7080
55.5376
46.4986
52.5404
49.6925
51.3113
52.8231
52.4844
49.9531
55.3592
53.8038
54.6439
52.3411
46.9258
47.6394
50.5101
49.9234
48.0949
50.7839
51.3578
52.5339
56.6264
55.1308
53.3506
57.5822
55.3206
54.6136
57.4080
58.1058
53.7290
55.4550
53.9962
49.0427
46.5082
47.2757
48.9485
45.3383
54.9158
53.7120
55.2744
52.6781
51.0086
50.6560
49.7396
58.3764
58.1085
59.0817
51.5249
57.4082
59.9485
48.9659
55.4464
52.9770
54.3378
54.2135
51.5346
53.6949
56.5544
54.1432
51.5825
53.9536
55.2824
54.8964
57.8441
54.3799
59.1499
62.2101
63.0230
61.6146
61.7076
52.3788
59.3501
56.5970
61.2689
60.8075
54.6307
59.7335
60.7632
55.3960
60.2760
57.0453
53.0967
54.1094
48.8626
58.0166
54.3231
53.5264
52.8279
47.1741
48.3114
46.4113
50.7262
54.9698
60.3347
57.0836
57.5579
56.9299
63.0733
57.2546
66.5396
62.4724
57.7782
57.5420
49.0467
51.2648
48.3524
47.0017
49.0643
46.6908
46.8497
51.4776
47.4404
48.9172
47.3840
47.2466
45.2576
50.5348
45.8055
49.2867
46.8966
48.9286
44.2976
50.6335
46.0424
46.0256
48.1044
45.3004
43.8565
40.6067
41.1752
44.0609
44.6304
44.5378
44.0898
42.3918
42.8836
44.5496
42.2022
44.0165
48.7336
52.5450
57.5588
57.1412
55.9900
50.8963
51.7889
49.7162
45.2409
52.2319
48.7608
45.4624
47.9472
42.9969
41.9905
49.9214
50.2274
47.7411
52.0116
51.2793
54.2410
55.9452
47.2622
48.5113
51.7052
52.6957
54.9409
54.7613
57.8931
51.1111
54.4406
52.8819
53.4781
49.7412
50.5566
52.3737
48.4947
49.2578
54.5359
55.7333
59.2046
51.4374
51.7757
58.0356
56.1592
60.3000
53.0208
54.5463
54.1846
56.5801
58.3645
55.5983
50.5122
54.9178
53.3310
56.1931
52.8752
57.1234
49.0175
56.9343
51.4940
53.2447
52.6013
60.0144
59.3962
58.6171
59.3251
61.7733
67.1825
65.2853
67.9853
63.3301
65.6275
60.4512
60.2131
57.0171
54.5987
51.4777
53.8484
53.3993
52.0167
53.7267
54.1176
53.4610
53.6152
53.3830
51.7879
50.7776
53.1586
51.3618
52.7341
54.7935
56.9511
59.1238
62.1826
59.2432
54.1588
57.2434
54.4127
50.2024
58.5174
57.2438
54.3545
52.7143
55.3905
48.9683
60.9378
53.5850
60.8471
61.5533
69.6999
74.4096
70.6763
59.6648
66.1582
67.4333
56.7303
53.7223
70.9099
69.9530
69.9665
70.8964
47.7115
47.6051
42.9105
41.1502
41.7224
39.5275
41.0271
41.7314
49.6836
49.1864
50.7736
53.1285
52.3644
53.2398
51.2274
55.8109
57.9408
55.6661
50.7969
50.9578
61.0978
50.8755
52.5873
51.8911
50.9499
46.1345
49.3378
50.5719
52.1947
54.2758
55.1684
54.7606
56.1461
56.0486
56.2770
56.0382
52.1604
50.9390
47.9072
48.9179
47.5240
51.4839
48.3929
50.4405
51.3671
52.2290
51.3821
49.9370
50.9725
49.3722
50.5785
48.0552
49.3006
47.9231
50.7242
50.6660
52.6428
51.8141
52.6414
52.9469
57.7200
47.4358
48.5153
47.4547
45.5264
44.6069
50.0964
46.5155
50.6438
49.4588
49.7605
50.8150
53.5673
55.4898
53.9291
54.0099
54.5790
56.0571
52.5739
49.8458
51.4607
50.4249
54.6404
51.1009
52.4009
54.7318
54.7998
57.5049
56.1934
50.7229
51.9344
50.6359
52.1287
48.9197
52.1069
56.0838
58.0705
56.0337
50.7925
48.5281
50.6560
50.3708
54.6335
51.5279
51.5967
50.6516
50.0858
47.0183
52.8500
50.7315
50.7766
52.7250
49.9389
48.2326
46.5217
50.1315
47.8933
47.8269
47.6950
48.8379
49.1222
50.8535
49.4575
52.7249
43.8689
42.5266
45.2304
47.8776
51.9313
51.5901
51.9285
45.8834
50.4018
50.6217
47.2726
46.3390
48.8403
46.2802
46.9216
46.0366
47.0472
49.1215
48.5064
54.8839
50.2380
50.9822
52.7191
54.1187
48.9012
53.3897
52.3194
53.4991
47.9976
49.2738
49.1960
43.4032
44.1533
54.7061
53.6550
50.8937
49.4171
46.3844
49.5830
50.6012
50.5998
49.2752
52.7149
50.2846
51.2510
55.1381
48.5703
52.9697
51.2737
52.0171
52.6266
50.8684
51.6578
48.9170
49.7927
48.2364
48.1306
50.5912
51.3443
46.7083
47.9571
49.9674
53.7934
51.6875
48.4500
47.1733
49.4981
48.7284
43.8219
48.4507
50.9189
51.2963
51.6501
51.7155
50.6988
56.7801
54.5136
56.1319
51.8731
48.8895
52.3463
55.7941
54.2866
58.6700
58.4059
58.3184
55.4493
58.8396
58.9565
58.4073
57.4136
56.8948
55.1052
58.1193
56.7021
56.0686
58.4928
57.4368
55.7018
55.2181
57.3508
57.4717
56.3525
55.5082
56.2822
53.2090
53.6709
56.9265
56.6070
57.1971
56.4816
57.7658
59.4387
58.3193
59.7566
59.6528
54.8577
53.8686
54.2332
56.9377
59.2100
58.2846
56.6685
57.7648
55.0382
53.9768
55.8242
55.0901
56.2226
50.7721
50.5232
53.0287
54.9890
52.1328
49.8170
56.7513
53.2026
55.3923
54.6953
56.0325
55.2801
56.9050
55.3407
56.3716
61.0140
57.7619
57.6238
59.3274
61.2067
58.9683
56.9080
57.5272
53.6041
49.2745
52.7386
49.7728
69.1233
63.9475
66.0573
61.0888
64.6624
48.6467
73.0475
66.8333
71.3311
57.6153
43.7606
45.7590
46.1970
51.4165
54.4944
55.2102
56.4067
73.1747
81.8959
79.7782
80.9567
60.1287
86.4192
75.6166
74.3540
74.8663
72.4010
75.9967
72.2066
76.9909
69.9757
69.6272
65.1838
71.4566
66.4101
67.1562
71.4155
68.9474
68.8796
69.5044
71.0478
69.2799
67.7863
58.5857
70.7788
69.3978
63.5567
68.7308
63.5068
69.9686
64.1848
55.2696
61.9068
55.9915
62.9544
61.9003
60.5130
50.2525
46.6417
49.2701
54.9320
66.4130
75.6303
70.4001
70.7248
65.2035
71.5133
69.7013
62.4060
60.5439
70.2327
73.9996
68.0561
73.2831
76.1334
67.1324
62.1348
58.9564
66.3629
67.0540
59.4228
63.0532
64.4593
64.4273
68.5401
61.5953
63.5827
51.4287
54.1322
55.6208
55.7843
53.3274
50.1699
49.9379
49.0970
59.3045
57.8521
57.1869
54.1192
48.9637
56.8783
55.2131
57.2017
55.2485
50.2050
49.5322
53.2433
44.2524
43.5561
55.4017
50.3133
54.8753
57.3953
50.5598
55.1090
57.8793
55.2151
57.2675
57.1799
56.3663
57.1185
63.6022
58.3350
60.6137
61.2100
65.7034
66.8520
65.5865
57.3750
67.7068
65.0395
70.8801
72.1778
65.0137
60.7910
63.3081
63.6723
67.1287
76.7043
76.3962
74.7760
73.5209
58.6245
53.9198
60.6205
64.7643
53.0581
57.5079
54.6422
50.4447
52.3673
43.0904
51.1128
63.0123
60.5533
61.6949
48.9317
38.6267
43.8642
45.3812
44.4372
46.2523
50.4176
48.8330
58.2824
60.8848
51.9523
59.2528
57.3924
57.9009
63.4187
65.3130
57.4745
50.2212
56.3469
57.9634
50.7020
46.9449
48.5282
49.3905
45.3838
46.7742
43.3492
43.4513
38.9714
42.1284
42.4058
43.8408
50.2275
46.9589
50.5287
46.1124
46.3183
55.5703
53.7725
54.4769
42.4933
43.8644
50.8846
47.7557
51.4286
52.3068
50.8664
45.9846
50.2378
47.9165
50.5579
50.5143
48.7831
47.3550
44.6931
41.7156
42.7999
43.2702
47.8731
43.7206
53.8908
56.7148
62.9049
64.8099
61.3935
58.6999
55.1984
55.5793
52.4464
58.7319
61.1585
56.8578
61.7231
61.8306
56.9414
54.9010
54.1835
56.3800
56.8127
60.3150
64.3363
64.2249
60.1580
62.8466
57.6258
59.9061
53.6895
58.9842
58.1460
58.9923
51.1258
58.9358
51.3173
68.2812
72.8441
60.8952
72.3030
66.9402
73.5696
66.5997
69.3232
70.2161
63.1417
66.9568
73.3642
58.1163
64.1644
67.7482
61.6114
69.4198
76.4417
65.7525
65.8919
69.6475
77.5860
67.0553
71.8646
79.4099
64.8662
64.7755
69.8517
68.1770
79.1698
85.6014
75.6597
70.0435
70.9356
76.8378
71.9867
71.3319
69.9081
71.1932
76.8917
67.4557
71.2997
66.6026
66.6243
70.4346
63.4467
73.0502
63.9800
60.4094
63.8619
61.1632
63.0243
63.6067
62.5555
59.6756
65.1239
57.6788
62.0218
63.7565
67.1397
65.8357
69.5446
60.9869
64.7890
63.9250
67.7493
66.4205
64.5323
59.2670
59.8229
61.3870
53.4203
52.6696
61.9332
54.3547
40.8031
57.9471
46.5538
40.2922
41.7675
67.4963
64.5561
59.1904
44.4534
44.3687
45.3588
45.3839
52.2772
40.3941
41.7879
42.8464
43.6264
45.2024
44.1374
44.7026
43.9635
44.6190
45.6063
46.6002
44.2213
43.4049
45.3113
47.6674
46.5039
46.2002
47.9137
51.7544
51.2056
51.8442
51.7901
50.3574
48.5793
48.6874
49.9894
48.2657
51.3452
51.1409
51.4050
49.2243
48.9739
48.4581
47.5439
47.9384
44.6373
45.5835
42.5337
42.9547
38.9731
39.7610
38.0167
40.7465
37.4865
43.5346
39.1785
42.6527
41.0505
36.7679
43.5173
40.9352
42.7842
44.9041
45.3007
45.9233
45.3967
46.0073
49.0786
53.3041
53.3180
50.3510
53.2758
57.1307
54.5654
56.5240
43.3714
46.3804
44.3159
45.6764
45.8288
43.0939
40.1003
45.5591
40.7171
44.7337
46.1992
49.8900
55.0100
45.6582
52.8082
62.0969
59.6995
53.8200
51.5314
67.9890
77.5489
67.5604
66.1862
64.6794
68.8975
71.1818
70.1265
62.2343
57.2919
51.6414
53.3752
54.0989
54.9782
55.7907
51.9264
52.3490
50.0321
48.5177
51.7616
51.0627
54.2302
51.8853
59.8397
61.2815
57.0649
56.3492
48.5776
46.2087
52.5127
45.6383
50.4563
45.5652
54.0054
48.7701
48.2583
50.9845
47.8998
47.6277
51.3711
56.5866
55.6401
43.3600
48.5648
49.5900
47.6794
50.5628
49.0560
53.9327
51.4249
51.1113
45.5176
45.4409
47.3024
47.5097
50.2349
55.3522
48.2017
50.9033
45.0840
51.7128
50.8668
47.2738
51.6898
47.5455
49.4524
51.7419
51.2354
48.1928
51.5435
52.0495
49.1708
52.8721
53.3138
54.7761
54.3778
52.8047
53.3698
56.1700
55.7413
52.3136
48.4697
46.5495
48.6237
47.4207
44.1465
47.0060
48.4654
46.1495
48.7664
46.0114
44.8985
