0	0.0000
1	5.0749
2	7.1856
3	9.3152
4	11.3955
5	13.4088
6	15.2456
7	16.9475
8	18.5653
9	20.1018
10	21.5590
11	22.9500
12	24.2770
13	25.5570
14	26.7868
15	27.9756
16	29.1200
17	30.2183
18	31.2800
19	32.3066
20	33.2921
21	34.2466
22	35.1660
23	36.0503
24	36.9034
25	37.7254
26	38.5201
27	39.2885
28	40.0337
29	40.7514
30	41.4551
31	42.1319
32	42.7990
33	43.4493
34	44.0777
35	44.6954
36	45.3001
37	45.8870
38	46.4654
39	47.0300
40	47.5865
41	48.1316
42	48.6737
43	49.2073
44	49.7301
45	50.2490
46	50.7669
47	51.2795
48	51.7859
49	52.2866
50	52.7873
51	53.2811
52	53.7683
53	54.2534
54	54.7331
55	55.2099
56	55.6814
57	56.1497
58	56.6184
59	57.0813
60	57.5421
61	58.0034
62	58.4580
63	58.9112
64	59.3569
65	59.7947
66	60.2253
67	60.6436
68	61.0569
69	61.4605
70	61.8594
71	62.2457
72	62.6243
73	62.9997
74	63.3669
75	63.7285
76	64.0776
77	64.4187
78	64.7515
79	65.0801
80	65.3974
81	65.7056
82	66.0117
83	66.3123
84	66.6038
85	66.8911
86	67.1820
87	67.4715
88	67.7616
89	68.0531
90	68.3469
91	68.6355
92	68.9207
93	69.2045
94	69.4827
95	69.7515
96	70.0139
97	70.2802
98	70.5502
99	70.8202
100	71.0988
101	71.3818
102	71.6647
103	71.9594
104	72.2582
105	72.5634
106	72.8870
107	73.2160
108	73.5515
109	73.8890
110	74.2327
111	74.5884
112	74.9469
113	75.3094
114	75.6732
115	76.0425
116	76.4193
117	76.8007
118	77.1847
119	77.5679
120	77.9543
121	78.3446
122	78.7292
123	79.1165
124	79.5006
125	79.8842
126	80.2603
127	80.6333
128	81.0004
129	81.3576
130	81.7150
131	82.0665
132	82.4161
133	82.7566
134	83.0878
135	83.4135
136	83.7555
137	84.0887
138	84.4289
139	84.7563
140	85.1020
141	85.4498
142	85.8067
143	86.1646
144	86.5209
145	86.8809
146	87.2467
147	87.6128
148	87.9847
149	88.3689
150	88.7623
151	89.1629
152	89.5803
153	89.9947
154	90.4124
155	90.8332
156	91.2625
157	91.6862
158	92.1068
159	92.5301
160	92.9475
161	93.3590
162	93.7661
163	94.1661
164	94.5593
165	94.9550
166	95.3384
167	95.7219
168	96.1053
169	96.4861
170	96.8665
171	97.2393
172	97.6027
173	97.9560
174	98.3159
175	98.6691
176	99.0222
177	99.3695
178	99.7121
179	100.0403
180	100.3625
181	100.6776
182	100.9870
183	101.2917
184	101.5881
185	101.8789
186	102.1731
187	102.4612
188	102.7513
189	103.0683
190	103.3953
191	103.7332
192	104.0862
193	104.4481
194	104.8207
195	105.2014
196	105.5888
197	105.9849
198	106.3781
199	106.7645
200	107.1509
201	107.5247
202	107.9018
203	108.2731
204	108.6366
205	108.9954
206	109.3468
207	109.7031
208	110.0540
209	110.4001
210	110.7455
211	111.0812
212	111.4082
213	111.7156
214	112.0037
215	112.2567
216	112.4862
217	112.7025
218	112.9268
219	113.1425
220	113.3370
221	113.5295
222	113.7346
223	113.9289
224	114.1168
225	114.2984
226	114.4555
227	114.5777
228	114.6781
229	114.7687
230	114.8342
231	114.8687
232	114.8735
233	114.9574
234	115.0804
235	115.2673
236	115.5119
237	115.7635
238	116.1213
239	116.4462
240	116.8535
241	117.3263
242	117.6257
