64.4266
50.1596
56.7691
55.8835
54.0709
50.4822
54.5318
54.3082
54.0659
41.8179
41.7805
38.0307
45.0901
51.1236
50.4402
48.7996
51.0459
55.3110
47.4715
38.2102
38.2473
46.7007
46.0868
51.9320
53.1558
53.9492
48.9184
44.8341
42.3950
38.6357
59.2643
58.6557
51.8892
50.7573
48.6633
48.4153
52.8781
54.2359
49.8798
51.2569
55.9179
48.9089
43.4855
49.6917
49.1651
47.1750
46.6538
48.9394
41.2800
45.9439
49.0933
47.6371
47.7805
41.2949
38.5709
46.8690
46.7387
49.9442
51.1157
57.9495
48.4071
55.4997
53.1112
51.4379
44.6074
53.7085
56.4634
44.8592
51.4177
52.0064
42.5562
43.4983
47.3476
57.2647
55.0352
54.6287
40.8156
46.9192
58.7878
57.3386
57.7035
56.3319
56.5195
59.6555
50.6282
43.0443
50.2452
53.8780
47.2381
38.0077
38.4946
46.6676
43.7755
54.6676
51.0453
47.1052
51.2085
56.7127
44.3526
54.9858
51.1280
59.6273
54.3542
54.8529
60.0463
44.9934
42.7612
45.3162
48.3119
56.6564
57.5800
42.1129
42.7462
39.0645
45.2316
43.3259
42.7400
41.4538
38.3143
40.0241
40.6314
39.9883
37.7771
39.6043
41.2534
39.0321
39.1097
38.8735
39.3587
40.0310
38.7352
39.1834
37.2937
42.2322
41.2005
40.4306
41.9831
40.0525
43.9846
45.5992
45.6770
48.7096
45.5621
45.7696
46.0080
44.6060
45.1224
48.8072
42.9881
37.7989
38.7672
46.5015
44.9695
47.6652
45.3397
45.2568
47.7806
48.0100
45.4489
43.9744
46.3376
47.9961
42.2132
47.1463
48.7895
48.5584
49.5473
44.9260
40.9227
44.1820
46.0647
40.8694
42.9852
39.7368
41.1194
40.2185
36.4926
38.6686
37.9820
35.0560
40.8265
38.0187
39.3313
36.4634
38.5432
40.3926
41.4387
37.8938
38.6419
37.5649
36.7214
36.0883
37.8615
38.8508
42.4281
43.3214
40.7089
44.0178
41.7911
45.7890
39.3803
49.6370
43.1495
44.2446
44.6639
58.7199
53.4744
54.2002
46.7020
51.2192
43.2590
40.1208
46.3815
45.7872
44.2319
40.2846
47.6536
40.2025
42.4880
47.6912
53.9117
49.1561
51.4382
45.1852
50.0206
46.1330
50.3173
53.9672
44.5349
47.9448
48.3828
50.9897
54.5856
50.9001
54.6679
47.0422
44.7616
44.2886
46.1514
40.7898
50.2053
45.9075
51.9888
54.1790
56.1341
44.9090
51.2210
42.6489
51.4674
55.4924
37.3416
41.6622
40.2301
49.2536
41.4620
40.9198
38.2509
40.6000
44.0943
41.9403
43.8809
40.1327
41.8138
39.4379
42.7707
48.9885
47.4879
41.5702
47.8739
45.4184
45.8269
54.5189
49.2746
47.4889
52.5902
53.5318
47.1600
38.2671
41.5240
44.7134
52.3758
70.9181
71.3352
64.2074
56.5022
61.4628
57.6404
60.4298
53.1005
52.4932
53.3026
53.3808
55.9517
54.1455
52.1230
56.5329
58.1257
58.3712
55.0645
52.2541
42.0388
59.8036
66.4365
49.9857
51.4417
60.4732
60.1601
58.1876
62.7234
56.9280
62.0360
46.7738
44.0111
50.9487
54.9906
55.1251
51.7629
50.5974
57.8175
53.6048
57.3481
52.5295
40.4384
42.2626
40.8578
43.4525
51.7159
44.6738
47.2803
45.6726
48.5070
44.2304
47.3434
48.6376
44.9678
42.3891
44.3276
50.0666
48.9932
42.9223
42.8801
55.4599
49.2952
40.9603
41.8448
45.7337
44.0807
42.8795
41.6568
45.4277
49.4326
40.9694
46.2088
59.3977
65.3933
49.1333
55.1697
59.2849
47.0731
51.1923
58.4073
56.5416
52.2206
55.5498
54.2289
51.7818
54.9269
56.1198
50.3376
45.3585
44.3120
48.0041
53.3322
45.8990
44.4791
47.6596
52.3173
54.9331
47.7969
42.9756
41.9899
50.3760
51.3367
48.8769
45.8616
50.3227
46.4145
55.6394
52.1196
58.2691
44.8313
51.1135
47.0884
48.0363
46.0463
46.0121
46.1547
47.8417
41.0844
43.8266
41.8981
39.8858
39.4245
39.8570
40.3935
41.6283
43.6930
58.7272
54.0459
56.3491
51.5664
50.5108
48.5885
49.0466
49.3786
49.4818
47.6698
47.9311
46.1845
50.1781
46.0213
45.7020
51.5870
47.6291
47.5077
52.2306
50.0432
45.9695
48.9504
50.1410
49.2646
44.5554
42.1653
41.3410
37.9134
38.5768
39.8975
43.8457
42.4720
40.6398
41.2718
44.5712
48.8335
43.4527
44.3485
45.1509
39.9298
39.9692
35.7296
35.5557
38.8868
38.2275
37.1433
40.5465
36.8867
37.9533
37.2998
36.8100
36.2642
35.8765
38.3891
37.6658
35.3307
39.9953
40.1320
39.3621
39.2629
37.9718
38.9264
36.9523
39.4702
40.3389
48.9334
41.2673
44.1538
42.0678
38.4796
47.7641
46.1174
42.3109
41.0398
39.3848
42.8586
39.7658
37.9444
39.5916
39.2272
38.0200
39.6081
36.0526
33.7098
34.8119
35.9462
33.7456
36.1149
38.8610
41.2234
41.0298
46.8591
43.6648
44.6484
43.8928
43.2584
43.6120
45.0183
45.2812
45.7921
44.2857
44.7115
48.3795
48.1784
54.0298
52.8875
50.6320
51.2313
51.5324
52.9226
55.0493
53.4875
53.2132
51.3008
45.3637
46.9900
43.6340
37.1088
39.2027
34.6184
36.8109
41.5155
44.0883
48.5740
43.8957
42.3622
42.9808
43.3002
43.8579
48.4323
48.1945
55.4427
48.8444
46.0804
45.3996
45.8014
45.6715
47.7628
45.7398
45.5223
50.0985
47.4868
50.9713
49.2659
46.5918
46.8684
52.1822
49.1716
49.3051
53.6914
54.0942
55.2145
52.2236
48.3470
45.4548
44.3385
41.5689
39.8639
45.1253
46.2075
46.6150
43.0740
44.5774
42.4837
44.7732
45.0591
44.3301
43.9447
48.5797
46.6390
49.1023
43.0044
45.1233
42.0441
42.1703
42.9020
38.6131
39.3351
37.5802
36.1068
33.8199
35.0831
34.9432
38.1454
41.5922
39.1249
39.1178
42.5344
42.7094
37.4960
43.3760
45.4298
46.7057
44.4364
44.2016
43.0255
39.6489
38.9031
39.3382
41.3432
39.5353
37.9898
36.5538
39.1329
40.2619
41.3915
46.3428
40.3664
32.9227
39.1417
45.2541
43.7480
37.6351
38.6116
40.7281
40.8766
38.1641
38.6471
39.7430
43.6171
42.6847
39.8528
46.3152
45.0589
47.1343
42.9406
49.6113
51.6681
46.3093
47.2885
44.9094
41.7041
44.8096
42.8709
51.1561
48.7598
44.7413
50.0324
40.5280
41.4561
41.8759
43.1658
47.3491
47.3397
46.9041
53.4095
48.9713
53.3300
46.2399
44.1445
46.1065
47.6834
50.9393
45.0319
48.1325
43.1252
40.5711
44.1342
38.8873
42.5265
46.5845
48.1277
48.2958
48.6503
46.4422
39.6519
43.9088
39.9886
41.1048
41.7671
49.8145
43.6045
42.5065
45.1018
43.8923
43.4827
45.5538
44.7007
41.7812
42.9532
39.4681
44.6615
40.9989
41.1150
36.2831
41.8569
38.4464
41.8595
43.8831
44.4157
44.8502
42.3039
41.4254
40.4513
44.2321
38.7206
46.4022
47.0191
39.5696
43.6220
43.6365
43.8565
40.9468
38.3505
34.9370
35.9827
38.3666
47.5569
43.5742
39.3647
48.4920
53.5849
51.5786
44.0469
46.3792
51.2663
40.6587
45.0888
49.1869
45.9615
44.7211
46.2396
46.9659
45.9444
46.1278
46.9324
42.8369
45.0946
41.6096
38.6479
39.5892
39.6533
41.9572
41.7045
42.4172
42.4103
44.1235
39.4495
39.8925
39.3289
45.2133
47.5304
40.6532
33.9306
37.3270
39.1946
46.6957
56.9665
55.0861
50.3633
53.3951
50.5435
51.8023
56.2009
53.7957
54.5218
60.4775
52.9066
57.3763
57.0130
56.8735
53.6062
53.0187
66.6201
64.6207
61.3765
62.3269
72.4761
59.0188
57.8786
60.3201
58.8132
55.2419
60.0221
57.1078
58.7346
51.2184
66.0397
61.0628
59.4038
61.0259
52.1779
51.8486
51.7288
57.3417
54.7563
56.1437
51.4815
57.5473
60.3937
59.5299
54.6002
55.7962
50.3842
48.1385
50.2693
55.7648
46.2478
48.9484
49.7440
50.0757
49.2875
45.7494
43.3240
36.4620
40.0901
50.4604
48.3172
50.0617
47.4800
42.2528
44.4131
37.5988
38.3480
39.6724
38.8920
42.7976
52.2043
50.4869
43.6198
48.8881
45.6665
50.8916
46.4386
47.2012
56.2125
56.6380
44.5849
51.0138
39.6568
53.5960
53.9702
51.9906
53.8252
54.4754
56.9251
54.2789
54.6863
62.2675
49.9807
52.2187
52.0541
47.8033
48.7265
43.9206
50.7391
53.0136
52.5600
47.8949
49.6497
50.7278
56.1657
41.0048
42.4057
46.2872
48.4481
42.3128
43.0213
42.4492
55.3035
47.1144
46.1058
59.4426
50.0602
45.9008
35.7918
39.8669
39.9373
35.0846
40.1179
43.7282
47.1020
47.4574
46.6614
49.1314
51.7497
56.3988
51.1072
51.4281
51.3795
51.5895
52.9741
49.9913
44.9848
47.9834
45.1176
49.7449
45.9615
49.6929
51.9523
49.0107
51.4711
52.0435
47.1743
45.4938
47.6375
49.0955
48.2229
48.7470
58.5477
63.1381
57.0554
52.0306
57.4058
50.7261
38.5504
47.8014
46.6404
42.4106
43.2495
38.0524
37.5438
35.0971
37.1077
50.3343
42.4497
40.7688
49.1923
49.4253
51.8370
57.3370
51.0978
50.4821
60.8096
50.9972
52.6969
41.8350
45.2740
44.9173
44.8916
45.8894
52.3297
50.4985
49.9580
51.8333
53.9879
59.0901
60.5744
66.9998
62.6945
72.8003
63.0612
57.4466
60.1873
46.7402
47.3521
50.0334
49.3947
50.8224
48.0464
49.3073
48.0908
43.1713
44.2847
35.8630
37.3543
35.2497
35.1692
38.3925
39.6512
41.7573
39.9866
43.4210
44.5531
42.8371
39.6693
43.7146
37.4649
36.6605
43.4626
39.3587
41.6184
42.8250
47.5908
47.1889
45.8006
45.6700
42.6793
44.3817
48.1374
53.9631
52.2148
43.8253
50.6074
50.8272
43.4505
43.5511
43.4424
42.3067
44.8687
45.0711
43.8374
47.7666
46.6496
47.3875
45.9147
46.9096
50.7120
48.5630
46.5234
48.8760
45.7439
46.4112
44.3433
42.2686
40.8484
40.0008
37.1176
36.7322
39.7204
38.2151
37.7318
37.7092
36.5274
35.6036
39.6617
37.0525
37.9663
40.5622
39.9963
40.2186
46.0938
50.3792
40.0716
38.5971
38.9600
51.5762
49.3722
50.2304
43.0521
50.3895
52.7329
47.3990
47.1812
45.5762
51.9279
51.4006
50.6271
51.6066
58.2904
55.2447
52.4997
57.1195
57.6739
42.4245
56.4339
54.7089
49.3483
51.9896
51.1069
48.7107
47.1216
50.0383
54.7080
50.0303
47.9137
48.3584
51.0810
52.3923
47.9514
46.8613
46.4034
37.9090
37.8045
33.4534
36.6420
33.6680
35.8145
35.7438
37.6556
36.1861
38.0605
37.0048
36.7703
37.7968
42.8124
43.3534
46.1373
35.9855
41.5377
42.3616
40.8518
41.5398
47.9926
43.7853
41.1032
44.4051
40.3877
46.2267
48.4026
46.3803
45.0899
47.8291
44.5387
42.3848
49.6599
50.5248
44.9546
43.9860
38.2250
40.0051
40.7514
42.7778
41.7527
41.0481
37.0618
40.8464
41.5512
41.4620
44.1952
43.8313
42.5134
43.8540
39.9827
37.7655
38.3171
41.9793
39.4335
37.5326
37.6086
36.4100
33.3297
40.8312
40.6451
39.6949
40.5892
39.9162
42.7061
41.9585
45.1063
41.4335
42.0308
39.8592
35.5843
36.5292
40.4719
41.4299
38.5122
34.5997
32.9893
36.4763
36.3728
42.2372
44.7546
42.2310
46.9187
44.5303
42.6936
40.8198
50.1187
43.2105
55.7512
47.9627
46.2908
44.3311
39.7772
45.6453
51.2574
47.9980
49.1715
47.5672
49.9681
48.9130
43.2289
47.4151
45.9322
44.4359
40.9698
43.9804
42.9625
45.5644
50.8842
47.6281
41.2159
41.0948
41.8444
41.1724
39.9960
50.4155
46.6515
43.6427
43.8874
46.2482
52.3797
48.3601
44.5289
42.8644
38.3654
42.3438
41.6425
39.5848
39.4977
39.9116
38.7348
36.3734
39.0585
35.6401
37.5489
41.3459
40.4036
38.2652
40.3100
39.6347
38.0526
43.5750
46.2315
50.2902
53.1354
53.1738
49.1235
49.0867
47.1821
46.4876
49.4501
53.3282
55.2423
54.5342
56.6035
51.1368
52.1814
52.8265
58.3619
55.1457
55.4336
49.9114
53.4389
52.4924
54.4426
56.6380
50.1760
52.9744
51.9635
50.7539
48.7490
44.9210
51.7593
49.5426
48.3879
43.5757
49.6817
44.1943
38.5371
48.3817
52.8086
52.6883
43.4276
56.1050
40.3540
41.9446
41.4475
42.5058
49.3015
41.5061
46.2119
41.8518
42.8746
42.5876
52.6919
50.6673
51.8536
49.3251
45.4012
45.8928
49.6514
56.5215
45.3676
44.2455
41.4936
47.2827
46.4492
42.7755
41.1095
46.1632
43.6687
52.2486
53.4748
39.6833
41.3623
42.6884
42.6484
36.8797
35.6269
35.5110
35.2524
34.2400
41.6491
36.6813
35.2709
46.7232
43.6990
48.8385
44.8160
39.3820
47.4243
43.7160
48.1903
48.0406
50.2807
46.6547
44.6321
42.3697
46.3392
43.8317
42.2526
42.4219
42.2304
45.3538
45.2941
45.1448
47.5361
45.4046
42.9594
40.1313
42.4367
47.7702
45.2286
43.7958
49.2398
47.4530
45.9484
45.9124
46.5458
46.4844
42.6561
40.5662
46.5967
44.7865
44.3884
43.5571
39.7377
40.0219
40.0044
39.8556
47.7748
43.8517
37.3700
37.3435
41.1663
42.6843
39.5053
39.2081
49.5068
45.5238
58.8303
56.1362
47.0066
53.8261
43.3721
50.5246
56.4561
46.3441
39.1050
42.2557
56.1287
51.6396
57.2825
47.8263
57.4809
43.7980
42.8963
43.1744
40.3671
39.2742
40.5407
40.5714
50.8040
40.9601
43.7417
43.7725
43.1343
42.6813
40.4008
40.1048
40.5528
39.7773
41.3174
45.3807
45.8754
45.1387
43.8787
47.2349
46.7746
43.1215
44.4925
44.4246
46.3328
48.1064
46.0544
42.6985
43.2891
50.9593
45.3477
40.6441
42.5341
41.9935
36.3108
37.8185
43.6523
43.4156
47.5041
48.6828
45.1999
38.6162
45.6870
46.2195
42.3388
43.3442
40.5981
42.1345
42.3926
40.5776
48.3731
44.6549
52.6654
45.0518
51.1153
39.8082
37.9830
38.0435
41.8119
38.4653
36.2405
38.0205
36.0362
35.0816
37.2870
43.9924
40.7422
40.4685
40.0970
48.1784
46.4595
51.9449
50.0207
48.7740
50.4805
52.0239
45.8231
53.1894
46.9152
41.5147
46.4349
45.4542
44.8795
44.4613
53.5422
50.8138
52.2214
48.7598
41.6381
47.3716
46.0272
45.8379
50.3368
41.9549
40.0915
36.7797
40.0694
42.0221
44.4049
40.6248
38.7069
40.5061
42.4782
38.7335
42.1303
40.3347
39.4689
42.9991
39.5895
39.8288
38.5570
42.4572
47.6997
44.2077
45.1337
40.7103
44.6121
42.9033
41.6527
40.2314
49.8800
49.4259
50.9398
49.3129
46.6676
53.3595
43.7994
46.6047
41.5253
43.1858
42.3828
45.0872
41.1312
43.0585
41.1332
39.8643
37.6136
39.8809
41.0688
37.1560
41.1553
34.5916
36.4620
37.1000
44.9467
50.1554
39.6435
51.1610
49.3145
47.3798
41.5992
43.7883
42.5344
45.6584
43.0957
44.3052
47.7085
45.9521
49.5054
50.5820
48.8639
46.9174
43.9790
50.3149
54.9865
49.5558
53.1627
55.2040
57.8777
46.6044
46.2867
56.4515
54.0246
48.8668
62.5493
57.6642
56.8041
55.9550
55.1950
58.6199
56.6065
54.6758
58.1183
58.7862
54.5841
54.9927
53.5820
52.8045
53.3886
58.7211
58.6170
53.6521
54.6011
58.2657
51.9283
47.4525
50.8737
53.3861
51.0377
57.9395
53.2465
44.6693
49.5732
46.3887
54.1378
57.5273
56.7447
51.9839
50.3747
55.2352
62.1789
64.9191
55.6022
53.5003
56.4297
58.1892
58.4899
61.0723
61.4389
51.9421
55.0776
56.3053
52.8779
50.6991
49.8279
52.9034
57.6579
57.3901
57.9286
53.9548
52.5318
52.2621
59.6220
58.6000
50.5721
48.3053
55.4731
53.5692
45.3914
52.8544
46.0235
44.5982
42.6028
46.8972
37.1630
51.2229
44.4137
41.6882
46.5836
40.5841
50.4743
46.5470
46.3530
43.9022
50.2599
46.1707
44.3856
50.0883
51.1276
36.2180
36.4401
38.8414
44.5059
43.6404
47.9944
57.9351
54.1727
49.3445
52.8054
50.8108
49.1152
47.9059
51.8979
49.6380
46.6103
55.7122
50.5001
45.4177
53.8980
50.2216
48.3262
49.0419
44.8007
46.8042
51.8412
50.9600
47.6604
45.4667
47.3087
40.3443
43.4537
47.8690
47.6721
46.1325
41.7603
48.1107
52.5920
51.7551
52.1860
50.9309
54.7558
38.2132
36.5123
39.6982
45.8985
43.3832
46.8487
45.9285
53.8777
57.4495
56.5633
48.2485
45.0557
50.6465
51.2740
49.5311
48.8676
47.6527
44.5819
44.7514
37.9579
45.9454
39.1527
37.0529
35.9417
38.5627
39.9983
35.6478
44.2250
43.8734
43.2939
39.3159
40.3769
43.0377
46.4069
42.4417
41.4190
39.5921
45.5839
38.3168
43.9964
42.2437
43.0048
44.4029
44.7930
50.2581
46.2920
48.3983
38.0645
52.2517
49.5752
37.8558
42.1797
38.0367
35.9674
39.3401
39.1999
38.6813
40.8755
41.6781
54.9540
52.4056
45.6996
52.2231
44.6127
47.1506
44.0272
53.7773
59.8823
37.3177
39.6353
43.7302
38.3223
42.0362
35.6425
33.7312
33.6254
33.7450
37.0202
34.1875
40.9081
38.8656
35.5312
34.5333
34.6343
33.2824
36.2283
35.8459
37.7909
35.6330
37.3229
36.8417
35.9961
35.0983
38.8890
40.6208
34.0338
36.0039
35.0824
36.0968
36.9725
37.3973
38.1720
35.5172
37.9346
37.9825
36.2219
38.6887
40.8793
43.5021
41.0769
43.4782
42.1219
43.5804
50.1235
47.3509
42.1419
48.0678
49.8390
53.1523
55.1037
50.9798
56.9254
46.0320
43.1311
43.7588
50.1265
52.3699
41.9916
40.0343
44.0684
40.1930
40.9175
46.0825
43.0137
42.1257
41.1100
38.5459
39.2094
38.9063
35.8186
37.5419
43.7842
48.9609
39.2396
34.8450
38.2781
31.1599
40.3106
43.5123
48.0716
44.4417
47.8395
38.9516
43.4902
51.4724
51.8558
43.9252
45.1394
35.9390
39.1368
42.2949
41.5810
46.0541
41.9979
41.9488
44.7575
46.2295
43.9499
37.7376
38.4284
37.9977
39.2967
39.1462
36.8528
37.5672
38.1667
40.9944
41.8329
43.9083
46.1067
40.6073
42.0669
41.2879
43.9567
39.4368
50.5971
48.2287
52.9809
53.4277
57.2408
47.8001
43.7893
48.1697
46.9145
43.7909
37.7338
36.6293
36.0895
43.9298
37.9800
38.1491
45.6496
42.7745
45.8324
44.5149
55.2308
53.2440
45.6201
60.0440
51.6089
49.4288
49.3006
53.5395
49.0887
59.0195
55.1199
42.7267
51.6100
46.6994
49.3580
45.4964
46.3046
50.4043
51.1925
49.6111
55.0961
53.5615
46.0951
46.0048
36.1973
42.4044
42.2272
43.6463
42.9480
53.4838
44.4896
51.6603
52.7011
55.8971
43.4102
47.8437
49.0941
52.2188
58.6189
55.9682
56.6501
51.6586
52.5651
56.6261
57.4612
51.1084
55.2299
56.6401
54.1449
56.2611
47.9757
54.6570
52.5016
53.6227
57.7566
56.3628
60.6430
51.6242
57.2524
58.7870
47.6896
50.1647
54.9703
56.6264
51.1043
56.9755
56.3860
56.5453
43.1319
43.6370
41.3022
60.9044
46.0252
44.0789
39.7191
42.5734
40.4834
36.9777
37.8771
38.2677
57.2395
51.6919
42.6874
49.3920
59.2464
48.0898
45.3434
40.8487
39.6525
47.2588
46.2948
47.3478
35.5394
44.1958
37.1643
37.4811
40.9103
38.7885
36.0493
37.0520
36.1368
38.5761
40.4320
39.3156
45.6025
38.6328
46.9834
47.6914
46.1278
41.5989
46.3998
44.3862
43.0855
41.0872
42.8790
44.4081
46.3705
43.2641
40.4322
46.2946
45.2848
39.3866
38.1978
39.2677
45.8883
53.7842
49.8519
54.7443
50.1797
50.4520
53.7916
55.2182
42.7690
46.0494
43.2781
45.5614
39.9992
40.8425
39.9202
36.3488
36.9752
37.6204
39.3002
35.2117
38.3687
37.4004
41.3989
42.2551
42.4847
40.7084
43.1065
45.4294
46.3767
51.5903
54.6030
66.1955
56.8616
50.0206
42.4795
43.8697
42.3241
43.7763
41.4151
55.5235
51.0322
60.6282
61.1560
53.1382
56.2978
50.8515
47.4726
57.5350
52.3115
58.3092
42.4821
41.9614
53.6406
46.7366
42.8666
54.3290
58.5043
53.6792
58.1623
53.9602
43.5972
48.7758
53.0662
58.1539
59.4692
56.2029
56.6907
55.7106
57.7669
54.3404
48.2541
50.6514
52.7436
50.2569
48.9293
45.2244
49.2549
47.3479
45.4638
39.1141
39.5409
38.0337
43.1233
41.1167
35.1172
32.7312
39.5285
43.5589
40.2512
39.0010
39.4288
46.8260
45.6832
41.4179
46.9094
51.7910
46.2139
48.0735
49.7464
54.9375
55.4478
58.4650
56.6975
62.2608
60.2891
55.2352
59.9699
58.0574
49.8845
63.1233
65.2482
56.9219
52.7730
55.3244
58.6876
56.0581
54.1322
57.7362
59.5475
54.4039
55.8009
47.5221
42.2717
56.7212
58.1923
53.5581
53.0435
47.0513
49.8062
53.1704
48.2174
57.1881
57.5270
59.9536
60.3618
56.5324
49.0696
42.3749
37.9105
39.8371
39.9577
42.2922
44.6304
41.9848
40.6534
36.7367
37.5820
38.3393
38.9473
35.8636
39.3349
41.8707
45.2255
45.7448
46.1256
48.8313
39.2431
36.5498
40.0425
38.1540
40.5718
39.8234
40.6185
38.2734
47.3298
51.0136
48.2106
42.0666
48.1461
46.0685
46.9831
51.2741
47.9623
50.6100
47.6092
52.1893
53.2400
53.5437
52.9314
49.1633
46.2461
49.5791
47.7459
44.9907
45.5877
46.9468
47.4550
51.8450
58.7834
53.3492
50.6984
50.3282
47.8166
52.2028
48.1046
39.9111
50.4768
49.8265
43.2754
47.1893
53.1812
56.1769
45.0665
48.3701
45.6540
50.9005
46.0102
46.9849
41.5388
44.0699
52.4449
46.8247
46.2513
45.6632
51.3660
46.8017
44.1889
37.6744
36.3936
36.5262
36.9650
38.8972
44.8715
38.2775
47.0393
49.0080
56.7481
61.6681
60.4439
49.6738
55.8088
38.0014
44.1673
46.6315
48.3961
46.3144
51.1137
41.2257
50.9066
51.8925
52.5488
55.2176
60.6199
52.3886
58.3253
56.7462
55.1125
59.3277
60.4759
46.3304
53.8046
55.8343
56.2194
62.1693
61.5065
55.2187
58.0489
59.5346
56.7008
50.4367
51.8167
53.6136
55.3963
57.5838
58.8450
63.5532
60.6714
55.9094
55.1564
53.3996
49.8738
48.2058
45.9466
42.2366
43.8857
42.4596
39.0134
41.8083
45.3238
48.9555
43.7483
41.8977
42.3408
39.7925
40.5015
46.8806
44.9373
38.9698
39.5059
38.0006
40.8045
42.6678
40.9689
41.8599
44.0526
56.6346
40.3197
40.9048
45.6760
39.8470
43.5517
36.7362
41.9894
41.6765
38.2310
38.1617
38.7469
37.9324
38.1145
39.4497
38.3934
45.3322
44.9054
38.0868
40.0633
38.5481
42.6753
41.4292
37.1886
44.5254
45.1148
42.3823
49.5367
40.0436
43.1969
47.3520
38.5678
41.1489
35.8092
48.9844
42.4636
40.4970
47.7691
42.1388
43.1839
41.7912
35.5441
36.5917
38.0696
36.8147
39.3484
39.6198
39.8117
38.5406
39.7365
38.7108
49.0509
48.2960
42.0740
45.8472
46.0895
46.6349
50.5833
48.1270
46.1670
39.4273
40.5423
38.2265
38.1442
37.0898
39.2396
43.4185
39.4779
43.7100
47.8192
49.7569
49.0604
50.4213
45.8569
46.0643
53.7654
54.6583
57.7060
56.6418
44.3360
50.4590
54.9110
46.3098
43.5930
48.0864
52.8378
48.9476
57.7522
48.9959
42.5278
46.8947
47.2467
43.6037
45.5552
44.0412
43.2237
51.1075
46.8409
47.1646
46.9670
54.9322
51.4803
49.6807
48.3043
52.9219
52.5022
48.7752
53.0700
55.6609
55.1377
52.0167
46.8972
53.2970
51.5484
51.9550
56.9536
52.1736
49.5354
51.3917
51.1771
49.6180
48.0366
54.8057
55.6024
48.4113
51.5696
54.0055
52.4045
43.1151
42.8524
43.9539
42.6700
45.6563
45.7646
48.2806
53.6418
52.5785
50.8301
47.3666
43.9321
46.7918
47.1956
49.7095
50.2169
54.9735
56.5954
56.7406
62.2452
50.3979
51.0008
50.3006
48.6992
46.3950
45.3287
44.2498
44.3032
40.4456
41.5923
46.1097
44.9863
48.8734
45.3886
46.5610
43.9678
50.8549
45.0894
46.9905
52.0199
44.0408
44.7616
45.0928
43.9988
46.2206
47.0313
50.0280
46.6004
51.0570
52.9111
42.1832
42.9054
45.2727
44.2264
52.6510
46.6426
45.9654
43.9450
54.0717
48.6687
43.8863
47.7809
52.4156
49.8745
43.5899
50.6468
45.5526
47.0579
52.0049
47.6089
45.6639
42.0692
43.0494
43.7297
42.7591
46.2166
45.9273
47.7962
47.7932
40.7767
52.6582
46.4168
50.1123
44.1909
48.1409
42.6932
43.9295
43.7837
51.4596
44.6812
45.0093
45.0976
45.4731
45.9090
45.3153
45.5053
48.2739
46.6652
46.8975
45.3398
43.9965
49.5484
41.3471
48.4736
47.9355
49.8322
51.1218
51.7822
52.0260
50.0599
46.8006
51.3872
48.1024
46.1006
44.3549
40.2972
38.9181
43.9904
42.4629
38.9794
42.5172
46.1840
47.0981
46.8418
46.7034
45.9082
41.8688
44.3318
44.3319
48.1855
45.5942
49.5278
49.3771
50.5855
45.2166
49.2022
49.6726
48.3462
47.1886
49.6759
47.6128
46.7206
48.9374
50.8134
48.1258
44.2089
42.8216
47.5989
50.2686
47.7489
44.6616
44.4103
47.1791
47.2606
49.7619
47.0893
49.2334
47.2010
49.7004
51.1934
49.7426
52.4302
52.4741
54.3521
51.9872
48.4235
47.4689
51.9100
54.0796
56.4767
55.3218
49.3176
55.6629
47.1055
43.5651
47.0761
47.1250
42.3280
46.7037
45.0002
49.0197
49.6564
51.0122
51.4115
48.5891
54.6491
52.4531
56.2460
56.4992
54.3368
45.9655
45.8019
48.5157
46.4432
42.3051
38.1482
45.0366
46.3927
46.2148
46.1295
42.5475
44.5516
36.0199
39.5125
48.4998
40.3762
43.3362
46.0475
44.1660
43.2110
46.1914
48.0130
46.7947
57.0396
53.4557
50.5339
48.5593
53.5850
50.1855
51.3377
47.3528
53.6007
45.7669
50.1073
53.7733
53.3805
48.8834
49.0205
47.9623
41.7679
45.3380
47.6686
42.7363
52.9939
50.0967
49.5724
44.2619
46.3102
48.3451
49.7970
46.3360
46.0284
43.7606
44.8280
47.4584
44.8657
44.5508
45.7639
45.6521
47.7299
42.5843
41.3095
43.9849
43.0829
41.4929
42.1050
42.2925
40.8226
40.2694
37.8206
45.0798
47.7464
50.2801
53.3691
51.7066
45.2900
52.9453
51.4383
50.6785
49.4957
44.3491
41.6180
41.5235
46.6771
41.9276
41.2032
44.7765
43.0507
39.4581
49.4496
43.9356
49.6155
50.6889
42.7443
41.8852
46.7093
46.7579
46.7525
49.9843
53.6440
51.9061
45.2934
47.5646
41.9248
43.9618
43.1915
47.2153
48.8659
44.0727
43.8294
42.1878
41.9124
39.2688
42.8398
45.9494
42.7008
46.6927
49.6567
46.9109
51.0663
47.4142
44.5178
44.4448
49.5055
48.7227
48.3509
49.8860
48.2277
51.9602
47.7206
47.3222
45.6095
44.2784
45.6879
45.8014
46.2538
44.2021
46.6054
47.7360
51.9464
49.4243
51.9595
47.9264
47.9261
49.3997
47.9415
47.5551
47.2870
49.5059
48.8771
52.3094
47.0910
47.0224
50.3886
50.5266
47.4917
49.9898
48.8958
46.0900
45.5406
44.2431
50.3546
45.6422
41.7031
42.7112
39.7171
38.7710
38.0277
44.8906
40.3485
46.6997
41.0476
39.5642
41.4362
37.7817
41.1456
41.2121
44.0941
42.7751
44.2357
46.6870
45.5303
44.4858
43.1599
44.0957
45.8998
44.9204
41.9487
39.0243
38.7904
40.9326
42.8543
48.3799
48.6510
43.8769
42.5771
44.3943
41.0821
38.3261
38.1449
35.6938
37.0138
36.2996
36.7025
36.7752
37.6808
39.8542
36.1002
37.9178
39.5873
40.4154
40.5785
38.4453
36.6342
34.6712
40.0444
39.0244
35.8992
37.8507
40.1963
40.3830
37.5843
36.1479
37.1943
34.6985
37.9218
38.0808
37.1231
36.7139
36.3057
35.1368
34.8283
37.2979
37.7712
38.1581
40.7949
39.5624
38.5137
36.2804
31.6781
34.4984
35.8672
35.6662
36.8692
36.5379
32.1824
34.3161
36.3788
34.5897
37.0855
37.7698
39.6966
35.8843
35.4313
36.9574
37.0895
39.1744
37.0693
40.0007
39.2743
37.9739
39.4585
34.1537
36.1751
38.7941
39.5161
41.5305
39.4526
36.4069
38.9257
36.7714
37.5497
37.5885
39.3329
36.5626
40.4804
41.0129
40.0370
40.2106
37.6038
41.6687
40.7315
39.7755
41.0443
42.7682
42.3497
42.3200
49.4731
43.9124
43.1054
37.9786
40.6046
40.9080
38.6811
43.6127
42.7072
43.3889
44.6106
37.5664
40.3616
39.3924
38.2080
40.3920
35.8158
36.9944
38.6120
39.6219
41.6738
43.2546
43.4904
40.6376
36.6004
35.2169
37.7291
36.0725
33.4811
37.3907
38.1799
36.4155
39.2756
38.8245
35.6656
37.2307
36.5127
38.7058
38.3743
35.6069
37.6404
39.1640
46.1413
39.5643
39.3631
36.1400
40.6969
36.9984
36.6225
35.6422
35.3830
36.0100
35.9018
35.4083
35.2094
33.9644
37.2522
37.9384
39.7002
35.9645
35.7298
37.1276
41.8777
41.0355
37.4293
36.5227
36.4940
36.6690
36.6291
36.0598
36.1807
36.2125
35.2971
34.3869
34.1464
34.9482
35.3210
35.4465
38.5682
36.7683
37.2335
39.4370
37.6119
40.6557
36.5584
39.4008
39.1870
37.8073
38.1391
37.6817
38.8833
40.9688
39.4840
38.2659
37.3651
39.2739
43.2544
45.8971
49.6969
45.1289
56.2961
51.4362
44.0560
47.3750
41.8285
40.6496
41.1979
45.5821
47.9221
45.4046
52.7315
51.0642
47.2680
52.6839
59.8207
57.9437
54.7619
57.9099
52.8196
47.7706
51.3476
58.2779
48.6478
51.2008
48.2061
48.3494
46.8394
50.5725
48.8139
50.7477
55.4975
53.8529
46.2078
45.9080
44.8699
48.1452
50.1276
49.4162
50.1569
52.0292
46.2990
35.3490
37.8794
39.4282
37.7930
39.8535
40.8439
34.5166
39.0687
42.2571
35.7788
34.6553
37.3715
35.4316
36.8413
36.2911
33.4956
40.9670
41.3060
36.8324
36.2570
37.7205
37.4784
38.6433
38.1822
38.0407
38.0855
43.5209
43.3314
40.7472
40.8815
44.8670
47.3490
44.8624
39.9089
35.3295
37.1501
36.2471
34.8120
36.7971
34.4155
42.2611
42.0077
44.1206
49.7987
48.8078
56.2228
52.9560
49.5321
40.3081
48.2382
39.6886
38.6788
39.4769
40.7486
38.9574
41.1686
39.5032
42.0983
41.1939
39.7955
40.1340
38.8892
41.6184
51.7193
46.9879
53.6837
48.8577
49.3745
47.3190
46.4279
44.7432
44.8904
41.8971
48.4228
40.9414
41.1168
44.4355
41.2210
39.5627
34.8969
54.6599
49.7853
41.1396
43.0696
44.4417
40.8690
41.3805
45.3107
45.4683
44.0264
43.3160
43.2227
40.3923
36.6502
41.7978
46.3716
38.3983
37.2316
43.7756
40.9115
38.7797
40.6637
39.1134
39.9999
42.0090
47.2320
41.4420
43.2477
41.8181
40.3116
45.0737
43.5254
42.8530
43.5923
49.2851
49.7353
46.2184
51.8717
46.2983
45.0613
49.0377
48.5285
46.3584
38.3878
43.4419
40.3222
43.8834
50.5546
42.6208
45.9004
49.1474
48.2348
52.5596
46.7366
47.5726
53.0980
58.3967
60.1331
55.5455
43.9383
66.0905
65.5531
55.4800
58.2971
67.1853
62.2102
58.1303
57.5934
57.5345
55.9783
67.9557
56.8683
59.6993
59.2220
61.1006
64.4030
62.2733
54.3412
54.4715
50.8687
60.6852
54.1486
54.7006
51.3409
45.2491
54.9385
50.9087
47.1231
51.1377
53.5359
59.7446
48.4568
56.0483
49.7500
52.9393
54.8472
54.7736
46.3295
50.7357
45.1287
54.4915
50.4044
54.5739
54.6244
57.0803
51.3131
49.2224
47.8200
50.1235
53.1395
48.1151
45.4320
46.3440
44.3236
44.6640
40.8300
47.8563
45.9116
51.7251
46.3475
42.8915
41.2798
46.2895
41.8756
43.9034
57.0499
59.9980
60.3948
52.2562
58.2125
58.0158
52.8542
45.6033
44.0151
50.9289
53.6039
54.2429
51.7387
49.1553
49.5029
41.7834
40.5099
54.9008
60.4018
59.4109
56.4034
59.2537
56.5637
55.3051
54.1362
58.7127
46.5310
54.9820
55.7081
57.5186
59.6332
57.4060
52.3530
53.1456
58.5840
54.4810
53.0347
52.5659
53.3188
53.9214
56.0315
51.4325
44.7385
34.4489
39.7931
42.9855
40.9028
40.9903
38.7170
37.6655
38.2858
37.0878
39.9068
41.3094
49.9966
53.4369
58.0979
58.2826
56.5309
49.7759
53.6663
49.6164
47.9026
48.8786
48.2852
41.7733
45.5368
40.8185
39.7029
39.2059
42.4482
49.5948
47.6467
49.1550
47.5584
42.4178
44.8253
46.1936
46.0346
39.8831
44.1404
46.6092
46.5401
43.7114
43.1987
49.2150
46.2769
43.6122
43.2981
46.1208
43.4302
48.4550
36.1886
43.7268
42.4736
43.3000
44.1180
47.5258
43.2453
36.5959
46.7759
47.7787
38.9041
37.0933
52.3667
54.9333
52.2470
48.3107
53.5630
56.1573
53.8149
53.0924
60.6563
51.3541
66.0134
61.7806
53.7336
56.7427
53.0802
48.4519
58.0093
49.6488
50.8938
46.8214
45.6074
43.4274
44.6675
48.3027
49.7944
45.7974
51.8825
55.9102
48.9861
52.3181
45.9958
53.7622
54.5638
54.8336
56.4118
57.0440
50.2637
42.5201
49.1945
46.1943
51.2773
52.2429
58.0660
53.4643
50.6783
45.0191
48.2171
45.4566
44.7747
45.6494
40.9037
41.3469
33.5763
40.1827
51.3558
45.6240
49.3923
44.6770
45.2752
42.6608
48.4469
39.5163
41.9602
42.2302
42.1300
44.6502
44.7429
49.3074
63.3750
57.8092
53.0388
47.4861
47.5298
37.2686
41.1880
41.7390
42.0661
46.9022
42.1375
44.8266
42.6591
52.9445
61.7351
60.0186
55.1367
50.6842
54.3935
52.9471
53.4260
46.2499
42.9416
39.5363
38.9053
41.6121
45.3287
54.2686
52.6610
46.7296
49.6742
56.2954
47.2947
41.2960
43.8013
52.5862
50.8976
50.9488
46.4805
54.7099
54.6065
52.9545
50.6991
55.7203
56.1567
55.1933
58.5882
54.2300
57.2686
53.0719
50.9202
49.8049
54.5550
50.0055
44.6944
46.2639
45.8277
42.2501
36.8474
39.5723
42.4666
38.4964
46.8517
46.7327
45.6444
55.8756
55.6870
55.3890
54.7474
50.9963
52.8254
48.1513
52.9192
54.3203
58.4416
56.9938
49.1595
42.2505
48.5767
45.0032
35.0199
36.5243
40.3560
36.0220
36.9186
42.3369
46.0723
44.0386
50.8464
42.9779
48.3244
45.6868
52.0156
55.0126
50.4579
46.5346
46.0896
45.4755
48.5884
38.2814
41.0859
35.2962
38.7494
35.1967
35.9174
36.1633
36.3937
37.6748
41.2556
41.8776
41.7590
40.4151
39.0956
40.1650
38.7956
39.8562
40.7515
42.5538
38.5813
44.4061
43.1510
51.7374
53.2700
50.7808
56.6609
61.6136
48.4485
62.2861
53.8611
53.7399
57.7552
43.3962
52.7618
55.3235
56.0854
51.3519
51.5442
52.3676
56.5977
60.8407
58.2225
56.3470
63.7284
51.9604
50.3099
57.9767
41.7459
42.2954
56.2496
46.4221
51.2889
53.4118
56.4043
56.5792
54.8613
54.3959
51.6442
63.4162
54.4348
46.8903
51.0341
42.8617
42.1244
42.8588
42.3196
52.7121
44.4802
45.5248
46.8422
42.5460
47.2454
42.9654
45.0345
43.8880
38.4752
37.8530
44.0327
40.5678
44.5848
37.1409
40.7684
37.7966
43.5190
38.2277
37.4008
47.0008
39.2883
45.9892
49.5858
59.6492
56.8553
63.0597
55.5431
56.5963
49.6423
42.8818
42.1607
43.4034
39.2776
40.3564
38.2794
38.3518
49.8387
47.9021
51.1921
44.1529
44.7426
41.5249
45.0412
41.5464
42.3103
42.8651
44.4059
44.7746
44.8690
44.0932
47.4359
47.3849
45.4619
49.5138
46.7007
43.0680
46.0835
44.2640
44.6618
49.3659
58.5583
49.7783
56.7195
39.4280
43.7016
45.7959
48.0558
41.6188
45.6947
50.3149
44.9027
55.6976
55.4412
45.4029
51.7033
51.0724
57.3168
47.0664
41.5548
39.1410
43.2356
45.0148
48.8315
58.1100
54.9895
57.8189
54.4327
58.9286
53.6043
44.1159
39.8288
43.7683
58.4572
53.0560
56.4780
51.5694
58.3088
56.6404
46.0215
43.2172
36.2903
36.4784
39.4622
38.7539
40.5758
39.6143
35.7028
37.9237
41.0328
50.4375
58.2172
58.3991
54.6419
59.5265
54.1490
59.7631
60.9431
49.9245
42.7185
38.9969
48.4569
58.7977
71.1151
55.4397
53.9123
51.9859
44.7330
44.3975
51.9630
54.5295
59.8509
65.7893
42.2892
55.7295
50.5645
49.3690
51.0381
51.2023
46.5583
40.6484
39.4863
44.6293
43.6716
44.9909
44.8107
48.0155
48.5640
49.0973
45.3403
43.2427
42.8051
43.4708
47.5890
44.6277
46.4562
41.7964
66.9062
53.4539
54.2128
43.0361
41.8087
50.7667
50.2234
52.7658
41.7938
48.3590
47.8411
45.6154
47.3196
43.4117
41.8099
49.1813
45.8179
45.1525
53.5839
57.7954
53.4367
49.2300
47.1680
50.2005
50.6248
48.9436
47.0365
44.5584
37.2404
38.4741
38.9257
36.9342
36.8995
38.1435
40.7266
44.7790
50.2253
42.0445
46.8037
41.8141
50.2955
44.0931
44.5058
57.4925
42.6418
43.7762
45.7856
43.7611
38.9414
42.9326
39.9654
41.6145
39.4427
40.2448
43.2487
40.7370
42.9820
43.2991
40.6329
48.2889
46.2867
43.0380
45.5725
42.8955
44.3843
47.5743
46.1979
50.8308
50.7760
47.3856
47.3625
49.5558
53.1121
58.7671
45.3392
41.0557
44.7444
46.6635
44.9555
40.5957
41.6691
41.2932
40.0079
41.0592
43.5665
40.7683
40.8994
38.6416
37.7926
41.8038
41.6888
40.9946
41.0861
43.2737
42.3336
45.9019
42.0291
41.5721
40.8442
41.9019
41.4944
44.5108
42.2822
43.4591
47.2794
44.3698
52.7080
48.3417
46.8374
49.5668
44.2675
49.7549
46.6473
44.0927
53.6132
52.6612
47.5357
46.4010
46.2653
47.6829
46.1272
44.8541
49.3194
41.4661
46.2008
51.0591
48.4653
51.8367
48.4685
44.4010
46.4617
45.9068
44.9952
43.7640
42.2618
47.8328
53.7342
49.3431
44.9606
45.5306
43.7938
43.6785
46.0053
46.8718
50.1577
52.4327
50.0713
49.1763
46.2007
41.8603
43.5199
43.6916
46.0250
49.2928
50.1844
46.5656
47.8914
53.4064
49.6355
46.8117
59.5979
47.9745
53.3905
55.5104
47.5995
50.5186
50.0854
44.8217
58.5983
53.0744
52.0166
47.0012
56.8905
54.0160
49.9022
38.3203
38.2284
49.0897
48.8062
46.6686
49.9623
44.2842
47.9323
45.1797
50.2940
44.6582
48.8814
48.0164
50.2145
50.6391
51.1581
51.4922
55.2678
51.2933
49.5620
43.7076
41.5519
41.5387
46.8363
46.2954
49.7129
50.7425
39.2684
44.2192
47.0124
54.0723
54.0973
54.9822
50.7383
54.3407
50.8650
55.5663
51.0168
51.6029
53.8023
50.2211
44.0046
44.5027
43.1552
44.6093
43.7332
48.8228
49.0297
52.6100
46.9924
48.5301
49.0559
37.0396
50.2973
56.9233
53.0931
46.3975
44.3056
41.3977
41.7340
38.5365
38.3246
39.2573
38.7206
41.7671
41.7507
43.6280
40.8367
41.4421
36.9883
37.8263
40.8631
39.6313
44.3994
40.1777
41.9803
47.4233
43.9375
42.9943
44.8492
43.5266
46.0320
47.5453
44.1748
47.7504
41.6726
45.1057
42.0208
43.4905
42.0560
41.0821
38.8189
37.5966
35.6852
37.5359
35.6036
34.9247
36.4203
36.8930
37.0464
36.9063
38.1358
38.8280
41.9622
41.0735
41.2668
45.3703
45.0181
45.0666
48.5820
38.6191
42.4552
43.7327
39.9966
46.4026
42.6057
42.5813
39.6562
45.5055
35.7112
36.3785
46.0770
45.9014
43.0364
46.1791
49.7931
43.6134
37.6008
41.8353
38.4081
40.5980
42.8685
44.8337
47.5149
39.9324
44.6154
43.4169
38.2635
38.4242
40.1248
41.0465
49.7430
43.8304
41.6065
49.4742
40.8781
41.4901
44.6626
45.3289
43.2360
47.7077
44.7157
51.4711
51.8737
44.6093
49.7174
48.5472
46.5076
43.5643
43.7189
50.3284
49.1996
44.7384
43.8570
44.0663
40.7671
39.8909
42.4523
44.8366
43.1278
40.6268
38.9299
40.2252
39.5320
39.1085
44.8562
44.7032
39.5044
44.5893
43.4123
37.4629
39.7158
47.4967
45.7424
38.6254
35.9613
38.2745
43.6619
45.0604
51.5091
50.3294
43.8703
42.6520
40.8609
40.2592
42.6854
40.6482
44.8671
39.3477
41.0292
41.9940
40.5833
42.8190
41.4804
41.1232
41.8641
44.1750
41.3592
46.2897
49.8468
45.4021
49.5429
39.6652
34.3728
33.9755
40.4108
34.6428
39.0353
40.7061
40.4044
41.5898
40.8870
41.1194
40.9668
37.7818
32.8911
44.4074
39.3249
38.2862
36.4204
38.3637
41.4339
38.2219
40.5314
32.0225
36.4380
37.5964
38.1219
40.3142
39.1543
38.7288
37.3454
38.8295
37.3403
37.8110
36.2168
39.4736
47.5362
41.4891
43.3415
40.8632
48.0792
47.6787
50.3794
49.9992
55.2003
50.0069
49.8015
52.0740
46.2694
43.6593
53.3966
50.6868
54.3507
47.5338
46.0943
49.3900
41.2552
41.6712
38.3386
43.2759
36.8548
40.0876
38.4142
37.7467
36.1778
37.2908
36.7655
36.7282
35.2631
45.8957
40.3902
44.2398
48.9937
45.2235
51.8766
45.9562
52.8767
51.1899
54.0160
45.1446
41.0038
40.3887
44.2405
47.5761
51.7579
53.6963
46.1860
43.8917
43.9892
39.1932
37.6064
39.6130
37.9392
38.9814
40.3258
39.7201
38.7394
37.5237
38.9448
38.4352
39.2844
35.7520
34.2466
35.8229
35.2913
36.3418
39.7247
38.3579
50.3238
39.5112
47.8263
48.1240
49.8526
45.0777
51.5355
50.9931
59.2009
50.9362
41.8436
44.6558
52.9465
53.9235
53.7421
46.4569
49.2121
42.6546
40.5606
43.3109
40.5471
39.6961
41.9321
48.5573
45.4642
50.5777
45.6899
51.0946
53.3375
47.6935
49.3509
43.0947
42.8749
37.1653
35.1379
39.1069
39.9801
50.3207
54.2263
55.9753
56.4166
50.8604
51.2680
49.4207
48.3387
52.0989
53.4448
56.2787
52.1565
52.8676
53.0884
53.6461
48.8286
50.3586
49.9570
49.3990
46.5257
48.7502
54.5086
50.7856
44.3927
47.2463
48.3705
46.1402
50.8428
43.3581
47.7086
52.4908
48.7148
47.3444
42.9544
39.9245
47.9202
44.2881
47.0975
44.5190
36.4166
42.7023
51.3132
43.6158
41.2669
53.2343
50.6113
43.2313
41.4923
46.5169
46.3795
49.0260
44.1652
44.9616
49.2227
49.7290
51.0151
53.2083
54.0414
56.5173
45.5677
51.0491
47.9336
45.0475
52.3611
48.5320
50.0263
47.5322
50.2965
50.4014
52.2704
63.3451
59.5752
58.0389
57.1099
57.1644
53.6720
58.1599
48.0386
52.7629
56.4230
51.3697
55.8535
67.8824
54.9805
58.7995
61.6524
59.6009
55.9560
44.6578
45.1469
46.6220
52.2058
50.0238
51.6206
56.3089
51.6164
57.3690
61.6735
57.6618
58.4275
56.6383
53.1442
52.5523
58.8515
57.0232
48.7835
50.4980
54.1953
49.6900
53.2011
46.6242
48.6648
50.8161
49.6967
50.1069
54.6003
54.2029
53.9315
54.4285
52.1963
56.0991
51.0119
48.5431
56.3027
57.1646
54.6739
59.7519
55.8324
46.1572
47.1496
54.7458
54.8768
56.8640
59.9807
53.5600
52.4535
47.5686
53.2411
47.2028
46.3234
49.7671
46.6414
43.3422
54.0646
48.4314
57.0021
47.4247
53.2648
53.3338
52.4887
48.2139
47.1979
47.8391
46.2604
54.3107
46.2161
46.8194
54.3847
55.4636
51.6363
51.3507
48.4889
47.6884
43.2930
40.7400
43.3321
40.6810
36.9335
43.5318
37.9836
47.9392
47.2598
51.0669
46.6087
38.3164
37.0006
35.1592
34.6663
32.1996
32.8412
34.0007
34.2033
35.8116
37.8067
37.4346
38.7336
36.1788
37.4969
38.7757
36.5624
35.1684
34.8962
34.0750
37.7331
37.3642
36.8606
38.3697
32.4362
33.4182
34.6843
32.8716
32.4600
34.8352
37.9179
37.8023
42.9012
42.3480
45.0025
40.2709
41.7870
43.5193
48.1991
47.0563
41.1444
41.0737
40.6014
40.5637
38.9052
41.0254
40.0199
41.5821
42.8329
43.0101
43.9525
47.6647
44.4722
40.0844
40.3055
40.5430
39.1321
36.9810
38.8983
32.5013
40.1144
37.2421
39.3330
35.7243
38.8675
46.4141
43.0057
44.0424
42.4518
47.5326
39.0068
46.1479
41.6878
49.2847
42.2426
41.2558
38.6996
44.7686
50.2460
52.1676
47.7157
38.5090
36.5919
45.4028
34.7584
36.2868
39.0004
36.3923
35.7477
36.6271
35.6302
33.4667
38.5059
45.9812
41.0867
44.4582
42.4925
58.9345
56.5469
52.0575
43.1266
40.6305
42.2472
36.8201
44.6336
40.8738
40.2487
43.6833
39.7351
46.1953
44.6554
43.2986
41.5564
43.4357
44.9302
46.9934
41.6550
39.3879
41.5004
37.9502
43.2290
41.8524
47.3412
48.1087
43.4312
41.8183
37.1075
44.7668
46.4624
47.4795
44.8965
45.0316
45.6054
48.0386
39.7245
46.6385
53.0574
47.9066
40.4842
44.1116
41.9919
42.2630
47.7591
47.7507
47.1180
49.8347
45.3791
41.7196
41.8827
48.4976
44.6789
45.6596
40.5519
47.0007
44.3418
44.2234
44.6361
43.0632
45.2550
50.2639
48.7447
50.0268
46.4588
49.0361
42.1767
45.9482
45.5110
44.4454
43.9839
45.0652
47.6421
47.6491
44.5205
46.6986
47.8149
52.1218
50.9489
45.3501
46.4207
47.5006
55.6183
52.3323
47.7792
55.2004
55.3172
56.1347
56.0174
41.7410
38.8333
41.0382
41.9156
34.9388
38.8176
35.3494
43.5330
41.0347
43.1307
43.3338
39.8574
41.1702
38.2059
35.1061
36.4448
38.2062
38.9847
41.4020
44.8649
37.4976
39.8161
40.3873
40.1180
36.8056
38.6240
40.5342
39.5316
40.9027
34.9851
35.4590
36.3151
42.1705
36.2887
45.8019
44.4154
41.0241
42.4177
48.1553
52.0098
47.5748
46.6428
40.4451
43.9964
44.3637
42.7173
46.2335
47.5317
49.4261
41.2713
51.4610
52.9190
53.8976
59.2291
45.4443
41.6424
36.4110
37.1387
43.8886
47.1105
46.9382
45.2925
42.7421
45.6286
42.8118
45.9794
44.9091
44.0001
51.8510
52.6165
49.4803
51.4931
39.5307
50.5065
51.8632
50.0366
49.2558
54.4218
47.4975
49.3604
49.1644
45.3249
46.4004
33.1429
39.9130
34.5113
40.7043
51.4370
48.7489
49.3359
53.9490
47.1689
38.7585
51.2149
47.9973
49.1964
47.9549
50.0000
49.6951
47.1801
56.0086
50.2889
42.4736
44.2404
51.8216
40.7296
40.7430
42.5625
41.0664
35.9926
44.6575
45.6375
41.8224
47.1847
47.7419
47.6631
46.3244
48.2926
54.3538
55.6216
49.4237
44.1036
44.0958
54.9755
61.5645
50.8318
53.9628
54.9379
52.5422
51.8542
54.6293
49.8060
53.4555
53.2843
58.1171
54.6973
56.9965
50.5224
53.1572
51.8369
46.5325
48.5111
42.4889
40.1367
40.2195
44.6382
35.8070
40.9349
41.1944
41.1223
42.4533
42.4796
46.1548
41.8396
47.9504
47.8929
44.7504
49.2947
39.1228
43.0570
39.4459
40.9026
41.7078
41.0857
47.2194
48.5140
41.3961
38.5569
36.4534
37.4325
50.4459
45.2130
44.0203
53.9412
56.7462
56.0208
54.9405
53.5069
45.7442
50.8570
48.7095
49.2188
47.0101
48.8737
46.1236
48.4273
50.5648
49.3219
42.4949
43.5830
51.9738
54.4823
48.6027
54.1254
55.3851
51.8008
49.7395
52.2853
52.5269
46.1726
50.1254
54.1899
54.5527
35.6257
37.3129
40.1816
35.5880
37.2405
39.2992
45.4784
46.5988
49.0756
59.8399
58.4869
44.6349
46.6717
42.4471
56.6408
40.1976
36.7178
39.2117
42.3854
41.9450
40.4944
44.6705
48.1236
46.0589
49.1229
42.7061
38.6686
39.6851
42.8146
43.6863
42.2321
40.7884
41.9354
41.8097
43.0417
41.0019
46.7034
37.2133
41.5107
42.7717
43.0843
42.3821
45.8172
40.4984
52.2592
49.8609
60.6462
55.6383
60.4431
46.8520
48.0741
48.9977
53.0543
46.2118
42.7649
44.5822
45.0909
42.3860
35.4587
40.6318
40.5041
41.6537
43.9356
40.9735
43.1416
39.7632
38.2418
42.1944
40.6728
45.3711
39.8477
36.6926
37.1574
35.8396
38.1096
39.5981
40.4076
43.9933
39.8932
37.5329
37.3077
36.5504
38.8364
36.2101
36.2992
37.7585
38.2646
37.9466
39.8598
36.6259
38.6063
41.0323
39.3527
37.4073
40.2019
41.0669
42.8142
42.5637
40.3530
42.4674
39.5667
40.1540
42.4902
40.5034
36.2808
35.8584
35.6713
37.7278
36.1683
37.9075
35.4824
38.7617
36.3181
36.7657
38.6059
35.9293
35.8606
40.0251
41.3716
39.7808
38.5723
39.2163
38.0945
38.1812
36.9276
37.8980
38.9599
37.5906
35.0711
37.3681
37.6980
37.5298
42.2475
41.7912
43.4586
41.2620
39.0423
40.6251
39.9389
41.0379
39.2481
39.7552
39.2248
40.3644
42.4696
40.6384
45.6701
43.7235
48.4660
47.7196
52.1030
51.2404
44.8455
41.9863
50.2299
50.8487
45.5663
48.5436
51.3804
53.4384
43.1129
41.0714
46.5714
52.2926
51.4419
48.8441
42.4104
39.4044
38.8854
38.6832
36.8830
39.9878
38.1612
41.6283
42.1234
39.8971
41.6928
51.5993
47.2539
42.1573
48.4989
41.5912
46.9007
48.7917
46.3976
46.5269
54.1142
55.2262
61.6890
46.9627
53.4969
50.4712
50.8900
46.5626
43.3534
47.7771
50.6142
41.7886
45.0545
38.8840
42.9167
43.2783
47.2936
46.0376
42.2642
47.2834
48.3875
47.1142
44.8996
51.3282
50.9675
50.8072
48.1175
45.6649
45.4260
48.2114
47.2138
39.4306
40.7818
41.3916
37.0091
39.9532
47.2981
44.6678
37.8696
50.0638
40.4973
43.9807
41.7746
46.3462
45.9768
44.7515
50.7014
46.3489
50.8700
48.7916
42.1062
51.0397
53.6918
50.3352
48.0142
45.8028
50.8459
41.1393
47.7428
52.0790
43.6377
43.3045
49.2648
52.1950
52.5236
46.2607
50.9158
49.6943
46.9287
47.9218
45.3545
48.3420
43.8318
46.5325
43.8363
53.7303
45.8335
52.4965
58.9207
50.4155
39.2944
46.7794
39.6138
52.1519
46.5945
44.8711
42.1780
40.7140
47.1466
46.4954
40.5417
38.6500
47.6787
54.0952
53.8790
56.9298
59.1739
51.9401
45.6948
47.1275
46.9257
57.3860
54.2947
35.3512
45.9565
46.4340
38.9454
40.9634
41.7731
40.5779
46.1649
45.7391
64.4284
50.7512
50.4993
45.8478
53.1432
45.1181
43.4596
48.8813
59.3064
54.8001
48.4723
52.8908
56.8804
51.3448
50.7588
54.7073
58.3238
55.6523
52.2398
45.4529
49.3574
47.4012
47.2213
38.6387
47.8146
45.4728
43.9504
54.2332
49.3018
38.6501
46.9218
48.3468
53.6851
57.5634
65.4270
65.6948
60.0063
50.0158
55.3943
53.1524
54.9138
49.6243
58.8400
54.0999
60.0599
53.9882
56.1961
53.9007
51.3829
50.5766
49.8211
53.4114
51.1267
48.6983
46.2961
45.8554
50.1437
46.0329
51.3345
51.0808
46.7393
53.3556
53.8073
54.1170
56.6675
57.4382
55.9863
53.8732
53.7014
51.3065
51.9500
54.9006
57.5959
57.2038
53.3283
59.9509
55.6344
56.7135
54.8997
59.6949
57.5835
51.1430
52.8844
49.6928
57.0165
40.2205
46.1642
42.9285
41.6547
35.9664
37.1475
45.3871
42.9542
42.2788
38.6436
43.0776
46.7804
45.7640
38.3992
40.6270
43.2411
43.3116
40.7175
43.3316
41.9543
42.9567
41.9129
36.6343
38.8196
40.2862
39.3346
38.7996
47.6739
44.7939
37.5587
47.7368
36.5045
37.5369
39.0721
39.4928
39.6402
37.6081
38.9034
41.1471
38.1634
41.4305
40.3620
40.2416
41.4811
38.7379
33.2764
35.2449
37.5722
40.5113
40.8307
38.6601
42.8293
41.9624
42.5893
43.2949
43.9296
42.2605
42.2592
42.3312
39.6975
40.5760
41.3713
43.6793
43.3473
43.9995
39.3459
42.7976
41.6548
35.5371
41.1786
41.7288
46.6198
43.8692
39.7524
38.4525
40.6212
36.8898
36.5806
38.1260
39.5762
41.3160
39.5256
41.3623
37.9179
39.9094
41.1982
36.2473
38.1338
37.0269
40.7596
40.3238
37.3365
40.0589
39.2340
42.1743
38.4123
38.2546
39.7039
43.2908
53.4482
50.8374
46.0379
48.5386
49.6665
59.8444
39.9989
39.2462
40.5266
39.6476
40.1687
38.0650
39.4905
39.5068
39.6668
39.8186
41.6070
40.1897
48.5408
39.8140
44.3250
44.9067
58.0592
55.3408
52.4793
58.8093
57.1475
56.4027
59.8171
54.2120
56.4230
57.9855
57.8818
62.4395
61.6356
61.4563
54.7891
58.4794
62.2904
53.6476
55.4240
47.0090
56.5573
55.0572
48.4474
47.3622
45.9684
52.1869
57.6617
59.4973
60.3193
54.3410
51.3560
46.8995
44.9846
49.3378
47.2959
59.6310
54.7016
58.0577
56.4055
53.3297
63.4880
61.9420
52.6506
65.0636
51.5366
57.3903
56.7682
52.0210
52.0841
55.0712
54.5534
50.2494
52.2041
48.0295
55.3592
45.5724
40.0167
44.1274
58.5453
66.1689
53.3659
52.6646
50.3174
37.6252
36.4898
52.6682
54.4830
42.2165
51.2342
47.6488
52.0369
50.1944
51.4100
57.4429
59.5738
50.5406
55.7123
39.1956
46.6377
47.9231
37.4936
39.8640
40.6002
42.6919
43.4956
40.3776
40.9173
38.3008
38.7796
33.7078
34.6724
35.9314
37.5259
38.4501
37.4074
36.5384
41.9311
37.3429
41.4916
40.4295
44.6263
38.8293
42.2634
40.5689
36.9615
39.0174
37.2261
37.7916
38.6759
37.3673
38.1518
37.8502
40.3234
41.8793
41.0628
40.8866
41.0805
40.3291
42.0175
41.3437
41.1232
41.8607
41.2751
44.0179
40.3220
42.5911
42.8489
36.8842
37.0028
38.6909
45.6149
44.9839
44.6129
38.7988
42.7436
41.1402
43.9466
41.6167
43.1699
44.3560
48.0956
49.2708
48.5214
48.0425
42.8674
43.1104
43.5745
45.6036
41.3365
42.4775
42.8289
42.2184
41.5867
39.2141
40.5409
53.5632
51.4014
58.7142
51.6548
46.1785
45.4427
52.2526
51.9652
50.0193
44.2279
49.3572
42.2565
44.7409
43.2705
50.3895
47.6288
43.9338
45.8280
43.6074
49.7469
42.0917
46.1264
45.1703
46.5286
40.0652
44.1550
55.8729
54.5777
55.1084
52.4534
45.6022
42.6946
41.9832
42.2557
41.6741
37.3181
45.8450
48.0197
45.7031
46.9745
42.2469
52.4219
53.9332
47.0013
41.6790
39.4735
37.1833
37.4842
37.5778
43.0675
42.9578
43.3644
40.3253
43.6928
43.9243
45.9772
63.5849
58.8901
57.7543
65.5374
62.0586
50.0609
55.7062
62.3222
63.9839
50.7538
65.4636
48.3907
61.9300
55.2188
58.0408
59.8966
54.4885
56.7515
54.1786
60.2347
62.5941
58.5264
48.4811
36.6973
38.2310
35.1804
36.6780
42.7359
42.2133
46.7686
48.5837
49.4123
40.2755
40.9904
41.4945
57.2869
56.8222
51.2447
48.0817
62.3217
45.3887
37.5825
38.5295
43.6713
42.9153
40.1537
39.4989
41.1628
47.3209
51.5667
47.5168
60.8935
61.9776
53.8309
40.0080
50.2439
44.2040
39.1236
40.6923
41.4834
43.1902
38.7517
38.0939
38.8856
42.1839
48.1288
41.2354
46.7124
55.9031
56.5621
55.4639
48.3522
38.6044
42.7219
40.6898
46.3311
39.0055
45.0892
42.0235
46.7649
38.2690
49.5842
50.8388
55.5051
55.7473
41.6703
53.5158
50.8591
54.5809
45.8166
52.7161
46.6956
53.6419
53.6114
50.6182
57.6270
54.5381
52.0412
60.8145
46.9808
49.7213
51.1485
52.5397
50.0216
46.4592
58.4523
53.7489
51.2457
54.4306
50.8685
50.6726
50.8603
42.3407
46.2359
46.3504
49.0752
58.2125
54.4066
51.8620
47.4064
45.7278
53.4003
54.2119
61.3951
49.3472
48.7724
52.5729
47.0926
45.1002
36.5023
33.0992
40.6378
43.0939
48.3649
46.8008
50.2457
43.6674
46.4430
40.1076
39.4623
42.7564
45.0086
41.3300
42.1419
43.6462
46.4384
39.5290
43.0132
44.3618
39.5101
39.7335
36.5037
44.5113
41.1957
42.8450
42.2242
41.0511
39.6248
38.9915
37.4464
38.4387
48.9403
50.2105
52.1247
42.5656
52.0403
49.3410
48.4066
52.6525
52.3285
48.7247
45.1147
52.8995
57.8734
53.3179
54.8434
50.8878
58.3951
61.3062
65.1206
63.5175
59.7096
62.4289
59.0711
52.7486
52.0078
51.4849
62.5647
43.3977
49.0074
42.8206
38.6082
36.0618
37.1169
37.1945
41.1520
45.4379
40.2312
42.0024
42.5612
43.0087
45.5091
43.9213
41.0020
42.1623
41.4488
41.1201
43.2180
38.9507
39.7279
37.9154
39.6477
39.3169
44.7816
42.1307
37.3906
38.1240
38.8042
36.7486
37.0703
46.6506
44.7932
41.7084
42.4184
39.2114
43.6773
47.4604
45.4197
46.5500
42.0814
46.6991
38.9830
38.1154
38.2141
41.8523
40.8818
42.1657
53.9968
44.9008
43.9629
38.4718
39.4021
39.6528
37.8033
44.3038
43.7931
45.5660
54.1908
53.8047
56.4102
66.0508
45.8156
47.8066
61.3356
63.4210
54.1513
61.9649
65.5300
59.7415
45.9654
44.7643
54.0237
55.6860
61.8202
58.8480
56.7145
55.8670
47.1129
46.0923
46.6742
51.1173
50.8237
44.8827
44.8259
52.5154
49.3780
43.4747
44.4015
43.6355
44.1133
46.1362
41.9446
38.0464
38.0626
39.1693
39.4476
39.3021
44.8971
42.4344
40.3539
49.1322
52.2133
52.9872
43.4213
43.5037
44.0465
45.0225
42.5149
42.6355
45.5498
42.5719
43.7339
40.7616
42.2747
39.2156
36.9972
34.0876
39.3378
48.5827
46.0534
55.0408
49.2241
46.7205
43.5489
51.3005
42.9817
37.9397
43.3542
43.8427
48.4156
51.5399
51.8046
56.5615
53.2489
50.2093
47.4666
58.5595
55.3022
54.0415
49.8900
50.0740
54.2333
45.1850
48.9443
47.4492
54.3142
49.1111
56.4846
50.1727
47.2839
49.9300
47.1980
44.9205
45.7803
48.9177
53.2040
50.4888
46.8796
46.1537
43.6569
43.8216
52.6351
44.1895
47.0274
46.1765
50.1293
40.8263
46.7369
52.5311
57.0283
49.0010
49.9630
54.9025
50.4307
50.3324
53.0280
42.4398
41.8307
47.8214
47.9748
43.0271
49.4885
45.0133
47.7110
54.4990
61.9305
49.8998
45.1220
51.2970
49.6150
48.4123
61.0762
55.3075
67.2564
63.6825
51.4941
57.1341
57.2814
58.3160
51.4067
59.9672
54.8376
59.8387
44.9218
43.0556
45.6067
42.7453
43.0588
40.6627
43.1536
42.1495
41.6071
38.3705
38.2762
38.2848
39.1931
39.3906
40.2142
40.0024
40.9922
39.4742
40.2132
40.4409
40.7398
41.6364
42.2816
40.5336
42.0055
37.9722
38.9673
39.7114
38.7471
41.6710
38.8138
38.9433
43.2613
36.5323
40.0511
41.6850
41.0663
39.5397
41.5531
42.1466
40.3711
40.5108
42.6675
42.2103
42.2545
43.8916
42.8022
42.4353
43.6678
44.4220
42.1406
46.6515
40.5841
42.7389
44.8223
41.9447
39.5357
37.8823
39.8422
38.7103
39.3561
43.1137
37.2495
34.1072
38.1636
39.2415
36.9778
40.2331
41.2932
39.3842
37.9052
37.0508
37.5013
38.8666
40.4736
42.0842
42.6729
37.8351
40.8437
41.2721
47.8957
45.0984
42.2494
54.1425
41.0287
42.5338
45.9561
58.9426
54.4971
44.9682
50.2089
55.0166
58.9407
66.0765
59.5876
56.0685
44.8976
64.4475
59.3469
64.6958
63.0961
63.2075
61.6972
69.8148
67.8390
67.5883
61.0482
62.8198
66.2723
63.8462
64.3503
67.3470
46.3257
55.7721
63.7120
47.3797
70.2546
60.9660
56.2594
55.2925
50.4446
58.3474
57.9770
62.2105
56.5862
60.0979
52.9905
58.8507
55.1088
59.0416
60.6013
56.4062
48.8783
61.7911
57.4574
61.5416
60.5921
57.4517
59.4938
56.1155
57.0484
58.2320
46.6633
49.5514
58.8146
44.4576
55.4336
56.4746
63.8554
60.2574
60.9371
48.3895
49.0290
45.8817
66.4082
60.0813
66.4569
65.6297
67.5611
51.3936
70.1466
48.5699
44.9775
52.9559
49.3479
44.5543
52.7389
48.5047
46.0914
54.4323
53.6177
50.7267
58.8462
57.8223
57.4664
56.2441
64.5114
59.9218
57.5212
56.5132
55.3952
52.3402
64.1584
43.8105
52.2159
55.2723
46.6157
43.4706
53.1615
58.3794
55.5779
53.5221
52.1055
46.2823
47.6250
57.6738
50.7989
45.1525
51.5617
42.0265
49.0342
46.6586
50.7170
45.3563
52.2090
48.3366
54.9619
56.9198
50.0029
47.5482
47.8152
44.2166
39.3138
49.3804
57.5821
40.2350
41.1543
41.9923
54.2952
62.1530
49.0711
56.3149
62.0573
44.3130
51.9060
56.4120
66.1898
63.2793
53.8522
46.4093
41.1585
57.4827
55.7681
49.4292
41.6866
44.5810
46.3665
43.7838
40.8818
44.2735
39.4559
48.7281
47.8745
53.9162
49.2965
43.9283
50.0297
48.9155
46.5458
42.9681
39.7642
46.7919
41.1997
40.3146
40.7730
44.3558
50.9857
47.8170
48.9920
45.6904
44.2292
46.5379
47.3853
51.5229
45.9891
51.2564
50.8874
50.0315
54.4893
42.8842
49.8981
51.8847
56.0847
56.5708
38.3210
45.2064
42.1725
40.1328
36.4549
40.6127
36.7510
43.2030
44.8587
53.4607
50.6356
47.5122
47.0313
50.1841
51.2462
52.8155
46.1435
42.9621
41.7205
42.0770
45.8444
52.2836
54.5163
58.3343
47.7009
58.2181
49.3905
57.1698
41.0593
44.8461
40.4223
44.4002
48.0297
42.6338
50.4549
48.7463
38.2424
46.3951
49.0320
44.2882
49.5297
45.1713
51.1929
42.3585
46.2648
44.3607
46.1560
38.8158
45.9029
44.7093
52.9380
48.8823
53.5779
53.7499
57.1231
49.3649
51.7702
48.5193
57.5054
53.7243
58.0236
51.1905
56.0458
61.0040
58.7783
46.0185
45.7651
46.7230
47.8606
50.6477
42.4692
43.9953
38.2260
38.6624
41.4341
40.4344
39.5454
43.7794
41.9103
51.7600
49.6567
39.4200
47.9592
41.4587
40.9906
45.9466
42.2073
39.9751
38.4006
41.0645
51.4473
51.2471
57.7947
53.5693
47.1687
54.2083
47.5374
43.1807
45.8882
39.8305
42.1455
45.8211
44.5160
44.5787
44.7965
46.4634
45.1447
51.9710
46.3981
50.4166
48.2302
48.8192
45.4268
42.5078
48.9533
48.2991
52.9406
47.3698
39.4712
42.4212
48.9013
44.2777
45.2868
37.9142
37.0336
41.9100
47.0193
38.4545
42.1155
43.6511
50.5526
48.4400
44.8722
43.2551
45.0078
42.6246
43.1049
41.6812
46.6564
44.1866
46.9755
45.3572
40.4072
44.4608
39.6006
34.9808
38.6453
38.1081
38.0957
38.0937
37.3373
36.5087
35.8237
36.5775
36.2395
34.3476
36.4525
36.2408
34.6712
38.2216
35.3321
36.9617
40.0273
37.4006
38.7123
37.9603
41.0355
40.9041
40.6293
37.1225
34.8318
36.0423
42.5070
41.2860
45.7243
40.6622
41.9581
39.9286
39.7681
37.4608
48.7520
45.9907
50.7723
47.4322
47.0461
41.4844
42.7802
41.5072
43.9045
42.6024
43.7884
35.2270
40.1972
37.6999
38.1542
38.9582
45.5629
50.5594
46.3381
44.2023
40.1605
49.6941
42.9161
43.8108
38.3238
37.6638
40.8425
46.1189
48.5852
49.5904
42.0289
45.6238
46.3656
43.8743
45.8246
43.9332
37.3552
38.2551
38.2324
47.7482
50.6244
52.7093
44.7903
49.0193
48.1390
46.2455
39.6680
40.9955
47.0870
40.0058
50.9355
45.5744
52.7870
51.0703
42.9007
43.0063
51.1400
49.1756
62.0757
61.1474
46.7828
49.1028
49.0195
48.3496
54.2428
57.9152
60.9097
51.3416
56.3026
40.3265
46.8461
51.5737
50.2512
47.7991
51.6327
59.6346
50.8255
46.8120
50.3161
49.8672
49.3864
60.5097
59.3216
53.5757
64.8548
56.5111
53.0402
46.8590
46.6885
51.7421
71.7848
68.6477
72.4069
66.3152
62.7273
66.8822
66.7112
68.3701
66.7864
62.1155
56.8581
56.8951
58.3254
63.3068
62.7036
61.3556
53.2343
65.3003
63.6031
71.1276
58.3594
64.3078
43.2797
47.0121
39.7416
49.3206
57.4233
64.5336
56.6511
56.1339
55.5119
43.0955
41.9022
48.2771
49.0534
58.2468
53.7648
60.4737
51.3458
54.5386
37.6997
51.2606
43.4012
43.2400
55.9757
46.0741
44.8320
49.4555
52.0142
36.8642
38.6184
39.7442
37.6098
38.3573
41.0716
38.8407
45.4288
47.6188
48.7602
53.7772
53.0666
55.5887
58.9330
49.3416
46.5307
40.8478
48.8624
49.6187
47.0371
44.5661
44.7852
46.4273
46.6126
46.1679
45.4896
36.6645
34.5670
36.4298
33.9753
35.6013
39.6820
36.0336
34.5823
39.7144
37.8107
35.5417
35.4380
34.8179
36.7246
36.1196
38.3938
38.9332
37.9756
39.2062
38.5886
35.2516
36.7463
37.9552
42.1900
38.5616
39.9687
38.6341
36.3505
41.5968
44.3334
48.8056
37.1927
47.4585
42.7005
42.1199
38.4008
35.6113
38.5904
36.3518
41.0986
44.6151
37.8251
41.1252
36.8411
38.0180
39.4657
39.7770
46.2561
44.2948
42.4389
42.8992
45.4262
44.9707
44.8184
37.4548
44.3556
48.7223
46.0209
42.6657
45.8634
49.4653
46.9918
49.4769
50.8698
46.1867
41.6940
41.4015
44.1445
46.3974
42.3215
47.0543
51.6622
44.1073
57.7977
56.5943
52.0042
51.7188
62.2707
59.4130
61.2828
58.0822
55.4736
58.8022
56.3783
51.3620
53.7896
49.9923
51.3643
43.1793
41.5215
41.0094
47.1429
42.9694
36.7106
36.7650
37.8651
38.6504
41.9327
42.1861
41.9999
40.3565
37.0081
42.2827
40.1346
40.4951
41.4107
36.3812
45.8626
40.9365
48.4148
51.7603
40.7431
42.0277
50.8106
50.8159
48.5099
46.0470
44.8023
51.1170
41.3920
41.4760
47.7616
47.8834
40.7274
42.5853
38.8348
50.9101
41.4470
41.7361
41.6606
40.3336
47.0282
42.2107
38.9040
44.9408
45.2047
46.1304
45.7607
43.4563
44.8063
43.4833
41.3537
43.8939
41.7019
39.6355
42.4097
33.4500
40.1099
38.9167
41.1391
44.7813
41.8668
41.8366
39.2086
39.4220
36.9341
36.4351
36.1410
42.9919
40.2185
40.4580
44.2674
41.9008
43.4531
41.5395
44.0533
44.8281
45.0295
46.3120
41.4902
41.4631
46.5292
39.4612
36.2739
39.2939
36.4369
37.0325
36.4774
36.6453
37.2232
39.9584
40.9587
37.0667
44.4823
41.6093
40.3488
41.3085
37.7512
38.2680
37.8204
40.2319
39.1815
43.6102
38.8271
38.5854
40.7285
44.1597
41.6536
36.7859
38.7666
34.0381
37.6629
38.3564
38.0272
34.9312
38.5397
37.7899
35.2797
32.0529
35.0229
37.1179
35.5286
43.1490
40.6169
43.1302
43.3246
42.1514
40.9348
41.1777
43.4337
43.2017
46.7948
48.0815
45.8054
41.3675
45.6150
43.8795
45.5274
45.8803
45.9365
43.6541
42.0201
45.2348
44.3638
44.4893
47.2212
44.2833
38.5133
42.0509
45.2494
45.1364
38.5357
38.1744
43.2992
38.8039
42.0474
46.1409
43.5037
44.9017
44.9588
43.6708
45.1318
45.1337
41.9712
42.8097
37.0168
43.8802
44.4120
41.1691
41.7532
40.1952
43.0089
37.4007
37.1118
39.2231
36.8671
36.9355
35.6557
35.9843
37.0742
44.4240
47.6081
43.8165
40.9346
40.5983
39.5314
41.4842
40.2680
40.2878
37.1494
35.7675
36.3701
36.9710
36.7656
41.5950
41.1293
42.4436
41.7687
51.3760
54.1003
55.9741
57.6456
52.8973
45.6810
43.1432
47.3397
46.1378
46.8184
45.2052
39.4006
44.6639
51.4099
60.4400
57.6135
51.4054
56.5190
54.8032
58.5147
47.4660
44.2136
45.5092
51.7219
54.2063
49.2215
50.6610
52.6271
41.8585
38.0252
41.2763
52.8802
47.4818
48.1614
46.5249
49.8152
50.0378
51.6837
46.4688
46.0987
44.2623
44.1726
50.7217
46.2788
51.8927
47.9940
47.1080
42.8892
48.5762
48.0584
52.6283
45.0700
44.6942
46.6562
48.8478
47.1146
43.3575
52.6268
37.6227
44.7811
46.5647
54.5808
41.6837
43.4706
49.2365
39.0475
41.1457
40.2505
48.2300
40.2284
40.5752
42.3390
42.4227
36.3475
39.7495
34.8275
34.1851
33.6760
30.8087
38.0006
37.4220
37.6271
34.8865
43.1522
42.6242
41.4685
40.1268
45.0674
42.0213
39.2760
40.8427
43.3794
43.9078
40.9376
42.0760
40.6916
43.2974
40.8932
39.7838
38.6432
39.4936
37.5941
40.1369
41.7412
42.1062
38.9596
40.7683
39.2917
40.7550
37.6485
36.4223
40.5827
37.3627
37.3109
36.7769
37.1678
35.9072
34.4770
39.7082
39.9993
40.6828
35.4168
40.8224
41.3833
45.9825
41.7957
41.0996
40.5295
47.2452
45.2061
40.8018
40.0505
41.5506
44.8955
42.1100
41.5666
43.7245
47.8975
49.6897
42.1156
44.1945
43.2536
43.6668
44.0418
44.4636
42.0738
42.0186
43.3462
42.2159
39.2150
40.7057
39.6486
38.6461
38.4038
35.5022
38.3307
40.8244
40.5634
38.9155
39.2414
39.6526
41.9020
43.5986
43.1671
43.2516
44.2313
42.9655
41.3259
41.5857
40.5220
44.0157
37.2912
37.8806
43.2442
36.8437
39.7490
37.9691
38.0626
41.1435
43.7430
39.2132
37.6685
37.2023
38.9406
39.0654
40.6217
39.0026
43.1982
42.3230
41.4293
41.6747
42.2277
39.2964
42.7479
44.2682
44.4896
49.3881
41.1372
48.4364
41.7283
37.4410
36.9398
40.6287
38.5036
38.4887
41.5468
43.1622
52.1244
55.3968
52.7919
51.3408
49.0486
49.9984
53.6978
57.0281
43.8899
37.9569
40.4766
40.1386
46.4995
37.8007
42.8985
41.7751
37.4486
41.1881
37.8360
39.8510
40.3715
40.7655
40.4275
43.0990
41.8402
42.6389
47.6937
49.5580
47.7346
47.8362
42.3099
40.6077
40.5178
42.3492
47.2082
42.0680
40.6306
42.1319
46.5078
41.3956
43.5132
47.0939
57.6416
42.3026
43.3945
36.8700
40.2416
37.6629
44.4048
43.2025
51.0204
49.3437
50.7958
40.9249
36.4049
35.3218
36.0555
35.9964
37.1324
38.1648
33.8694
40.1988
40.0184
36.9206
35.7082
36.3020
38.8448
37.0123
39.7332
41.4866
41.8056
38.9691
33.8818
36.7493
41.2077
43.6825
43.5856
37.8120
37.9302
35.9682
37.3198
38.4340
41.2538
38.7058
41.9146
44.6652
47.6111
48.5769
53.1342
53.9102
44.9175
50.3848
47.8340
43.4216
53.6096
48.3596
50.7867
51.7464
54.4612
47.6065
42.4424
44.0762
47.4105
47.4208
50.3535
48.2649
50.1012
46.7038
38.4784
35.5672
41.8738
41.8023
43.2819
51.1100
56.2254
48.7315
40.6280
39.1376
41.1845
38.2003
35.0095
37.0922
35.7627
38.7782
36.3153
35.4419
36.1742
46.5320
46.3834
45.1466
44.9678
46.0141
51.2320
60.6178
56.5592
55.4984
56.2475
55.2661
54.4758
41.0918
47.6923
50.9562
48.6072
44.5509
59.4061
53.8633
58.5898
46.1898
43.7300
43.4341
41.6256
39.7041
38.0484
38.5051
42.1753
39.7064
38.0752
42.9796
38.0533
39.2507
44.4423
45.3814
39.6494
44.1274
38.4639
38.6353
38.0520
32.3577
36.2100
35.9845
35.7036
36.1284
38.5295
35.8649
37.6714
35.3461
34.9423
35.3036
35.0257
36.0929
38.0868
37.5534
37.8801
41.2646
37.8813
38.0908
38.8918
40.0067
40.7724
39.3588
35.6039
32.8274
34.6522
34.1955
34.6082
36.3209
35.5538
40.2050
41.5492
42.2310
41.7915
43.0174
42.5637
42.3445
41.4602
45.0240
42.4345
42.0068
40.0058
37.7181
37.8715
36.0887
37.5050
36.2182
34.5591
35.2670
38.1769
36.4424
37.2007
39.2238
39.3857
38.5193
39.5708
38.4243
40.4503
44.4271
36.6370
36.0202
36.7756
36.1143
36.6456
37.1267
39.0881
40.9673
48.4404
40.3958
51.7543
48.3827
59.6810
50.4365
54.8825
40.1768
39.0601
37.8959
39.5993
37.7332
39.4822
38.2095
37.2899
42.3952
37.7376
42.0280
39.2596
37.4836
46.7270
43.9328
48.8962
44.8717
43.0362
39.8719
40.5321
41.1238
45.3067
44.0941
45.3803
42.2126
37.4630
37.8688
36.4488
35.9931
36.3782
35.3246
38.2320
43.2890
43.4696
49.8199
45.6528
49.5359
47.2221
46.6719
44.3715
45.3525
51.1119
42.9830
45.6391
44.9543
42.9161
46.9272
45.1021
55.6328
51.6904
57.6967
48.0107
51.0042
48.3456
55.4209
47.5220
49.1751
51.2209
52.1727
49.3498
54.6481
53.2890
58.6386
60.3305
63.7094
65.3773
54.3217
55.1997
54.6775
52.4537
52.7294
49.5719
51.4022
55.4940
49.8980
49.8994
63.3409
54.6507
56.7955
51.6057
51.8035
51.3821
55.4153
52.1214
49.1276
55.8134
50.1646
53.5771
50.3783
50.2067
48.4236
47.3347
47.8355
48.0927
46.5860
47.4842
41.9673
41.4621
52.3724
41.3986
42.3603
43.9904
44.4090
43.0310
41.3736
45.4935
47.0629
40.2335
37.4967
38.7814
43.6987
48.9255
51.4897
43.5463
39.5817
43.1836
41.2929
46.3373
48.2500
42.6822
43.3357
41.1613
42.0605
38.8701
37.5928
43.8422
39.0045
45.3528
43.2856
49.4332
40.2527
43.9034
53.4443
45.4982
49.9080
51.7156
41.6025
46.9612
41.0686
43.2983
46.2368
41.4816
45.3952
40.5340
36.5897
38.9658
45.6542
49.8330
46.0751
48.3094
42.4640
49.4205
41.4588
39.4706
37.2874
37.0994
36.7700
37.7096
36.6296
44.2639
43.1637
41.5366
48.5242
52.8994
42.4947
40.6254
42.5020
45.5109
46.4664
44.8888
39.1510
41.3877
41.5754
41.0838
41.9409
38.0847
36.9178
40.1821
47.8764
44.4427
47.5476
41.5677
39.2100
43.1930
38.5067
41.4890
45.5617
47.2045
45.1798
44.7715
47.3743
44.1543
41.8162
42.3609
44.8124
41.6421
50.7025
48.9937
51.9636
41.4130
39.8839
39.2257
37.7957
37.6106
41.1346
40.2324
45.6540
47.5640
38.7324
35.4132
38.5056
43.7954
38.6182
48.5897
41.9714
56.2311
52.1649
52.8786
51.0613
54.6035
47.3085
48.7119
50.6531
42.6871
48.5604
46.6886
50.1014
46.1226
50.9941
56.6231
49.0502
50.5365
39.2516
42.7632
48.3653
46.3556
49.3211
42.9718
46.8634
50.6447
50.6686
54.7573
56.4681
50.3443
53.7440
60.3998
54.8514
52.9841
42.7344
40.0052
47.6259
44.7263
50.7465
50.3019
52.6316
41.8215
37.0939
39.6480
38.2871
40.0471
51.7728
49.0250
39.0136
38.6421
40.3660
44.3757
48.1632
49.8142
45.7287
50.9711
50.5731
51.0176
48.4822
43.8612
43.6769
43.5091
46.1753
45.9564
56.4337
45.6786
43.8201
45.4647
49.1003
49.5424
53.9199
48.9335
47.2065
44.0396
48.1279
47.2005
47.0776
45.8442
38.7520
43.2773
43.4122
45.0651
50.3149
51.8859
49.4867
52.3258
48.9292
48.1266
46.5552
50.0153
45.6770
56.1060
49.6483
46.9350
53.6122
49.4542
51.5452
47.7053
53.4712
58.0047
56.1620
61.2293
52.3342
44.6297
48.4385
45.9815
62.1889
61.9738
49.0837
43.1680
36.9020
38.4302
37.5668
37.2171
46.1984
47.4569
48.3922
50.4707
47.7671
46.9480
49.6906
48.7917
42.9444
48.6147
44.7859
41.5075
37.5880
45.2793
49.5491
50.0554
40.2224
46.7567
43.4580
41.2155
43.2981
39.4909
41.9463
39.0401
39.1474
37.9863
41.0594
46.0522
42.8801
61.1284
60.1221
46.3612
60.3672
51.1781
47.9231
56.6556
48.1946
45.3973
42.6486
46.6904
45.9401
56.9003
57.7299
53.5446
40.8143
39.2474
47.3045
42.0657
36.9769
38.4202
37.9210
37.8483
38.9940
44.1750
45.1505
42.2920
42.9517
39.2513
46.7678
49.5607
46.1229
43.8752
45.4945
51.1273
40.3059
41.3588
51.1865
53.9291
46.2211
47.3633
49.9090
41.5492
43.4495
54.5709
43.9668
53.0953
66.6869
54.6510
50.8019
48.7290
55.5341
43.4892
51.3390
55.0824
45.2501
49.6411
55.5465
49.7188
48.3508
53.5618
58.4001
49.8726
50.2648
59.5438
59.6680
54.1716
57.0270
46.0926
50.5253
44.0316
45.3027
57.3413
58.0611
52.2036
53.8916
47.9916
44.4549
39.8902
38.1090
38.6486
38.7374
50.4616
42.2199
47.9412
50.0724
51.8076
52.6840
52.8317
52.8878
48.5033
39.4466
37.5915
35.7787
40.6348
39.5508
39.0508
38.9439
38.3260
36.0019
38.0031
36.9999
36.9267
36.8777
39.4139
36.0120
33.1142
35.6473
35.4216
35.6401
36.9658
35.5772
41.8416
38.8207
39.0977
38.9314
38.7020
41.8424
40.3911
38.0428
37.1356
35.4303
34.4322
39.6760
36.9703
37.1601
39.5350
34.4287
36.1451
34.0422
40.6863
46.6553
47.1599
43.2092
45.0709
49.4812
47.7514
47.5625
43.5504
45.0397
39.7968
37.2330
36.2732
42.1890
44.7184
45.8909
52.5825
45.5769
45.7372
43.7328
41.9960
39.6949
39.8959
37.4407
45.9892
53.5307
51.7990
54.8039
54.5948
59.0474
51.3502
46.3575
47.0304
52.6024
43.6734
42.0383
47.6586
43.6957
47.1426
43.6204
45.9741
49.6098
44.9450
38.5198
47.9155
44.1783
42.5154
40.9684
38.3133
36.6768
42.1977
46.2410
48.0341
45.9958
41.6798
41.0665
48.0600
43.4610
44.3346
49.7154
47.6534
45.3643
42.8168
39.7340
47.4188
36.9917
49.3286
50.2820
49.4129
45.3904
46.2676
51.3743
47.5231
47.6821
47.2049
57.2697
58.4789
53.3676
45.9424
45.4922
48.9405
46.6833
49.5387
49.7680
48.6923
41.7481
41.9204
44.1877
42.2905
40.9002
41.6617
35.2806
34.6173
40.2949
33.5862
38.1487
40.5331
47.8313
51.7438
57.4343
60.4329
62.5480
62.2986
59.7505
53.6145
58.6729
66.6569
56.7582
65.4717
63.8065
57.8110
46.1793
54.6052
55.7940
45.2546
49.0665
49.2216
48.2805
44.3875
47.5447
39.3350
53.8543
61.8018
53.2605
58.7039
52.3995
44.9531
52.5224
53.5469
49.1352
48.9551
51.0547
47.9267
55.3656
57.5005
62.3768
61.8087
66.3605
55.3814
59.5203
58.6573
54.2553
48.3013
48.5607
55.3535
50.9668
53.0654
57.3518
53.1323
51.0760
50.3092
48.7182
46.2360
47.6870
51.3985
54.6166
52.3935
49.3221
55.0073
52.3635
52.1903
52.1787
52.2804
56.2722
55.6910
60.6537
51.5237
48.1918
48.0824
50.3947
54.3789
40.2444
46.5152
48.2235
55.7267
41.9896
52.0405
52.7960
49.1003
48.6472
49.3513
57.6992
55.7731
48.6659
48.5419
46.1077
48.4196
44.0692
47.2044
56.3442
54.3041
62.7767
51.4675
48.6386
43.6548
46.4731
39.5275
41.9497
40.3931
45.7904
52.6820
51.7255
46.8101
46.4181
40.9060
41.6209
41.9672
44.1745
41.6348
51.7044
51.6369
52.0123
47.8885
46.7992
43.9198
45.9614
46.4426
39.4971
41.9551
38.7578
42.8901
61.2496
59.7458
54.9135
58.1392
46.5820
45.5854
51.6605
48.0863
54.1804
56.9262
48.4486
56.3643
52.9623
56.4161
54.8735
55.3657
55.2666
56.8267
50.7092
45.3934
46.5918
50.9582
46.4430
49.1055
51.3485
47.3651
47.8756
51.5106
51.9885
54.2862
57.8819
51.7551
45.7030
42.0975
35.8151
37.5923
38.5208
36.6161
35.4888
40.3039
38.8681
45.4696
60.0477
60.2579
48.7617
63.0629
68.3940
61.7659
53.5911
51.3156
60.8565
58.5969
57.4401
56.8801
53.4858
52.0636
36.8951
50.0010
54.7739
48.1152
57.8540
45.6082
47.0193
50.4935
54.8325
54.7230
63.8383
69.0108
52.5947
63.4894
55.6225
64.3120
58.9869
57.7980
58.4536
53.8817
45.9476
51.3197
53.3893
62.4123
55.5727
55.1443
52.9449
51.4204
48.1055
43.5658
44.8386
49.9262
41.5952
43.6985
48.3883
45.9551
45.2598
44.7549
50.7771
48.3315
50.3788
47.7774
48.0969
45.4011
45.0719
45.7571
40.1253
35.4650
34.7268
34.6131
35.8450
34.4274
34.6150
35.8217
36.4494
36.0811
36.8916
38.0802
36.6520
36.2106
34.8159
34.8824
36.9408
38.4085
32.8524
38.0003
33.2316
33.8914
34.3665
33.6244
36.4550
33.5105
35.5828
35.7979
36.2984
36.3304
36.3844
36.7050
35.1654
36.6531
41.0829
38.9639
39.8714
42.4748
39.9167
40.6980
37.3877
39.3378
39.3520
39.4046
38.5663
39.4661
39.8282
37.2394
39.1065
36.2621
36.7426
39.3217
38.8269
36.9471
38.9596
39.5409
40.6519
40.1424
37.3861
38.0714
48.3790
45.1138
40.5314
37.4671
41.8242
44.6335
44.8590
43.4698
34.4839
42.0822
38.7885
39.6090
36.0503
38.6710
38.7961
43.2897
39.3971
61.4699
57.5138
59.1190
43.5875
49.3531
45.1862
45.3804
51.5705
43.4226
53.2513
47.7188
45.0525
45.4975
40.1766
41.3460
48.6974
40.6780
43.0119
34.8045
41.0384
37.0958
36.0539
36.7789
38.3738
38.9374
42.3621
49.1894
45.8570
36.8478
39.0632
36.0826
34.5632
41.9101
44.6559
47.0792
55.1777
52.9864
55.6508
52.4535
59.5278
49.6301
53.8781
54.1141
49.4135
59.8132
47.0653
47.2882
49.0922
39.5031
44.9104
46.0747
42.5903
39.1381
47.4205
41.6425
40.3035
41.0522
40.5765
47.6161
41.0315
38.6784
45.8194
39.0168
36.6990
41.2424
42.4408
36.8039
38.4839
38.8700
37.9144
36.9803
40.8562
40.3069
38.2100
39.7313
37.9300
40.1309
40.7615
37.3481
39.7890
39.9444
40.0446
35.3977
39.9755
40.1071
44.3476
52.9505
42.7700
47.1246
55.9508
46.4424
43.4966
49.6859
44.5222
52.1957
47.4242
48.0226
45.9299
39.0746
43.8602
45.2184
48.7506
42.8598
41.9718
43.2259
38.7670
39.5642
41.0073
37.9283
38.3763
41.9892
41.6094
48.4756
42.1366
46.2447
39.0825
45.3117
50.9592
41.7122
40.5384
43.5566
42.5057
48.8006
37.8669
38.9767
43.3360
44.9749
52.5748
58.2091
68.9200
50.7444
44.9769
53.0516
55.9731
55.6895
56.5258
54.4104
58.1372
61.9377
56.0426
62.8788
52.3340
53.3582
42.5541
51.8705
52.3452
58.3008
64.1220
48.4473
43.5314
43.4603
46.9197
41.7625
60.5638
50.8246
44.1436
47.6060
43.0342
47.2605
45.6762
45.1748
42.7763
42.9061
40.9439
41.7055
49.8610
54.5251
48.4915
46.6605
49.6050
43.0857
51.6407
53.4210
45.7889
42.8737
39.4839
49.4599
55.7056
56.0294
48.5321
47.0989
51.6490
47.4181
39.8660
35.0752
47.4426
43.0556
37.7470
49.0083
37.7348
41.5483
41.5525
38.3528
38.2577
35.5279
39.2030
37.8212
41.2578
40.8233
48.8318
44.7947
48.3335
45.9192
44.0444
50.9519
52.2835
50.7576
50.4629
49.0566
47.3499
53.5109
52.1064
54.2619
42.2313
46.7643
53.2918
51.3018
43.3921
52.5591
51.5293
45.6733
42.7054
44.0671
46.4143
48.8295
46.9512
37.4925
38.3491
38.7239
37.0800
35.5217
35.1302
35.0100
36.6702
37.0979
38.2622
32.9720
35.9697
38.5985
36.2232
36.9380
35.4727
37.9181
41.9118
41.1533
40.7155
41.2424
37.7402
40.1443
41.8610
41.0624
42.1119
42.7352
40.8760
41.8610
40.6528
40.8697
38.1968
49.3316
40.9671
37.6140
34.7356
35.5514
36.3702
40.0182
36.0997
39.8929
40.5580
41.2377
45.3341
46.9397
49.4545
49.9605
49.4708
52.9544
53.8764
54.7617
45.2075
44.5365
41.0162
37.7349
38.0553
44.5123
40.5552
38.7936
43.2252
34.9849
35.0529
34.4230
35.1352
36.3698
38.5066
36.6715
36.7303
39.2439
36.3328
37.6465
37.5577
41.0530
40.6718
40.3808
39.0883
42.2032
43.6832
44.8904
49.9897
50.3192
43.1178
53.5901
53.9022
59.5811
47.5235
44.7930
40.9963
41.8043
41.8338
52.4400
53.4809
53.5000
53.6590
47.6133
51.8351
42.8482
47.0980
56.0839
55.6163
51.3014
56.1157
56.6953
45.9721
46.3085
44.7249
44.3159
45.1587
45.6325
37.2729
39.8153
40.0366
38.6782
38.4368
34.4410
37.4977
37.2205
37.3879
43.0179
42.0694
43.8804
39.6367
43.9950
47.0650
50.6993
46.9317
46.1412
46.8647
48.6232
47.8792
49.4518
49.3073
48.4482
47.3164
46.6124
47.8479
48.8397
45.4325
44.5542
46.8227
47.3040
48.1386
41.2411
51.8379
51.1048
43.3780
44.9365
45.3767
56.6227
64.5102
64.8613
68.9711
71.2539
62.0349
62.9551
57.4626
65.3769
65.8303
56.2735
56.0964
58.1675
59.3532
62.6642
65.6425
51.3790
61.5297
54.4421
49.7622
49.6235
47.1926
39.5945
46.8609
44.8775
41.2125
45.2825
44.0165
39.3042
35.5226
42.7182
38.3550
42.6069
57.2046
58.9422
52.2715
53.5828
54.1059
52.1723
47.2114
57.4312
60.6664
55.1673
49.8589
48.4982
59.7931
50.9524
48.2911
52.4029
54.9386
37.5157
35.1234
37.6684
45.4537
44.6667
47.9752
46.2453
39.9080
45.9346
46.5095
41.6271
46.0903
42.9409
45.0004
47.3816
46.6162
47.0018
44.4753
44.5509
45.7023
50.4395
40.9531
40.7997
45.8366
42.8879
44.9192
42.5978
41.5173
45.4932
47.2538
43.7038
49.7245
50.8633
47.0965
48.7555
45.2096
38.9346
37.8546
37.8918
36.2669
39.9557
36.1456
35.7153
34.8196
34.2695
37.4554
38.1752
37.1220
35.4663
39.1412
37.0702
40.6671
43.7260
42.7132
43.7600
38.1520
41.9589
43.3927
46.6312
46.6929
43.9199
42.4645
42.0083
40.7066
40.7161
43.9829
53.8949
50.4395
41.5494
39.0184
38.8563
36.5632
41.9912
45.6314
52.0586
55.2931
49.5282
45.0521
50.3640
48.3449
49.6939
43.9832
45.2828
51.1756
54.7597
49.8050
47.9683
48.9099
50.1199
49.6659
51.0262
42.4861
44.2772
46.3960
42.9360
42.4193
40.6057
40.0559
42.3487
44.8305
46.7566
44.7870
43.0913
35.9871
38.8288
39.6562
49.5446
50.5943
44.4733
42.2023
45.8296
38.1236
39.6294
41.5781
40.7967
50.5927
51.9524
49.4126
52.8659
54.1793
52.6738
47.1354
43.4293
45.2776
43.5530
47.8327
40.5829
40.0496
41.7430
39.6887
42.9080
41.6016
41.2004
42.2499
41.4395
40.4628
38.8876
40.2715
44.0042
41.1685
38.5330
43.1815
41.8367
45.2672
45.6600
47.4456
42.0748
35.7632
45.6823
42.4113
43.8898
40.4338
39.2471
41.5797
40.8748
39.1296
39.6021
37.8097
39.5422
39.1968
40.6070
37.8564
39.5836
39.0539
37.8207
35.5651
39.5951
40.8222
36.3646
36.8531
38.0541
36.1252
37.4218
37.2951
36.9435
36.7108
34.4296
36.6527
34.7021
37.1538
39.6474
39.6371
43.8071
42.2183
41.0339
41.0731
42.8094
39.3210
41.8436
46.5669
46.1312
53.3117
57.3136
56.7836
49.7584
43.3980
47.2639
47.2703
48.9839
46.9205
55.0443
51.0188
55.7438
51.0257
54.4577
53.7076
51.5364
45.8361
47.6431
52.4275
55.8790
47.4490
53.2964
52.9327
56.8040
52.5643
53.6401
46.6724
54.4328
53.5820
47.2861
46.2305
45.5256
48.5150
47.1416
46.9830
43.4162
41.3792
40.9074
42.3969
43.0433
38.3168
44.8632
43.6322
44.0799
41.8058
40.6980
51.2018
51.9519
43.7489
44.7973
45.3564
37.8946
38.7297
39.0773
38.2517
42.4538
39.0410
43.0363
38.3622
38.1541
40.6964
39.3067
43.2732
44.7380
41.3038
40.4248
40.3125
40.7531
40.0279
46.8496
51.2279
55.9441
46.8844
49.2480
50.5312
45.8743
49.6727
48.8212
41.6622
38.7813
37.3112
47.2341
38.3652
41.6087
44.4015
37.6977
42.6646
39.0401
39.4155
43.6577
38.1978
38.5534
41.3095
51.5658
50.0318
43.7948
56.6495
47.4338
45.9887
57.4037
56.5020
51.2197
51.0162
56.7380
52.2894
53.6760
52.4065
57.5071
56.7917
58.5592
55.8992
48.3891
47.2784
46.0661
53.8712
38.0522
40.5251
39.6689
43.9116
43.2724
42.2292
38.2585
36.6450
48.0030
45.7752
39.8397
45.4891
50.6182
48.3361
42.1031
39.9490
42.8261
46.0359
38.5516
43.5836
41.7829
42.7759
38.9595
38.7468
46.3834
49.1113
48.3823
47.6477
49.6620
40.4571
43.3690
47.4414
48.1265
44.3929
48.1200
48.5172
49.9901
50.1529
45.1284
44.9933
43.7498
48.1715
44.5842
43.0581
37.4242
37.7508
41.2075
40.8831
40.6605
53.3160
39.7123
39.7380
37.8163
39.2453
37.1287
34.8679
38.8241
34.8990
36.4651
35.1527
38.2245
41.6803
44.4332
44.5726
39.5385
41.3511
42.8229
44.4478
38.4404
37.5629
38.9623
39.7372
39.5348
47.7169
51.9534
41.1341
38.8477
40.0925
46.5706
46.9783
50.6251
44.5455
45.2456
50.1321
58.0968
57.7788
49.5079
50.0074
55.0658
49.2712
52.7047
53.2016
58.4366
50.3956
55.7894
57.6721
62.6171
54.4767
54.9003
56.8669
61.8945
46.8397
51.8133
49.6960
52.9718
48.7541
39.8086
48.8847
47.1844
43.5092
51.0022
52.4440
50.3483
58.9426
47.7051
50.0071
52.7892
50.3076
51.6770
55.0345
53.6947
38.9441
38.7883
38.6249
41.7176
39.6316
39.8591
38.3281
34.9856
34.7815
36.0768
36.5482
41.3411
36.8447
35.6277
36.5628
38.3115
43.6675
43.0707
53.3041
38.4577
37.6552
45.8627
55.1051
60.9074
58.6861
60.7383
60.0621
59.0274
53.3755
45.0989
45.9329
44.7690
46.1539
44.4903
41.7100
42.8695
39.0119
40.5312
40.0974
47.8953
42.7432
50.5052
51.0132
38.5508
39.8795
40.7761
36.9661
36.7252
35.5921
40.3053
38.0468
39.6851
43.0654
54.0114
53.6552
52.5705
52.6479
53.4092
61.3201
53.4532
52.0611
53.3331
49.8358
45.6297
46.2702
56.2666
54.2291
54.7046
47.9361
44.8454
44.7355
61.3056
57.7259
55.2571
43.9712
51.2831
52.4731
52.9406
58.2870
58.4971
53.3132
54.1011
55.5737
44.9404
53.4510
65.8984
51.0125
46.5682
48.8627
56.2297
48.9488
42.5219
44.2314
41.9926
56.9678
49.5209
45.7560
46.6555
46.0645
42.3167
44.9173
46.3210
51.8398
62.6180
57.7555
62.5530
60.6410
59.2726
46.2657
54.6834
61.2575
59.8701
62.0361
63.9447
49.4943
49.0258
48.7387
38.2759
44.0912
44.0715
43.2762
45.2394
40.7939
40.0456
38.3205
37.5776
41.7308
40.5744
37.7947
38.4761
37.7215
37.0173
40.9068
49.3920
42.4134
42.9533
41.2901
41.4712
41.2256
40.8721
45.2046
57.4152
45.8607
49.2360
44.2473
46.2942
48.5771
57.1979
67.9673
63.0829
58.8811
57.7796
51.0664
62.2724
58.5720
54.4148
49.5040
53.0105
48.0179
66.9241
64.3657
64.6906
73.4931
61.2895
51.3378
42.7660
48.8220
46.8983
50.1764
54.8856
51.4283
50.2662
71.7060
60.1245
58.4688
60.4332
55.9104
50.8925
52.5204
53.2703
50.5589
60.0283
56.5657
52.6403
50.4780
52.2265
49.7539
54.1194
49.3073
59.8953
57.9170
47.1983
51.4250
46.4669
48.2651
43.2064
46.6282
52.3807
48.5024
45.5355
42.2720
48.2069
44.7218
42.7822
41.6512
40.8092
41.1557
40.4609
40.9345
40.3105
38.2894
40.3284
42.1601
49.1215
47.2118
54.5308
43.7046
46.3965
41.3928
43.8619
44.1635
39.1153
38.2624
47.7730
41.1964
38.7541
34.8276
36.1040
36.0587
38.5737
38.6806
35.8434
41.7772
40.1959
40.3876
41.1807
38.4567
38.6326
40.4726
44.1702
54.4472
48.0755
44.7149
45.0369
49.4991
53.0181
55.0309
49.1548
46.0647
42.2293
37.7281
46.9737
44.1976
40.3444
39.7632
46.1605
42.0631
40.3161
39.0520
40.6445
39.7677
43.3095
41.7130
41.3623
39.3961
41.0443
36.8699
41.5298
37.8700
37.1363
36.1245
35.9407
35.9341
36.3156
39.1922
37.0638
40.4962
42.5401
45.5310
35.6682
34.8290
34.7384
38.3499
42.9542
41.1854
36.0585
41.6084
42.8612
43.1537
45.4381
42.3062
40.9397
48.7428
43.3321
45.1039
41.0274
44.1537
36.8902
35.1478
42.0687
38.2702
39.6968
39.3730
38.4340
37.5322
41.7002
45.2588
42.3531
46.2420
48.3243
38.2306
39.2375
41.4842
47.2147
45.4766
43.3315
47.2982
47.7469
43.9995
43.2592
42.0093
44.9408
47.8459
44.5717
38.7600
37.4192
37.1330
38.9407
43.9823
43.9918
42.8491
43.0005
45.9519
49.3770
42.9675
42.0570
44.6433
43.4448
47.8662
41.5102
41.5731
49.2449
49.0342
47.4486
48.9953
41.4966
40.5195
46.8590
45.9982
47.7563
43.7683
48.7723
51.0115
44.4453
41.0090
36.5169
37.1345
39.0996
41.7442
40.3293
37.8195
41.2512
45.3473
48.4996
52.0748
40.0130
37.7297
42.6772
47.6499
55.3316
50.1629
48.8334
41.8529
40.5372
50.1288
55.1413
51.2798
41.6325
42.1305
36.6520
41.1730
50.3320
45.7165
44.7761
54.7402
45.1711
44.3329
49.2984
49.3692
50.7512
51.8239
48.4177
42.2881
47.1251
41.1023
46.8846
45.0835
46.2569
49.3689
46.2003
54.5738
47.2006
46.9938
42.7484
49.4384
52.1161
45.4927
39.9367
54.1859
46.8432
51.7430
51.5947
53.0189
46.4338
50.8688
55.5409
48.2252
45.9584
45.3105
35.8637
38.5320
40.5967
42.5480
39.0033
43.2273
45.6935
48.2491
45.3171
46.3436
43.4393
45.5764
40.0086
39.9086
38.1250
40.4725
32.2816
36.6594
33.4541
34.8140
33.3774
44.2955
43.1461
40.1972
38.3064
39.8759
41.9038
42.7606
44.8628
43.2577
49.6289
45.8308
45.3059
44.7641
39.8821
40.8228
38.5073
42.9108
39.5223
41.8650
44.1316
40.3397
45.9366
37.9783
41.3876
43.5748
43.0345
41.5265
49.1822
38.4762
41.8133
45.5399
46.4404
57.4229
49.1996
40.4140
45.1619
48.0034
57.4349
53.5361
52.2968
55.9705
47.7303
36.8536
43.2089
40.1674
38.9219
41.8575
42.5537
40.1807
41.4238
42.4846
39.0735
39.0884
47.1330
42.4774
50.9219
40.1802
44.4477
40.9569
41.9053
41.3791
45.6117
40.3228
39.4847
41.4777
41.2677
35.6507
38.3343
38.3079
40.7402
40.1324
42.1188
39.7456
46.2091
46.0194
47.9193
49.2350
47.1774
50.2550
59.7583
66.8899
64.9107
61.1955
61.2471
57.0182
57.0799
56.5357
51.4551
51.7758
45.2444
47.3399
43.1617
35.2613
38.2058
37.3789
49.2561
39.1165
46.7586
44.5716
43.2697
56.9536
52.3139
47.6003
33.6074
45.6875
40.5045
37.5635
40.5785
37.8068
40.5677
46.0504
41.1154
41.4397
37.8298
35.7338
39.9267
42.8130
40.8715
41.2660
44.1612
45.0134
43.7960
44.8559
46.4317
48.1061
46.7019
50.3845
43.1711
46.9109
49.2954
48.4213
48.0654
52.0100
51.5054
51.3973
50.2428
45.3064
46.8928
38.7662
40.5934
35.9121
36.9901
34.7683
36.3625
33.8644
41.3278
42.0592
40.9308
44.2492
35.6612
32.3015
34.0887
35.3403
36.6547
46.4313
43.8319
51.1779
53.7074
59.4362
52.4277
58.1568
49.0629
54.9206
53.8202
48.0134
55.1201
59.4082
53.1420
52.0217
49.3954
57.3299
55.5507
54.9671
48.9479
50.1859
52.2359
58.6607
56.0861
57.6951
53.5388
51.4343
51.9295
46.0874
45.9318
51.6974
49.4282
49.3043
51.9599
56.0461
55.1425
48.3140
47.9815
51.8289
48.8480
45.8624
49.0152
48.8372
48.1227
49.6919
44.3472
50.2996
50.6557
52.8479
49.0298
43.1937
42.7917
36.5782
37.5620
42.9434
35.3864
43.1939
38.1222
40.9971
40.6927
39.8498
44.3813
47.8949
36.1089
48.0909
62.1996
62.0405
57.7381
55.9714
48.8769
52.2969
51.4874
42.1895
49.1003
47.5337
51.8085
41.2837
42.3795
44.7963
54.7679
55.2397
45.1795
36.7563
38.8249
34.1536
34.3001
33.4968
35.0223
35.2770
34.8840
36.3526
38.6449
40.1945
40.1527
38.0015
38.0162
37.4657
38.9875
42.2308
38.1036
37.4002
41.3477
41.5061
34.5315
34.4302
34.5808
34.5830
40.2862
37.7120
38.7656
37.3381
39.4807
46.9001
44.5447
55.4240
57.1417
57.7296
54.9000
50.7723
53.0170
54.6288
55.5234
53.9158
51.0227
52.6101
58.0191
59.0539
66.2141
59.9918
64.2787
54.7824
57.8350
66.9775
64.2258
62.5485
58.3394
66.1203
58.7857
53.7123
59.4363
59.4873
52.6661
61.2538
68.3300
57.7507
58.9940
48.2075
65.0901
54.9194
37.0105
43.9341
39.2014
43.5993
41.3256
44.9853
37.9209
40.4028
48.8948
55.9235
46.0881
43.9847
44.0299
58.7694
47.4515
47.2223
44.6198
48.4361
52.5821
59.8583
53.0416
41.4818
53.9222
47.7141
40.1729
44.9026
49.1907
48.5851
41.6793
45.3740
41.8150
44.9730
49.1412
53.1802
50.3582
50.0198
42.7411
48.4180
49.3233
47.4525
56.6011
45.0908
43.5931
41.3292
45.7166
50.7398
47.6319
48.6076
39.3230
37.4658
40.6255
42.9937
40.6558
42.4424
44.7721
40.0728
51.0321
50.0933
52.2512
44.8697
38.5936
38.4234
36.8492
43.2607
42.5674
46.8448
46.0439
51.8746
47.1900
51.8108
41.3674
41.8427
40.3488
51.7237
45.4489
55.6265
63.1524
52.1842
47.7933
52.1495
53.0662
52.5481
51.4044
56.9807
56.4207
54.6891
55.6368
49.1178
49.1694
49.6481
46.7628
50.3242
51.7741
53.2410
51.4695
53.7926
46.4324
47.7090
49.7996
53.0175
55.5852
56.3010
59.2264
50.0954
54.0566
49.9934
45.2232
44.2549
48.0671
42.1605
42.9685
39.6218
42.1583
39.3646
43.2372
44.7960
46.7109
42.8790
45.2027
49.9385
46.4550
49.5404
49.8535
47.6114
45.2316
44.1108
52.7998
45.1852
46.2572
43.7321
40.5790
39.2828
42.0715
42.5693
39.9779
39.2063
42.7477
44.3382
42.9320
42.7770
44.4839
51.8537
49.3644
47.0991
49.8824
43.9807
46.7529
48.1010
49.2093
45.8896
39.4146
40.5919
41.5889
43.5444
46.8851
49.5160
53.4928
51.8203
48.5484
48.0644
46.6896
45.6021
45.7374
44.3149
41.8220
39.5879
40.2791
45.7997
46.3456
45.4872
39.1908
41.6505
44.3996
46.0263
41.6754
45.1159
48.6758
47.6917
50.3892
41.5308
42.9205
39.1368
39.3983
36.1248
37.7238
36.0691
34.3585
33.3656
34.9338
35.0110
36.8493
39.1423
37.5233
36.4570
37.5855
37.4146
38.3419
44.7949
41.7978
41.7462
39.8749
38.3094
36.5917
35.6218
35.8604
38.5797
36.7348
34.2598
35.3096
33.6440
34.0993
33.7004
33.5375
32.2630
33.6308
33.5217
34.4597
35.4205
32.1755
33.8834
34.9856
34.7994
34.1697
34.4686
34.7191
35.7643
35.3910
36.9242
35.8769
38.9603
38.0883
36.7389
38.9193
37.6908
43.1598
43.3011
45.8435
46.1477
41.5900
38.7827
40.5945
40.4029
43.4849
42.1968
41.2422
60.1417
55.7612
40.3499
39.4669
39.7343
40.6251
43.3438
39.9137
41.3748
40.7207
38.2136
37.3616
34.8904
37.8639
43.2856
49.2471
47.2530
46.2325
45.5861
41.6592
46.8941
46.3937
55.1994
50.2892
46.7318
55.1135
52.6975
47.4180
40.1821
46.5059
43.5814
44.6432
48.2469
46.6138
52.4543
49.8449
44.4450
47.6958
46.2280
43.8987
52.2461
44.8147
49.3559
56.3810
58.3053
55.1490
61.8852
58.0764
54.7250
48.8600
54.2789
58.1090
54.9528
56.9607
50.7447
54.8963
53.5994
55.4756
46.3009
48.7808
47.7847
46.8659
42.7613
46.2400
47.7974
43.8687
47.6735
47.9957
48.4685
44.5809
39.8390
39.8544
46.8779
41.3969
44.1166
43.8570
45.9995
43.5066
41.0451
43.2628
40.2767
45.3329
43.3656
37.9856
39.7207
38.3773
39.9086
43.4982
39.8318
43.4498
32.5797
34.2200
35.5606
38.7771
37.1331
38.9302
36.2635
37.1267
39.2196
36.6368
39.2910
33.7765
32.5731
36.5844
34.4084
34.7396
39.5290
39.5381
36.9100
43.5820
44.2012
44.1836
44.6640
45.3500
47.1079
46.9455
45.5058
43.7331
41.4087
46.6531
44.1202
43.9842
44.0514
40.0425
41.5294
53.3162
49.5281
44.3107
45.7435
45.4631
43.8657
47.7697
47.5534
45.6785
43.1448
43.0246
43.3269
37.7833
38.3200
37.9807
42.4435
34.2893
37.6612
35.9334
39.6824
39.0620
36.4354
36.7136
35.8104
33.3127
39.2430
40.0995
42.8928
39.0515
39.2654
36.6396
35.3198
40.6423
39.2950
44.2498
41.5099
41.8399
37.5148
39.3078
47.7709
42.1083
42.8776
42.5684
41.7549
42.9946
39.3206
37.3341
37.1755
38.6276
45.4087
45.6602
43.9266
45.7769
41.2316
35.3141
33.1324
36.7586
37.4465
34.4013
35.8676
35.5603
37.3900
34.4643
36.6208
36.7928
38.6013
39.5507
36.5688
35.6520
38.2235
36.9632
36.3190
37.6598
36.5839
36.1509
33.6497
34.9441
44.3033
37.7934
33.1519
34.6185
35.3400
37.0069
34.0319
36.8713
40.0398
35.1121
41.5453
37.8866
40.0959
40.9423
44.0323
38.4843
40.6374
40.2734
43.1035
37.7226
41.0998
44.0207
41.2124
43.2123
41.0940
42.2980
38.6410
34.4954
38.3370
39.2700
34.9384
37.9655
38.0761
40.6444
44.0560
44.1058
39.2258
32.9497
34.5835
33.0796
37.5535
34.3662
33.2658
34.5843
36.0262
35.2304
34.6957
36.1968
36.0442
37.0737
35.5816
33.8100
34.7222
34.4211
36.1934
32.9148
33.7177
35.0323
36.5673
38.5898
34.5588
35.0947
34.6263
37.0845
36.1661
33.3546
44.8729
39.0198
35.6685
37.5965
37.2085
37.9713
38.7784
35.0465
38.2136
38.4217
41.4099
