85.6414
81.0695
69.8363
68.6942
73.2083
74.4618
71.9464
66.4403
58.0847
51.6884
53.3439
59.4733
55.0323
61.8832
54.0766
60.0478
59.5203
57.7397
74.3097
80.6491
70.9722
67.7272
70.5980
69.1596
66.9587
70.2109
67.1997
67.3672
68.4833
77.2286
74.4862
81.9463
81.8353
70.6285
59.7268
57.7521
73.6104
72.9547
74.3668
70.1555
76.0531
71.3421
74.3999
76.7917
59.7090
58.6030
51.9665
54.5355
57.6878
71.5492
46.6123
44.9932
45.5571
48.1622
43.8771
42.5368
44.9471
46.5406
42.4699
42.6049
44.6175
40.2829
44.4685
45.3893
40.9633
38.7217
43.0048
45.6002
45.9435
46.6673
45.7256
47.4344
44.7223
44.9719
44.7374
47.9126
47.7281
44.7418
47.6484
47.9960
48.1877
46.5960
48.2087
40.7263
48.8823
44.5712
42.6396
41.8187
65.4290
46.5308
48.1855
54.7813
59.5924
76.1495
56.2653
50.9100
57.6385
58.5755
55.5086
51.8757
70.6907
57.0136
50.0911
64.2775
60.4806
74.0986
73.2171
56.5067
55.2007
47.9596
48.8649
47.8300
49.8816
51.4037
48.8106
49.4536
46.9530
47.4729
45.4936
50.3679
48.8471
47.7813
48.0906
47.2199
46.0049
47.6647
45.4602
47.2003
44.8454
49.2757
44.9731
46.7946
46.3420
46.7032
47.1351
47.5248
47.3190
48.4090
45.6265
45.3518
46.6809
46.3572
46.9751
46.7196
45.2724
45.5360
39.8129
45.8006
43.2360
40.9573
40.2214
40.8452
39.7506
41.3325
41.5824
46.5320
48.1253
46.9570
50.3246
49.4211
44.3714
46.1462
49.6535
51.8508
47.7652
47.2619
48.0495
49.7122
51.6669
50.9048
52.9581
53.2087
50.1462
45.1685
45.6813
50.6427
48.9247
48.7655
50.0677
49.8346
47.8384
49.4613
48.6049
49.1191
49.3453
45.1509
45.3533
43.7311
43.7612
44.5330
42.8020
42.4269
42.8198
43.2500
43.8094
43.5494
45.5510
46.0361
44.9867
46.0665
46.3821
40.8528
41.3718
43.7175
44.8797
44.4989
45.2479
44.8568
42.6692
45.8904
40.5414
40.9793
41.3128
43.4573
42.4092
39.3589
43.3889
45.7857
49.8652
44.6714
42.2473
45.8378
42.3675
43.5918
44.5978
46.9029
46.6905
46.4855
47.2593
48.6180
47.3736
49.4559
48.8962
47.6945
46.4009
48.5633
48.4489
44.5253
42.5463
48.1758
44.7289
44.4428
43.9942
45.0486
44.5674
47.3784
41.3401
44.0968
43.1822
44.2173
43.5977
45.1656
46.9632
46.2415
46.4748
45.9006
49.0548
50.1716
50.1146
48.0538
45.8971
44.7368
45.0722
49.6000
52.4344
50.9897
48.4357
50.0780
53.6643
50.1512
53.4694
64.9849
76.7426
78.1048
57.3146
65.9490
69.5383
70.3119
56.8008
58.6603
73.5412
66.1496
71.6590
56.5576
58.3272
65.6415
65.9313
56.6264
60.5748
64.9159
71.3312
73.0039
68.5524
65.6359
63.7616
70.0646
61.9754
68.7499
71.7450
69.2681
70.4356
73.3517
79.9549
73.6222
70.9544
62.3546
52.8356
53.5172
53.1333
56.6152
64.4121
69.4986
59.8667
67.8008
62.1058
62.9027
68.8510
69.0088
70.9270
65.3337
66.0245
72.5895
70.8127
72.8816
63.8223
66.7639
69.4387
52.3375
51.1926
51.2821
51.6016
55.2965
52.3320
50.2138
52.6702
50.6894
51.2423
47.9285
45.7737
45.2322
43.9587
42.7685
45.8919
51.6857
50.9850
50.4178
50.7412
54.2223
51.7247
53.6937
54.6156
51.9934
49.2375
49.4423
45.2617
47.0249
46.3429
46.4023
49.2787
48.8397
51.2695
48.6550
49.2285
46.8785
49.5133
52.8418
55.4691
56.9894
53.7534
50.9460
51.0472
51.8028
54.3590
52.4322
48.1678
50.3813
52.4330
73.4965
57.8932
59.2262
48.1741
44.9664
43.8771
47.5765
45.4582
46.0628
49.7609
46.9741
44.7373
39.8609
40.0366
38.5263
37.6844
36.9565
36.2731
40.4988
40.8392
41.8412
41.5664
41.3379
42.7479
41.5440
41.7419
43.9574
41.9981
42.0460
41.5118
42.6828
46.8391
47.1082
45.1695
41.3171
47.4199
47.5729
43.7107
47.6148
50.7617
50.0338
49.0885
52.9043
48.5238
45.6742
43.6881
42.1279
41.8922
42.7075
39.4384
37.9276
37.2149
43.1928
44.7062
44.8473
46.6362
44.0248
47.9437
44.3747
44.7276
43.9408
41.0133
41.1023
42.9760
40.5319
43.5248
42.3655
39.4123
38.5906
40.7664
41.1194
42.7161
40.0893
38.8105
39.9875
41.2893
41.1063
41.9466
38.3962
39.0107
41.7814
46.3514
39.3969
41.0056
40.6662
41.8948
44.2583
43.8660
48.3730
44.8682
45.7665
45.2970
42.9873
42.7364
43.4975
44.4367
42.1789
42.2508
41.6469
41.3614
40.6494
40.6106
40.6688
42.7160
41.2989
42.6182
42.5621
44.2483
42.4168
43.2303
40.4115
40.4200
40.8965
38.8080
38.8830
40.0405
41.3771
40.4333
47.1269
45.7796
44.1284
44.2538
45.5439
49.3825
41.9160
41.4364
45.2818
47.0158
49.4558
51.3890
47.4794
45.1894
51.7475
48.3974
49.3068
48.7938
49.8219
39.6258
41.0670
47.6379
46.1557
48.2612
46.0847
48.2992
47.8727
47.7246
45.8581
47.8824
43.3782
45.5674
41.5968
39.1808
41.3125
44.1629
45.3141
50.0913
48.5609
50.3115
50.7085
51.3106
50.9717
49.5885
50.9197
48.3672
51.4948
52.0933
52.3134
51.6025
52.5584
53.0011
56.8797
55.1877
53.9424
49.6177
49.3221
52.8994
49.9862
50.8378
49.0329
46.6375
48.0614
47.4040
48.0898
49.7609
51.8687
48.6989
45.2379
45.1397
47.7307
47.8760
51.2818
45.2113
48.3950
48.5512
45.8618
47.0756
47.5055
48.4963
46.4957
57.7163
50.5777
49.1322
50.9734
51.1489
50.4423
46.4015
47.7440
43.6622
44.7118
55.2621
51.9706
56.5347
45.9896
43.4050
44.8767
47.4454
45.5722
45.9745
45.4508
46.7803
47.8953
45.4961
41.4332
46.7710
47.7479
50.4848
46.1565
49.9546
49.3942
50.9686
46.9947
51.9468
57.3288
48.1439
45.2563
48.9679
47.3042
47.4394
51.7680
51.3152
48.6203
45.3179
52.4864
51.5011
49.0806
49.4571
51.2105
51.9982
52.8859
53.3092
52.3269
50.1338
50.8075
52.0340
52.1410
49.4860
52.7260
50.2404
55.5158
50.1665
51.7510
53.8105
53.3893
54.2793
52.8962
51.9936
52.3304
52.9407
53.2614
55.4503
53.1783
53.6179
50.4615
50.7648
53.6731
51.7922
50.4590
55.9048
66.8271
63.7679
67.0743
68.5289
66.9765
68.3279
66.7223
61.9655
70.7920
57.1913
62.5562
67.3947
63.1852
54.9293
63.4199
65.9045
60.1735
61.5693
59.0674
56.4920
56.1380
51.0686
45.3247
57.9068
64.4876
60.7119
59.4603
63.3706
62.3579
51.8767
53.4913
49.2545
49.8312
54.6428
56.0048
57.4088
55.2936
57.6116
57.4130
57.3199
54.7903
55.6859
60.3454
56.3576
57.0379
56.7681
55.1920
58.2140
55.3372
56.2013
57.1283
58.7404
49.3749
52.6362
51.7229
53.7939
53.6404
52.1886
47.8794
53.7745
49.8016
48.7219
51.4464
54.2931
48.8118
53.4773
50.9547
53.2029
48.7944
45.8010
50.3769
45.2503
43.7046
41.2943
41.2201
41.7330
43.4948
44.8814
41.4868
43.7927
46.3869
49.7627
46.0643
43.3789
45.2047
50.1286
47.1499
44.3962
44.4593
41.9514
41.7978
42.2227
41.6535
45.2288
47.4396
48.6019
48.1149
46.8129
47.3863
44.1875
42.8462
42.8756
48.5178
45.4509
44.0593
43.3909
45.3701
45.3858
44.9225
44.8997
44.0138
44.1104
45.8270
44.9912
48.1062
51.3395
53.1123
45.8736
49.4312
50.9194
49.0205
48.7499
52.0928
51.3309
48.9344
46.5656
41.2344
44.7784
47.7164
45.2189
45.4706
49.6488
46.5984
43.8615
43.8531
45.1174
47.7147
51.6390
45.6621
42.8198
44.5900
43.6819
44.5168
45.4419
44.6002
40.5808
45.6519
44.8473
42.9562
45.9552
45.8997
46.7173
46.1928
44.9269
45.7034
44.4361
46.9385
46.4229
43.5770
40.9172
40.8434
41.6504
43.8901
43.1661
42.3299
43.5160
43.1817
43.0804
44.5132
43.5744
44.2298
45.4671
43.4697
43.7852
45.1836
43.2149
44.0601
43.8842
45.1022
45.8509
45.4485
43.8792
43.1237
44.0890
43.6211
42.7763
42.9737
45.1320
45.5741
44.6960
45.0056
43.5148
42.8111
44.4596
44.4302
43.5584
44.0075
44.2556
42.6046
43.3599
41.8767
35.6681
40.2740
40.1253
40.4653
40.4648
39.7431
41.9953
40.0379
38.7455
41.7316
39.2702
40.6829
37.8658
37.4120
36.0026
35.6516
36.5397
37.3981
40.2246
37.8096
39.5531
42.1228
42.4662
42.7995
46.0053
46.8489
43.1154
44.0688
42.1965
41.8435
39.5512
41.2898
38.3502
40.0909
39.9487
41.3207
44.4495
43.6336
45.0714
38.8918
40.2676
36.9744
38.0707
44.8858
44.8275
43.5609
41.3465
44.8515
43.3448
42.1059
42.3158
41.8268
41.3333
42.8169
42.0313
43.0596
42.4985
42.4024
41.9438
42.6146
42.4225
43.4798
42.6588
42.5553
42.3464
43.5704
43.9810
44.5298
41.5558
41.9801
41.4339
41.0129
42.2599
43.0794
42.6376
44.9925
45.0962
44.8469
47.8784
45.4404
47.2532
45.0410
47.5267
47.6103
46.2364
42.8739
44.5985
53.2771
55.8455
51.9480
62.4009
48.3584
64.0271
49.1035
47.2010
55.0792
64.0850
51.7880
46.6003
52.4160
56.9343
55.5358
55.4540
54.2064
52.8931
63.2673
62.1357
54.0780
59.7216
58.3465
63.4088
55.4768
56.0499
64.0397
59.7589
63.6622
59.3855
58.3724
59.1431
54.7685
50.6193
51.4479
70.0970
59.2589
61.5693
62.4819
56.0629
56.7178
58.5269
54.0374
61.2284
61.1427
51.8380
54.9096
57.0024
59.4568
53.7489
48.0733
48.1042
41.4319
44.8154
47.4463
44.9175
45.7211
51.2893
53.6311
51.1501
47.6732
45.8491
49.9697
53.5817
49.6688
52.1064
59.7353
50.5668
53.8145
48.6122
49.3448
49.7726
51.1286
49.2101
52.9054
56.1057
66.2367
52.4017
55.0782
58.6543
58.5679
56.3101
62.1510
59.5307
60.4896
60.1595
60.9015
60.9278
63.5676
57.4737
53.8421
49.7943
53.5253
53.9711
53.8952
54.4601
55.1571
55.9431
45.8992
43.9694
50.9583
64.8131
60.8884
63.4295
57.6810
61.8282
70.0691
65.9495
54.4715
61.4500
43.8893
51.1968
49.4403
63.5344
52.8976
49.5523
47.2662
45.2261
45.7241
47.2275
49.5147
47.6081
45.4431
42.3922
46.0902
45.7330
44.7122
47.6651
49.0127
50.8491
45.5312
49.5091
46.2470
46.1733
48.6229
55.3090
50.2969
48.2252
47.5979
47.2157
44.0428
42.6268
43.7076
45.9129
43.8211
43.8996
53.9731
54.0972
50.2899
56.2497
58.2417
58.1260
55.3520
51.9259
52.8499
64.2013
64.2751
67.7681
54.4306
50.3021
52.4119
54.8263
49.8332
47.4103
52.7510
49.5720
51.5329
49.9954
53.7169
45.6480
58.0714
55.6635
52.6619
54.4079
52.6916
50.6102
51.4313
54.1570
54.8486
53.0966
50.9960
57.1074
51.9669
50.9783
51.0934
46.0093
51.7637
46.8993
45.2458
49.2273
50.4001
49.1587
52.7601
52.9153
52.7310
49.2177
49.1278
46.9154
43.2840
44.6574
50.4045
47.3852
51.3704
51.3202
56.8324
60.3276
57.2889
59.8115
53.7187
58.6564
52.1012
52.4610
51.3125
50.9855
44.3393
46.8855
42.7687
43.7702
48.3439
43.8376
45.9775
47.1578
39.1221
38.0460
42.1243
41.4020
42.8907
41.4970
44.8244
40.3325
40.9217
42.3743
47.1143
47.2766
51.7399
50.0513
49.0422
50.6936
51.1596
47.9489
48.2834
46.0252
43.8869
48.9371
48.8472
46.6371
53.0976
48.4323
46.7255
46.2438
47.4605
58.2540
57.0758
50.0378
55.7861
56.7870
56.8786
49.8245
48.0114
56.3634
62.0052
61.1275
50.5899
45.6367
51.2893
42.5608
43.2260
40.9917
45.9412
49.4137
48.3864
55.3225
57.0661
69.2274
63.8082
60.0883
50.9770
45.6490
55.6449
63.5378
47.1054
48.7461
54.5689
51.6241
51.2609
51.8278
50.5818
52.1014
49.4715
54.3318
58.2822
60.1029
52.5757
55.9025
51.1115
48.8737
50.9512
53.8513
57.6477
59.1856
62.0915
59.9615
65.2220
64.7644
57.2072
58.6597
58.8165
56.0520
58.8654
61.3684
63.8074
63.5596
59.2374
44.9313
47.1986
43.9353
43.6762
42.1284
40.6239
42.8407
41.4594
45.5920
45.9105
48.1564
47.8885
47.8209
42.4502
41.4069
42.3444
41.1758
35.2322
40.6566
40.4003
43.3083
45.0202
41.5310
40.7802
39.9957
39.1916
39.9711
42.7499
41.3052
39.6899
40.6256
41.1141
45.4288
43.7489
44.3428
42.4586
38.4925
39.7401
41.5788
36.5722
40.2711
38.5361
38.9950
38.2727
39.6996
42.1707
37.1727
35.4284
38.0530
37.6053
36.5417
44.5151
44.5251
44.7747
44.4305
44.7171
41.5759
42.2215
43.9111
42.8635
40.6045
42.3265
41.7741
42.5539
41.6560
47.2326
45.5857
44.4029
44.5063
43.9896
43.8436
42.1786
44.2684
43.4056
38.5437
38.1642
37.3190
38.9809
39.1315
39.9360
41.7137
40.1551
41.1391
41.2265
38.6063
37.0962
38.4147
37.7097
39.4430
41.2542
41.9738
38.8504
38.3198
37.3251
37.1658
36.8112
36.3222
35.9865
35.3661
36.9426
35.7935
38.9273
39.2200
36.2300
39.5124
42.2531
44.0024
48.0025
47.1378
44.8064
45.0309
43.2306
44.9690
44.3322
51.0482
52.8138
47.6220
45.9874
46.2364
47.1299
51.4491
49.1330
51.7275
44.2364
62.5568
62.7823
64.0436
68.7097
61.0067
55.7669
60.0929
62.7203
59.4242
70.1100
55.2990
62.1086
62.8676
64.7736
63.0329
61.8924
65.7804
64.7376
63.4030
60.0544
64.4937
52.9918
65.6925
59.6475
56.8516
60.0623
53.0110
53.6092
53.7840
48.7204
52.7435
55.6104
53.1045
49.4703
51.5895
53.3474
52.7694
49.9507
52.9014
41.9328
45.6902
46.4324
60.6369
53.6820
47.5681
50.4929
53.9441
49.5611
47.7731
45.6477
44.2851
39.9108
38.5795
44.3963
46.5727
50.7913
50.4314
43.9803
45.5580
43.5082
49.4386
48.3147
47.0304
49.5663
47.8455
49.2223
49.1635
48.5821
47.8242
48.1939
47.8074
49.9473
47.2734
55.4397
57.6436
58.2256
60.9376
61.1266
54.6156
56.0524
51.6757
48.5944
51.1820
55.3924
60.3377
53.3819
55.0821
60.0485
50.0688
58.7738
54.6098
51.9662
49.2902
54.6197
55.1161
54.9338
49.9834
49.5134
48.6448
52.0272
49.4712
44.9204
47.3604
47.5231
51.0716
49.0071
45.2791
46.1160
48.6711
43.3471
48.5884
50.1295
45.7394
45.7644
46.8563
46.6911
50.3838
47.4297
51.8695
51.9101
54.4220
54.1627
53.5021
54.0789
52.9311
51.2715
51.8644
50.2606
55.1929
57.9129
59.3996
56.6482
52.3385
47.8536
49.4734
50.3407
43.8104
45.9282
47.4244
38.0672
37.9691
33.8906
37.0719
42.0131
42.5547
44.2211
42.6413
38.6129
40.5692
40.1364
39.4553
39.1481
39.2852
41.9803
45.2017
41.0739
45.8568
43.1588
52.2074
54.9539
45.8485
48.0204
58.1408
53.0790
51.3469
50.0431
47.6430
42.1429
44.6205
49.7374
55.7472
54.8712
51.7272
64.0920
49.4751
59.5331
57.3577
46.2165
44.5756
45.0328
39.9607
41.7254
44.7727
40.6461
39.8029
43.4144
47.6064
44.8558
42.0396
42.2658
42.5130
48.9711
53.9830
56.9426
57.3895
54.1548
47.9223
56.9546
56.0040
45.7085
49.0433
52.7015
46.4363
53.0582
68.3162
48.4050
46.3046
57.1217
61.6660
50.8201
50.5070
48.4881
49.6556
49.2812
53.7914
52.7997
46.3881
57.5781
53.9915
49.9216
53.9749
50.6584
55.2672
47.4048
44.2909
51.3055
53.3464
58.9080
52.2887
58.5365
61.2706
66.6288
64.4454
54.9120
59.6621
60.2486
64.4574
60.3416
64.3498
70.2682
58.0781
55.5146
57.7705
52.5887
56.3880
57.1169
54.9334
55.7668
53.6830
55.0413
58.4159
56.0055
50.4024
50.9786
52.9217
54.6363
55.9427
57.4254
48.2286
54.2440
43.5106
42.7376
47.0514
43.8157
43.6784
46.5403
50.8574
50.6257
49.8518
53.3078
49.3640
51.6121
48.4251
55.6881
54.7340
52.2136
55.1501
55.4981
56.7693
57.1527
58.0302
54.1498
55.5505
57.0498
66.8134
58.3676
62.9133
62.3889
62.1017
51.2668
57.2752
65.3778
64.0297
62.0602
61.1305
61.0694
59.6127
50.4307
56.2006
52.2761
54.2820
54.7861
60.7812
61.6180
57.4094
61.6812
61.6119
64.3135
65.3716
69.4865
68.3002
65.1866
43.2364
46.4496
43.8839
46.1297
47.7558
51.9344
55.8581
54.9422
56.4456
64.7693
51.2864
51.4425
57.5986
63.9357
65.8662
65.7179
64.4342
65.4343
65.9330
65.0987
62.4233
60.3858
60.9291
57.0177
51.3348
54.7433
56.5363
56.7902
55.9185
55.0763
51.0076
55.2674
53.1597
48.6055
52.1891
53.6186
57.9195
57.0353
55.1240
59.9214
57.8185
52.0911
53.0465
58.4444
61.0980
58.6270
64.2571
66.1070
61.9571
59.2068
57.9686
52.7132
56.5425
54.5193
57.9272
59.7545
57.0167
47.0169
59.4634
55.2080
54.1870
55.8163
53.9999
49.7623
44.4294
50.5747
50.3466
44.5235
44.3531
54.4486
50.3828
46.6813
42.8986
40.9815
41.8516
42.6138
40.1847
38.9481
37.2475
37.8362
39.2603
38.4005
38.8985
40.5838
38.9891
38.5966
39.4259
41.6973
44.3382
43.0220
43.6449
39.0821
39.8352
40.6322
42.1559
45.5012
41.2359
40.1440
40.0856
39.6778
41.8166
40.5359
40.9144
42.5672
42.9765
41.3388
43.1260
40.6858
41.6024
41.2759
41.9872
39.7267
40.5846
39.1767
39.9106
42.1642
41.3371
40.1512
39.9761
40.7010
39.9686
40.3024
39.4224
39.6808
39.9623
38.9521
39.2270
37.9321
39.5729
39.9876
40.4292
39.4221
38.2561
39.3011
40.2565
39.3533
39.1551
40.8458
39.6212
41.5855
40.4687
40.1516
40.5288
39.2303
38.9437
37.0828
37.6594
37.3183
38.0065
39.3791
40.1111
37.5172
38.2450
38.6536
37.2705
37.4984
39.5032
39.3633
37.9051
37.3754
37.7427
39.1923
38.7993
37.7863
37.3619
36.2904
37.9531
38.3319
38.8852
39.2477
39.1884
39.7137
41.0281
39.8505
36.6397
36.6451
38.2679
39.4332
38.5166
38.8477
38.2619
37.8672
40.0071
40.4960
40.4947
42.2160
43.1952
41.5473
41.4561
43.1188
44.1177
39.3033
40.2103
38.0201
39.7057
40.8791
39.0071
41.1650
40.3445
38.0068
39.6678
40.0926
39.8796
39.2736
41.0236
39.9654
41.0001
40.2002
39.4832
39.7082
39.3544
42.5390
44.3838
40.4910
40.7216
41.2362
43.3038
41.9949
40.7947
40.2961
43.6760
44.3827
41.1556
41.6754
41.8034
42.8028
43.8860
41.9379
39.3416
41.2497
41.3566
42.2145
36.7374
46.8385
47.2810
45.7838
47.3017
45.5452
43.7941
44.1044
41.8215
41.0769
38.0597
37.6851
43.4567
40.4670
41.9984
40.1661
41.5239
39.5809
39.2748
40.1091
36.2592
37.3265
39.7021
37.8177
36.5839
36.6777
38.7060
39.4482
39.8704
40.7716
38.5599
40.0973
41.9231
42.0900
42.1705
43.9758
43.2132
42.7176
44.7214
43.9509
45.6818
43.4041
43.2518
39.7582
42.1637
41.6062
42.7125
43.3174
43.9244
39.6171
42.1663
39.3306
41.6118
43.8298
44.2134
41.9791
42.9557
41.5999
39.9097
40.6705
43.4581
42.8970
41.4998
41.1292
43.6706
42.9926
41.0416
44.9265
44.0498
47.1780
46.0559
42.1782
42.6987
47.0260
45.9761
44.2012
45.2904
45.6337
50.6178
49.3697
49.4799
47.1171
48.1924
41.6977
41.9210
41.5443
42.7654
45.0690
41.9766
41.9140
40.4479
39.7706
46.6537
47.9920
47.8742
46.3114
42.3822
44.8514
43.6674
43.2445
44.2559
45.3736
46.2025
46.7130
44.8228
46.0105
44.6332
44.9540
44.9798
44.3830
45.9124
44.8188
43.9779
43.5801
44.1924
46.8415
45.2045
44.4798
45.0798
45.8648
47.4398
46.6003
45.2602
44.1054
44.3231
43.2482
42.6702
42.0502
39.8504
44.9622
43.5754
47.7633
46.0820
45.4441
50.9427
48.1801
45.3077
51.2148
52.0379
47.0772
48.3082
47.9739
47.2226
46.7990
50.0167
48.4759
47.4449
46.5726
44.6102
47.3990
45.1295
47.0544
46.6056
47.9551
47.2214
43.8040
47.1871
46.4117
48.5516
48.5323
48.1429
45.6328
48.2136
48.0477
48.8935
46.7103
47.6552
48.2441
48.4787
48.7027
48.2400
49.2350
45.9201
48.6831
51.3148
49.0087
50.6633
48.3358
47.9161
46.7212
48.6518
45.6962
44.9472
45.5875
46.7830
47.5201
46.1323
43.6082
47.0904
45.2223
45.7705
44.0990
43.5610
44.7151
44.1428
44.7654
46.6604
46.3614
47.2613
43.9938
45.9487
43.0295
44.4461
38.7715
40.8361
45.0537
44.1881
43.7726
44.0699
44.4129
42.6665
42.1167
40.0277
41.5778
39.9596
40.9792
43.2070
44.0731
44.9968
42.3135
45.6880
43.0029
43.4755
41.4071
40.7417
41.1099
44.2335
42.5602
43.8678
44.1204
43.6048
43.5780
43.7458
42.5131
42.3508
42.7273
42.1359
43.9487
42.7633
42.9779
42.3041
41.3122
42.5486
40.2747
41.8960
40.9715
42.4879
38.9860
38.8798
39.5598
40.5600
37.4842
38.4357
39.6110
40.2211
39.4261
38.4677
39.8076
41.3468
40.6080
39.8554
40.2357
40.1370
42.1478
40.9434
38.9197
37.1830
35.8156
39.2058
38.0475
37.2144
36.9637
39.1714
36.9240
38.2882
37.1359
37.4493
37.2225
37.5793
39.3919
40.8303
37.0215
36.6417
37.7029
39.3004
40.2323
38.7777
38.8620
39.3112
40.2282
38.8630
41.7845
40.2417
37.7553
40.0183
39.1007
37.9156
38.3048
38.2759
38.1932
40.0975
42.1738
47.2074
44.9737
46.8721
44.7393
44.8598
43.1717
49.0354
45.8179
48.4250
42.4770
46.6746
41.1847
43.9586
44.0742
43.7264
48.9561
42.9402
43.9737
45.0763
46.4894
47.3884
47.6220
50.1909
50.2225
47.7971
49.8741
48.8029
47.2559
46.7329
46.6580
46.3583
47.1182
48.8191
45.7112
44.4016
46.0993
44.7201
44.8186
45.5649
42.5988
41.8169
40.7802
42.7226
44.7815
42.9203
44.3209
45.6806
44.9286
43.9514
44.5650
44.9915
42.6317
44.5473
44.6972
44.8053
46.3292
46.6137
41.9988
43.5595
43.9535
43.7599
42.1702
43.1797
42.0614
43.7933
42.7207
42.9972
44.6819
44.2668
46.5761
45.4449
44.0673
42.8915
40.7381
42.8340
42.3115
43.2866
43.9647
43.4884
40.8065
39.6992
40.4882
43.6740
45.0316
44.1737
45.7259
44.8159
43.1086
36.4195
44.5042
44.2373
40.2319
37.4757
38.7549
42.9720
42.8747
45.6905
44.1253
44.6645
43.7678
45.0887
47.3346
44.7391
42.1300
40.5469
39.7525
41.1874
41.6688
39.8533
45.1503
41.1809
42.4179
40.4406
41.7562
42.6845
41.9978
39.8611
38.8289
40.2821
40.2846
41.6264
41.0944
43.3485
41.2966
41.3162
41.1795
39.0213
41.3985
41.2765
42.7513
39.4643
40.2030
37.4582
39.3809
39.0581
40.9310
40.2438
38.8548
38.5465
37.2186
36.6229
36.3302
38.0378
42.4510
36.9617
35.0655
39.1982
37.8252
40.2462
41.5830
39.2742
38.5629
38.0951
38.3755
38.3465
39.0080
40.0311
37.4254
38.1633
37.8605
40.8093
38.9063
37.5827
37.5576
38.4172
39.8776
37.4522
36.8151
35.8492
32.8790
31.3029
34.2836
36.6496
39.2803
40.2709
40.1716
40.3301
38.0443
37.6658
39.2146
40.0957
41.3651
40.5730
39.4393
39.0590
39.1592
39.0228
39.6738
38.3863
36.5082
36.1694
36.6678
36.2075
35.8436
37.9962
36.6104
35.8279
36.2347
35.7869
38.7601
38.4157
35.7770
35.8218
36.0506
36.8238
37.1781
38.5771
37.2878
37.9750
37.9949
37.1058
37.8611
39.4601
40.6755
40.9212
40.1478
38.2634
38.3298
39.1447
39.2979
39.9597
37.9673
40.8819
41.2833
40.8365
40.5661
40.0119
39.1968
40.2893
39.8937
39.5879
39.3042
38.2248
38.4810
38.7496
37.0128
37.6499
38.6316
39.4234
37.2877
35.6982
35.5488
35.5920
38.6635
36.3954
37.0678
35.2340
36.5061
33.9617
36.6035
37.3649
39.4432
39.4684
41.3718
41.4201
42.2068
41.8607
38.5863
39.4490
39.4820
40.0313
40.5589
41.5852
36.8839
34.0752
36.8736
37.0165
36.7136
38.0090
35.2627
37.1126
37.6413
40.2655
41.1123
39.7148
33.7043
34.4720
38.0393
37.8833
37.8530
39.1998
37.7224
39.6113
41.3039
39.7856
39.4491
38.9955
39.8233
39.1824
39.0046
38.0057
36.4929
38.8073
37.5293
37.2172
36.7935
37.2554
34.6264
36.2856
36.2454
35.1290
38.5060
36.3284
35.8460
36.0139
35.7316
36.5577
35.3265
35.5049
36.9641
37.1242
37.3633
36.8396
35.8599
35.9579
35.8594
35.8302
36.1924
38.6245
34.6693
34.2853
36.6618
37.3700
38.4296
36.0084
36.7491
35.0848
36.2933
34.0466
33.3573
35.9797
35.3778
35.5258
35.5386
36.5228
35.9012
36.5062
34.7378
36.1311
35.9121
33.4774
36.2821
34.8805
34.1535
34.0802
33.7619
34.9610
32.9647
33.6545
34.3496
34.3365
33.6211
34.3769
33.2367
33.6421
32.9921
31.6791
30.7600
33.0278
34.3015
32.9841
32.3580
34.9321
34.0782
32.3191
33.1072
33.3107
33.3189
33.9326
32.4546
34.3889
34.9782
35.1204
36.7123
36.0028
35.1588
36.1505
37.9243
39.7068
34.1385
35.4191
35.7331
40.7938
43.0528
43.1781
42.4105
39.5167
38.8666
39.2605
37.5830
38.2516
37.4960
36.4827
36.3754
34.3677
36.2730
36.3391
34.8060
33.4731
34.0014
34.8432
36.4139
36.4954
36.7422
36.9272
35.6600
35.7447
34.8180
34.7533
36.0705
35.1563
35.4218
37.5352
38.4736
36.9806
35.3941
37.6263
37.1118
40.1825
37.6539
38.2688
35.9818
39.5223
37.7994
37.9211
38.7434
40.3409
39.1151
39.7353
37.9764
39.4157
39.5020
41.1396
39.9447
44.3189
43.4108
41.2955
42.6823
43.8651
39.4133
41.6163
39.3342
40.5018
40.9013
40.6151
41.7213
45.7765
44.6874
44.6528
42.4325
43.9537
42.2944
43.0540
46.8109
46.6599
43.8208
45.0983
45.8134
45.7218
46.0253
45.3464
47.0085
45.1659
45.9989
44.2605
40.4174
47.3756
46.6149
47.1718
44.0948
46.3436
43.4371
45.2372
41.7211
42.5789
43.1996
44.6190
41.2493
40.9146
43.3535
45.9091
45.3381
42.7675
44.1863
48.7416
45.3863
46.5284
47.0201
49.3015
47.2126
46.2157
49.0323
45.8424
42.9500
42.6997
38.5454
36.3006
35.7330
36.2520
39.7861
38.5060
43.6490
43.5722
40.9332
42.3964
44.5048
45.1452
45.1847
42.7261
44.0659
46.6605
45.7513
43.7697
44.2927
43.5953
44.6735
43.2912
40.3290
40.3772
37.8656
36.3556
38.6594
39.0758
39.8952
38.9836
39.3252
41.0304
43.4418
39.3228
40.1758
41.7675
41.6452
38.6850
40.1653
40.1070
40.9963
40.2063
43.3065
44.2826
43.0984
43.7240
43.2394
43.4762
40.9557
39.6697
41.2140
42.9212
39.4060
41.8011
44.7558
39.4052
37.4365
40.6718
40.9058
39.8424
39.4198
37.7022
39.7202
37.9699
38.7938
39.5161
40.3979
39.6394
36.9627
36.2934
37.3544
36.7921
38.0091
38.9168
39.4713
41.2688
41.5729
41.4520
39.6457
42.2684
43.6994
44.3100
42.9746
42.3791
42.9005
44.9712
45.8830
45.7418
46.2174
45.7325
45.6895
43.6439
44.6535
44.3259
42.1684
40.6880
40.0107
40.0527
39.8190
42.4930
39.3937
38.6348
36.0367
38.2008
39.8972
38.3277
37.8657
37.9597
38.0135
40.9331
40.0400
40.6301
38.8572
39.7004
42.2587
38.4379
41.6846
40.1697
41.4621
39.1136
39.8573
39.8915
41.1918
44.6658
44.8443
45.1607
45.8068
41.3488
43.3010
44.5875
43.1609
43.4280
42.9767
42.6589
42.6690
42.2860
41.9510
42.2938
43.3236
44.2468
43.6295
44.4641
41.8803
44.9100
44.7076
42.7296
43.8103
43.2976
42.0458
39.0419
42.3159
43.2429
39.8783
41.8650
42.6201
42.3603
43.2371
42.5513
43.9473
43.9858
44.2412
41.6927
45.6196
46.0614
48.3151
43.5816
45.7391
46.9716
47.5611
45.4077
40.2610
40.5272
44.0438
42.7902
40.6227
40.6026
44.3192
45.2213
43.9619
45.5526
46.3745
42.2306
45.0632
45.6547
43.8629
44.0489
40.5335
39.2743
41.2839
43.0487
46.2289
45.1655
43.4227
40.6598
41.5907
44.1867
44.0474
46.6337
43.3004
42.9545
41.7297
44.4557
46.8282
44.0210
45.5880
44.2454
39.6966
45.6236
44.5847
47.1898
46.5115
48.4904
47.6144
45.9474
43.9818
43.0782
43.8238
44.1645
41.4012
41.0621
44.3939
42.1617
42.9791
42.9780
41.2851
41.5173
40.9795
39.6020
39.9942
42.7147
42.1171
43.0152
44.0938
44.1543
45.2594
44.1214
44.6670
43.3784
43.0850
40.8056
41.1906
39.0768
39.0209
37.8930
38.3504
37.4738
37.4759
38.9191
39.2986
40.2385
42.3613
40.6927
42.5611
41.8536
39.3333
42.7433
41.7487
41.3180
43.3201
42.8849
43.4434
42.5821
42.7132
42.3303
43.5085
43.7803
43.0848
42.4135
44.0417
44.8208
43.9482
44.9926
45.7193
45.6313
47.4299
44.7931
45.3696
44.7060
46.4476
46.0273
47.1422
46.2614
46.0121
45.9976
48.7325
48.3432
50.0269
51.7115
50.2253
55.1420
56.6434
53.2184
47.1453
49.4954
51.1399
53.2792
54.6116
53.0821
55.6632
52.7481
55.1807
46.6268
50.5742
46.6045
52.8129
51.9010
50.7060
50.9509
58.7163
52.0240
49.1073
50.6508
48.1986
44.5320
44.2083
48.0028
49.2933
49.0022
41.9317
42.5526
46.6092
44.3580
44.6688
47.8097
48.3235
49.5216
45.9650
45.9255
46.4668
46.4372
43.4850
41.7462
43.8346
41.4066
41.1507
40.6607
40.8462
40.3532
38.4241
39.9349
44.9039
41.6129
41.6402
39.0832
39.4396
41.8820
42.9226
44.2193
42.3595
44.7756
41.1235
41.9154
43.4768
43.8786
45.7119
46.9016
45.4209
48.0612
47.0406
43.0023
38.6407
39.9564
40.6319
40.2611
39.9625
42.5368
44.2437
43.7323
47.3009
42.5311
41.9245
43.7228
44.2512
43.8341
43.9974
42.9846
42.4916
44.4057
42.6004
43.7561
43.4542
44.2630
43.0746
42.5910
40.7158
45.4057
43.3778
42.1297
39.2156
39.9577
38.7881
36.1928
39.0946
40.1000
41.9775
41.3818
40.3557
45.3715
45.5710
46.1866
47.6129
48.7328
48.6628
49.7964
48.2530
48.8913
53.7270
45.2499
46.8082
45.7037
43.8613
45.4869
44.1804
44.9301
45.7721
45.0198
45.1556
44.4391
45.4947
44.1637
44.6732
44.3068
43.9358
39.8973
40.5302
41.6478
41.1167
42.9395
43.2392
47.5674
47.4671
45.5619
43.3007
41.7147
42.6719
42.2246
40.9212
45.5113
42.5932
43.4356
39.3618
39.2439
38.5108
38.6368
38.9360
38.3173
40.6309
38.8152
37.9749
35.4951
36.5503
43.2798
43.0717
43.3503
46.1444
47.4481
45.1984
47.8473
49.3313
49.1916
49.7875
49.1208
48.7185
48.2601
48.4660
45.6355
50.8499
58.8540
52.9888
43.9622
41.0051
42.6694
46.6194
40.6730
45.3764
44.6668
46.7779
41.9152
41.5344
42.5386
39.1258
44.2327
43.7269
41.7046
40.8052
44.8366
49.8609
45.5846
45.6285
43.8156
43.5991
43.0156
45.2499
43.2012
46.4060
46.4763
44.8349
43.6804
45.0562
45.5348
46.9019
49.4549
42.7881
45.2966
43.0248
41.7769
41.1605
41.6851
38.3630
39.6058
37.5310
44.3361
43.8088
41.6224
46.4766
45.4037
43.7002
41.3138
40.0033
42.5611
39.8966
39.2431
42.7625
42.7083
45.4757
44.6685
43.0722
44.4974
48.7357
46.4432
46.3877
47.2170
43.7397
45.6893
43.7693
42.9303
45.2567
42.2576
43.0145
41.2898
40.3519
39.9513
40.2271
40.3606
43.9030
42.6849
38.9810
39.8963
38.9603
39.2751
41.1861
36.6666
39.5349
35.9311
38.9239
39.1986
40.6353
40.7022
38.1781
41.8203
39.4197
40.4128
39.1644
36.5978
39.1642
38.2056
39.1776
36.4381
38.5805
39.6070
43.2458
41.2623
37.7892
37.6916
35.4848
37.9679
39.5895
41.6084
41.3853
40.5903
41.3326
41.0909
40.7192
41.3124
41.7704
41.9579
41.8740
41.6060
41.6873
41.5627
42.0420
43.2521
42.6083
41.7300
41.3530
44.6936
44.2457
43.7214
44.1844
47.7409
48.4127
43.5198
44.1221
46.4125
46.4625
48.8815
46.7416
46.4710
42.2460
44.0573
44.2735
42.7554
43.0200
43.9618
44.3518
43.5896
55.9210
57.2091
47.1440
50.1249
42.6673
45.3765
43.2545
41.5439
43.9854
43.2689
43.3195
43.4256
42.9954
45.8729
45.1959
42.7497
45.6175
41.5930
44.8910
48.7000
51.3950
49.9594
49.5703
47.1173
47.8606
46.9269
45.4832
46.8041
48.7990
47.9080
48.2992
47.8459
49.0332
47.1275
45.7046
43.7048
45.6113
47.2087
43.2416
42.7078
46.3728
46.8202
41.1123
46.4236
45.0970
43.4440
43.7519
47.1792
48.3799
45.9189
48.3374
44.7730
44.2412
45.4302
45.1117
43.9365
43.6895
43.6743
45.9239
46.2072
43.0713
45.4655
45.6756
47.9822
46.1329
45.3910
45.5106
48.5844
47.7279
46.0087
45.3563
46.9979
49.2772
45.5612
45.0406
45.9461
45.4275
44.0928
48.0466
47.0747
48.5758
47.0793
47.6057
48.1415
44.0427
45.3711
49.7143
48.6102
49.5519
47.7338
48.3338
47.2692
49.4972
42.5632
43.2412
43.0568
42.4351
41.9363
41.7538
43.1312
43.3022
42.5494
43.8956
43.9029
41.5581
39.9663
37.4198
42.4547
41.6205
44.0259
39.9281
42.9918
42.9425
44.0991
41.9393
43.4038
39.1393
39.3673
40.4890
40.9723
41.4714
44.5044
42.6414
43.5160
42.4946
41.7976
41.6787
41.0141
39.7731
40.3761
41.3100
42.2515
42.3475
41.9889
41.8852
42.3066
40.0366
41.2660
43.2371
43.5444
39.8979
40.3129
42.5767
44.0183
46.9876
42.9991
41.5259
39.0159
40.4117
45.0497
40.6459
44.9431
42.5045
44.5578
42.7739
44.6368
43.7504
44.7107
47.2935
46.0511
44.5178
43.1489
46.5607
46.5122
43.9404
45.4785
41.2994
44.9421
47.5736
47.6282
44.6800
43.7180
42.0333
43.9156
44.0753
43.2599
45.9261
49.1025
48.6002
46.5904
53.3226
49.2147
48.3854
41.0090
44.0850
44.1658
41.7151
45.0852
44.6086
43.8501
44.6189
44.4880
45.3268
46.9889
45.2518
41.4242
38.9813
43.1595
39.8798
41.8747
40.9339
41.7430
36.7379
39.8260
39.2940
38.3621
38.1510
37.8957
39.7933
39.8774
40.2419
39.2633
39.1030
39.5395
39.5352
42.7500
39.8539
39.1472
39.6169
38.4638
43.5993
42.3678
39.9389
42.7301
42.9340
41.2064
42.4188
44.2179
41.3676
43.4411
40.2284
38.1493
38.4652
37.9706
39.1506
38.6610
39.3249
39.4716
41.3838
40.3082
41.1377
41.9863
39.5989
37.9644
39.7719
40.7270
44.4598
43.5578
40.9807
43.7426
43.6637
41.6920
45.7319
46.7388
45.8070
46.8268
45.5049
44.2725
44.8579
45.3554
44.0071
44.3998
44.7700
45.4679
49.3299
56.0578
63.5803
61.6378
61.6153
56.7748
45.0614
54.6689
57.6913
52.6153
59.5385
59.3205
60.2093
52.5307
62.0137
56.2588
54.3054
51.6291
56.5509
57.2887
51.6706
48.6539
48.0330
49.7387
42.0801
45.0895
47.0827
42.0873
44.6452
44.0893
46.6649
47.7923
50.1739
45.0429
43.9052
62.8180
71.0182
70.0754
60.4470
70.5286
67.7921
67.1997
67.1867
68.5537
65.9309
66.8072
58.9736
62.6923
63.0128
59.5264
61.1007
61.1285
62.3784
65.5538
72.2610
70.7076
59.6510
64.4490
60.8678
64.0409
59.1182
65.7499
59.2194
61.1319
62.8983
63.1400
59.1768
63.0701
62.6055
57.0976
59.3966
63.8778
65.2499
55.3703
52.3593
52.8194
65.5363
59.0538
53.5564
61.8112
52.5762
53.3175
48.8297
44.8250
42.5626
44.4401
47.9972
47.0822
50.1739
46.5274
46.5057
44.9348
44.6587
49.0472
48.2691
51.4165
47.0061
42.9970
47.0558
48.0359
47.0397
43.7749
40.9523
43.3139
40.7503
41.0214
42.4094
44.4551
40.1145
38.9277
38.1876
38.4985
43.5447
44.5627
48.8023
54.1962
52.2713
50.0794
51.1502
46.3738
52.6056
52.4756
62.7592
59.7703
55.1645
56.3886
60.5962
59.9752
47.2355
66.5169
54.3430
53.3857
53.3665
54.9413
59.8058
56.3713
60.1027
57.2755
68.5792
63.4426
67.7992
60.0266
62.0779
69.2518
72.2910
70.1070
66.7926
59.3518
61.1198
71.0681
75.9117
76.0922
71.3839
65.7373
58.2713
70.1965
72.6302
74.4720
70.2989
69.9264
63.6949
60.2229
55.1236
61.3017
64.0960
62.1115
61.1324
50.9551
57.7830
49.4223
51.0269
54.0310
51.7003
57.3219
58.7265
51.2701
53.2548
56.8892
47.3656
49.6989
43.4778
52.4274
51.6229
47.3315
52.0282
57.7780
53.3786
45.9412
50.8954
58.2333
57.7578
56.8290
53.4131
61.2615
63.8252
61.5260
66.9451
70.2775
66.5874
64.1857
64.3366
62.4289
44.9579
47.4048
65.0464
57.6626
59.9662
60.5417
61.8481
66.2293
68.7866
64.0866
62.6567
59.3124
61.3884
58.7359
59.9782
51.7283
54.1093
55.9803
55.4076
55.9776
63.2141
61.4691
62.8119
62.9985
59.4829
53.1715
59.1246
50.6773
44.8830
46.4527
48.1586
50.8304
52.8253
49.0224
56.4501
61.1099
63.8371
55.7179
49.3831
49.3630
50.0925
47.2710
50.0988
43.8791
58.9715
45.0022
50.8041
43.6131
46.4135
44.0872
49.0405
51.5446
54.1134
54.2574
56.8099
48.4942
52.0321
54.9571
53.7889
54.1153
46.0552
39.1144
42.0644
41.9070
49.5815
45.1676
42.6528
42.5042
40.8116
39.9823
43.4585
40.5124
40.6057
41.9328
40.1726
39.0792
39.8745
37.6844
44.1085
39.8084
40.7421
41.4282
41.2153
39.4081
39.8964
39.2692
39.7463
43.7509
44.3346
41.7402
47.5372
44.8785
43.7148
45.9103
39.4692
44.9426
41.7478
42.8983
39.3633
42.6540
42.0937
41.1070
42.0299
39.0765
43.9822
43.4038
40.0101
37.6617
36.6935
36.3165
38.6529
37.4655
40.6059
37.6067
40.6592
39.1099
40.5551
39.1823
42.0802
42.8469
45.3299
42.9229
47.5904
45.6700
44.3977
44.5010
45.0386
45.0641
44.5715
45.5599
43.6599
44.2884
44.5860
39.2356
45.1843
38.8214
39.6189
38.7156
42.8362
42.6165
45.8802
45.8036
43.4324
44.1045
42.6322
46.6221
44.8519
46.3274
44.7419
44.6449
47.6324
41.5941
39.6288
45.0237
43.1184
43.1379
46.8835
46.6285
44.9154
46.6760
44.4268
43.8714
48.3796
46.8513
50.5996
48.2179
45.1347
47.9864
47.9988
47.0137
47.4678
48.9389
50.1637
48.5547
47.9311
49.5459
49.4156
50.2324
50.0365
49.3603
50.3923
49.4067
52.2853
48.6395
44.9443
44.6054
47.4152
45.8014
44.9026
45.9333
49.6750
44.9654
43.9782
45.0192
44.5202
44.0772
49.2464
48.4610
46.9766
46.1456
48.2648
44.0919
47.3663
47.4450
46.1468
48.4243
47.9805
49.5255
47.3499
48.5678
48.4482
52.2810
47.2968
46.3992
46.5316
45.1541
46.4318
45.6062
44.7324
44.2763
45.2852
42.5841
43.7257
41.9219
44.1317
41.1352
40.1088
41.1498
42.1527
42.4387
42.5449
42.7512
46.0222
48.0925
43.8139
43.7415
44.0923
43.1358
44.3224
41.6601
41.9663
42.8447
41.9502
45.2854
41.0941
42.5334
45.0823
44.4057
39.1070
39.2374
39.1760
38.0392
41.0361
40.4669
40.4625
42.0100
38.0823
39.2249
36.4911
38.2471
37.5250
41.0969
38.4309
37.0965
35.4106
35.1839
37.5631
39.2704
39.2026
43.2874
44.1083
43.1800
39.9953
43.5428
44.2678
44.8652
46.8973
46.6344
47.0594
48.2400
45.0896
44.9901
43.6515
46.7308
46.7027
43.8945
42.8455
42.4067
44.2845
44.8764
44.8070
42.9684
44.3183
45.2061
46.1735
44.4227
45.8050
49.4961
48.1843
43.3449
41.5194
44.1793
45.2463
42.7808
44.3689
46.7651
46.0674
45.5017
47.0963
42.7111
39.4894
43.0691
40.1847
41.8125
41.2207
41.5183
41.3318
39.0472
40.3646
43.1094
37.7833
34.0760
38.4569
39.9159
41.2150
41.9633
40.4820
40.1967
37.8221
40.5791
39.5014
42.4543
41.2267
42.3103
39.4433
38.7996
39.7870
38.1807
38.7183
40.5598
40.4443
40.6270
41.1809
40.9060
42.0174
38.7234
40.3018
41.2778
41.0182
39.8773
40.0599
39.6147
39.5798
38.9670
38.7753
38.0871
37.6096
37.6281
39.1074
40.2504
41.7832
43.7266
40.7115
42.5406
43.7431
38.4082
38.9846
39.6223
39.9497
36.5751
35.9325
35.2944
40.7241
40.7463
42.0358
41.4553
42.6326
47.9015
47.2694
43.0815
47.9906
46.5329
47.1730
44.5905
40.8549
47.6219
40.0826
43.7056
47.9968
46.4886
44.0935
39.7557
46.1313
46.4102
47.9276
43.1675
45.7521
44.4119
47.3200
41.5501
43.5895
46.5356
45.2994
41.7980
43.6698
44.7959
46.1868
44.6501
42.7302
45.6130
39.0230
44.7589
43.9793
46.0474
43.5804
46.7685
46.6271
48.2635
46.8379
42.3985
42.8534
37.9861
38.1515
43.1360
41.1661
42.4437
45.0141
40.0864
39.9223
40.4938
40.2297
40.2356
41.0235
41.5929
44.5829
45.4149
45.1250
40.8851
41.6580
44.3813
44.0352
43.3541
42.4116
41.1031
41.6795
40.3758
40.6255
44.0198
42.6789
41.7742
45.3297
47.3995
44.6088
46.2740
50.0002
48.1637
47.2242
46.5768
46.0660
46.7818
44.2471
43.4411
45.8630
38.4336
41.2623
41.3258
43.4409
43.6460
47.3726
46.0881
42.6029
42.3653
40.6885
38.5866
36.4930
44.7106
39.7667
41.3346
44.1399
43.7259
43.2221
44.0427
45.3518
44.8424
47.7007
45.2775
48.6106
43.8729
42.4049
46.9140
42.8972
43.3228
41.4382
42.8573
44.4188
43.3283
42.7783
40.9386
42.9353
44.7590
45.4278
45.8606
43.1350
44.7368
51.0718
50.0707
47.7264
44.6129
42.8790
45.6007
43.7349
43.5591
40.7594
41.4007
43.0798
36.1454
39.1204
40.2545
43.1232
41.4030
41.1130
43.7288
45.1899
46.3024
43.0945
43.3674
44.7484
43.3479
43.3700
44.6957
43.9611
42.5011
39.3881
40.3767
43.2581
42.3584
41.5091
40.5006
40.6744
44.5052
46.4330
49.4931
50.0693
49.6531
50.7473
47.1615
45.8143
47.8151
47.7242
47.2814
46.7038
46.6470
47.7489
46.1220
47.6219
45.6444
43.2969
44.8848
44.1931
46.7482
48.0726
48.2285
45.7171
46.6140
42.9314
46.2900
44.5114
45.0937
43.8245
42.6949
44.0207
45.1693
47.9537
46.5629
47.4369
45.0275
44.8664
44.7551
42.8741
43.9309
45.4106
44.7793
48.1057
47.2038
47.8697
51.7964
49.5442
46.3235
45.8426
46.5321
48.3133
44.6727
45.4204
45.5113
43.0285
45.3551
43.9257
44.2286
43.3151
41.6845
44.3904
43.3496
43.7779
43.7845
45.4436
45.1865
45.5732
45.1908
39.7456
38.2150
45.1394
45.2621
42.4300
42.2739
41.9177
41.7164
40.1868
41.7761
43.2254
45.2215
44.9508
46.2762
47.3478
46.8064
49.7307
45.5027
43.1622
47.6209
49.9407
50.0212
48.6718
48.5628
49.2468
50.5877
47.9231
49.5227
48.6302
48.8740
50.5036
50.2258
51.8323
51.4417
48.6241
46.5972
49.5925
50.2198
50.7044
58.0563
63.3506
59.0110
57.3396
50.7277
48.8092
37.2176
44.1226
39.5458
44.1176
45.0760
42.8452
44.3705
48.6580
49.9066
57.0902
54.5050
60.9316
65.7573
46.6608
70.9383
63.3977
64.5978
55.2795
54.3084
44.5189
52.7857
45.0734
49.9507
63.0219
64.2359
51.5088
53.5495
52.0965
61.9530
59.1384
56.5711
63.9879
61.5770
65.0091
47.4307
60.4150
53.6392
56.8856
55.7213
54.5579
54.0261
56.5717
49.5793
56.5480
45.4412
38.4991
40.2337
39.9774
43.6534
43.3663
41.0256
35.8463
36.4396
36.7179
36.7242
35.4405
38.2883
43.4904
43.7170
44.4997
42.6140
48.1764
47.8293
45.7486
48.9803
45.6696
45.1756
44.9166
43.6374
46.2048
48.1894
46.3645
46.2989
45.4664
46.8066
48.7214
45.7212
47.5546
45.8213
44.8545
47.2224
39.3070
39.8001
39.1554
40.8565
44.0970
43.7582
44.2653
46.6483
47.9578
46.3061
50.9254
52.6053
54.5067
53.5505
51.9869
53.8632
43.2935
49.2563
48.4683
52.3031
51.8607
53.6358
51.1370
45.6949
46.4673
54.8945
57.4551
56.4965
56.5688
57.4916
41.8728
45.6216
43.8089
45.0228
61.0579
47.0790
47.6012
57.1669
53.3373
60.7876
68.3130
64.2352
57.9898
52.2318
59.6208
62.4952
60.8454
62.4321
59.8785
51.4779
56.0685
53.2131
53.1580
53.8549
56.3757
49.2047
51.9651
50.2132
51.6318
57.3375
52.7653
51.1492
49.3143
53.7851
47.8788
52.0952
59.2648
54.6305
51.8366
46.2396
51.0618
43.8414
44.7046
46.3670
50.1021
49.6428
60.6841
59.3688
51.1661
55.9799
53.2722
55.3783
56.1768
59.5347
55.8469
55.4241
49.7900
45.0028
51.1740
48.8360
43.2653
41.2778
51.5041
59.5380
45.8578
59.6639
59.3847
61.4005
62.6372
62.1267
52.7844
61.9752
58.1596
59.8275
63.3038
50.3360
50.6841
55.1487
49.5634
55.2651
54.3439
55.6231
57.8303
58.2132
55.3035
57.5080
59.5917
55.2248
53.1818
55.0610
56.5306
63.7650
58.4901
55.2919
50.4069
54.6493
53.0285
51.2959
52.2588
57.9752
48.1637
63.3914
70.9096
58.0855
50.0767
49.0125
55.9951
49.9334
53.8150
50.8006
50.1755
66.1271
71.9114
67.6670
68.3480
59.3278
67.3308
67.3325
66.9090
63.1843
70.8845
67.1547
65.1546
67.8228
63.0408
70.3976
61.1208
65.6972
62.2576
67.1469
64.3637
68.2428
66.6886
63.3142
60.6666
59.5032
56.9891
66.4529
55.7143
66.2460
64.4205
68.5470
70.7857
65.9307
65.7705
64.8999
69.6793
61.8824
68.5399
64.0284
64.1852
62.9617
66.6044
52.8996
55.8404
62.2836
57.5823
61.8025
59.6045
61.5134
64.0419
62.7927
63.1016
66.6829
68.5608
60.6733
61.7996
58.2068
61.0286
52.4286
55.4523
55.0521
53.2511
49.2106
52.1716
53.1522
51.9167
47.0055
46.3183
47.3864
47.8786
52.4098
52.5080
60.0383
64.2820
58.7828
53.5790
51.7660
49.7573
45.9235
48.3857
49.3475
48.4277
47.3113
48.5331
50.1406
48.3795
49.1285
50.2764
48.5184
49.3000
51.0665
49.6906
51.6336
51.9011
51.0113
53.4013
51.8964
48.4272
48.9447
45.1912
47.2136
46.8050
44.8679
47.0117
49.9952
45.1868
45.9315
50.2282
50.2103
46.3387
43.5188
46.4383
43.9799
47.0334
46.7015
46.4203
52.6172
52.6761
48.4654
46.6285
52.6139
51.4566
51.5307
50.6694
50.4291
53.7959
49.3898
47.0863
57.0638
52.5397
53.3765
55.8105
52.7352
50.7209
50.9503
47.5697
53.2103
46.3942
53.2808
48.3187
52.0951
55.4115
59.7251
55.7601
61.4125
60.7346
60.5310
54.1910
42.1180
48.6379
49.4982
47.2531
49.7861
59.9048
60.8054
52.4356
57.6971
61.1242
68.0414
62.9714
62.5410
66.5129
58.7338
64.2310
63.1097
64.3751
65.3403
68.2603
63.7227
58.3030
63.2126
58.2175
47.1083
42.0532
47.1144
49.6748
43.9311
49.0697
51.4905
52.9842
53.4006
49.4105
50.2652
51.7209
51.3510
52.9719
51.5952
53.4539
56.0070
54.1881
54.1959
53.4268
54.8212
54.0618
52.5499
51.8835
49.2400
48.9334
53.9290
49.1271
46.8540
49.1509
49.5462
45.8030
41.3770
40.7481
44.3020
42.0794
42.6535
45.7754
48.6631
47.9887
44.6410
44.7878
46.8636
44.5151
47.3648
45.8656
44.5776
47.7941
47.8497
49.5593
41.8176
40.0849
42.5061
43.3460
43.2073
47.5588
44.4085
47.6591
50.7271
49.5336
50.3897
49.0860
48.9370
48.6874
51.6435
46.3740
47.2104
47.3168
48.4072
49.2923
47.4718
49.2054
50.7552
48.0952
48.6431
52.1106
50.9856
50.8293
52.4822
53.8853
49.0734
46.0457
45.2409
49.9341
48.2663
47.5513
45.5700
42.2641
44.0932
45.0075
45.5376
42.3299
42.9954
43.6988
43.6384
41.3223
42.6053
43.8314
46.1238
42.2260
44.5363
40.4169
41.0277
43.9592
44.9164
43.1344
41.8357
43.7775
43.3550
43.5148
47.6011
55.0013
50.8354
55.5084
54.3445
50.4221
50.6686
52.2880
49.5557
52.1514
50.4985
49.1786
54.0111
54.6832
52.5043
53.5537
50.5365
55.3258
55.0300
52.7214
58.8790
53.0882
54.1461
55.9335
72.4743
54.0440
58.4297
54.6065
53.1395
58.8508
50.1954
49.4156
49.1848
50.7664
53.2527
48.9870
54.7281
46.5800
44.8857
49.1617
55.0807
54.8719
51.8384
52.3814
52.2207
50.5736
53.2617
54.8049
45.1675
51.7883
51.4435
55.0384
54.4243
52.2046
55.6086
55.4374
50.7410
51.3908
53.0458
46.0606
44.2757
43.5114
45.7061
46.5928
44.9439
45.4269
45.1681
40.1723
42.3635
43.1472
46.3495
43.6185
42.8959
42.2397
43.4201
43.9097
41.9943
42.1105
39.5883
41.5676
39.1282
41.7710
44.2144
42.8715
40.2328
41.7780
42.8287
38.6157
40.0024
40.1036
42.2338
42.9111
41.1354
41.2139
39.2631
38.0676
38.9187
34.7200
38.8290
35.6945
37.9723
38.4345
39.8386
41.4704
39.9131
42.5220
41.0742
40.3650
39.3815
39.1355
38.3463
36.1756
38.5079
42.3359
41.0469
51.7930
54.5399
55.7333
52.8397
53.1801
60.0856
58.4463
54.3066
51.3756
57.4701
51.2695
52.8929
56.2138
49.7717
59.8822
56.8953
62.2190
57.2960
51.2174
45.4061
50.5953
53.2006
54.4492
54.9986
55.4661
56.2197
62.0254
62.3864
59.4130
58.9712
60.3445
59.0477
66.3218
58.9714
59.2813
59.4647
60.8943
60.2203
47.5228
47.6634
60.0579
63.5906
67.8116
57.5535
74.7530
61.0328
63.4870
64.5276
64.6848
60.6992
70.7394
70.0763
80.3764
82.0484
68.9472
75.4437
69.5742
51.2189
46.1923
45.4051
45.6041
49.3819
48.1347
54.5917
52.3748
56.1880
66.9613
67.0331
69.7935
69.4845
67.1949
71.2209
74.3552
69.4401
66.7002
70.5211
65.7547
53.5317
62.4463
69.5762
58.2656
57.1202
64.0448
49.7077
54.0517
62.8682
55.9383
58.3064
61.2988
63.9194
59.6502
59.1033
65.5647
66.3594
60.4772
60.5245
60.0180
59.9527
55.6994
57.1504
43.6569
53.6755
48.1344
47.8407
65.0652
63.2456
72.7338
55.6467
57.4202
51.8813
51.2393
48.0141
42.6228
68.5489
64.3889
67.7972
57.7594
56.0180
56.6577
51.9514
46.2285
48.3637
41.3132
44.1145
46.7371
52.2069
53.3672
56.2132
53.2595
49.9482
51.8109
64.0548
61.3635
61.7752
56.8495
58.5256
55.6008
59.1523
50.5443
60.4475
55.5292
50.5834
59.5434
55.3915
54.6898
58.7258
64.6249
62.8942
60.1203
59.2666
55.4846
59.0241
60.6343
58.3068
62.2895
51.6004
55.5359
57.3664
57.9664
56.8229
52.6269
56.6856
62.5474
60.5746
57.6868
56.8934
60.7102
56.4450
60.0851
57.7484
54.6460
52.1865
59.4363
61.1338
63.7715
62.2124
54.5311
61.0476
53.8539
53.0005
51.7917
50.9558
54.4432
58.7202
56.7972
52.8241
54.0112
53.7209
55.7525
56.3709
49.2326
51.7973
53.1269
59.0112
57.4399
53.6922
51.9825
53.6616
49.5967
53.3652
39.1253
39.1867
38.8795
35.6875
40.3330
46.0346
53.8469
56.7312
52.1144
53.3191
55.9077
61.4016
60.6543
58.4277
61.7564
60.8125
46.9830
44.6598
40.1722
38.3375
42.7193
36.5899
39.4322
40.0943
43.4170
41.2353
40.4500
42.2787
43.3410
43.2141
40.0135
42.8915
43.0834
42.5346
42.7252
41.1664
41.3035
41.4080
41.1459
41.0434
40.8801
40.2171
38.6557
38.7823
42.0836
43.8721
45.4598
43.5256
43.0680
36.7921
41.9101
43.1219
38.9277
42.8800
42.8208
43.8091
41.0536
41.7736
41.7814
55.9388
57.5958
63.8249
54.5516
58.8289
62.8897
62.3830
67.6541
52.5353
53.5153
57.3609
51.4189
59.6163
48.2626
62.1093
58.3194
49.9645
57.3570
55.2434
49.6682
46.8590
43.6878
40.4474
40.8339
40.2370
41.2379
42.6508
41.7428
45.9221
44.8504
45.1049
45.9889
47.3154
47.3335
45.2484
47.8863
48.7810
46.5071
43.6131
50.2218
50.3643
51.3526
45.5213
48.9852
42.4013
47.2980
45.1828
44.0045
46.4264
46.6522
44.3970
63.3940
72.2319
74.7222
60.8215
69.9469
59.3703
72.9955
74.3758
51.2737
58.0091
65.3529
64.8216
68.2872
62.7775
72.8996
65.7393
57.1089
60.3073
63.9451
69.5131
65.5401
69.5983
75.9202
64.3894
65.5883
73.2887
67.6705
73.1757
76.2366
75.0561
77.5725
73.7510
65.0488
73.6726
63.6288
73.8357
67.2673
50.5129
48.4608
51.9063
58.5281
54.9231
58.6435
59.6267
64.2607
54.2495
50.0292
50.1368
45.5325
47.3439
50.4398
48.3392
56.4539
58.6188
58.7488
56.7005
60.9414
53.6999
52.3998
58.6186
55.2006
54.4681
47.5996
48.7466
42.1193
47.7302
47.9007
53.6084
55.6011
52.4533
45.6311
46.9853
48.3586
46.8669
45.5888
42.2318
41.0491
43.7914
42.2295
42.9685
54.4461
60.7576
59.9074
63.7316
59.0503
56.5851
44.1450
49.9039
45.9098
45.4709
42.7267
44.9108
43.8177
44.8467
44.5033
45.1616
45.2090
42.4224
47.7675
46.0403
42.3943
41.0695
44.1639
43.8821
45.0066
46.1377
44.7609
42.7239
44.6128
44.5820
46.1064
43.6291
45.4421
49.1302
48.9997
45.7300
46.1684
48.0029
47.0647
44.9868
46.6480
45.0599
46.8907
45.5724
46.2176
45.9156
45.1588
43.5957
43.0136
42.7450
43.6001
44.0678
43.4988
42.1665
41.0816
41.9527
42.9679
41.1881
44.3295
43.4420
43.1500
43.9619
43.0560
45.2174
46.1438
50.7090
48.4795
48.1595
49.1051
50.4612
47.8544
47.3581
46.2117
45.7235
47.3098
47.4863
46.8854
46.9769
47.7218
46.9591
43.7201
44.4089
45.2982
43.8848
44.4419
44.9907
44.4197
43.1015
39.9076
43.0356
41.4325
44.1826
40.0810
44.5414
40.1094
37.3880
39.8407
43.8303
42.8530
42.3974
41.3520
38.6035
38.9407
40.3156
39.8405
40.9592
40.0298
45.5804
37.2886
36.7590
39.3081
38.5088
38.0021
37.6554
38.6821
40.9539
37.8035
40.1372
43.1928
42.0546
41.5085
41.7702
41.8945
39.3267
42.7921
42.3488
47.4857
48.9116
43.8597
52.2640
58.5350
54.2795
48.1068
51.2044
56.0691
55.0224
52.7971
53.6673
54.6195
59.7637
61.2954
57.9869
57.7531
58.3259
60.4341
57.9206
59.7101
58.1337
53.9141
56.0565
63.2508
61.3426
60.9773
56.7728
60.7801
63.3095
63.5230
65.7927
67.3184
62.7554
64.2654
53.4417
51.0929
48.7247
55.7297
51.3252
56.8965
58.9750
48.9074
50.5714
49.7961
47.8632
47.2523
47.9382
48.2155
51.2509
48.3686
47.7995
46.2944
45.2530
41.3347
43.0849
49.0102
44.9263
47.2161
48.6314
48.5350
56.4349
55.8281
55.3361
53.6424
48.9946
55.7499
48.3124
49.7476
49.7317
49.3322
49.6173
48.2781
50.3340
54.7964
50.7785
51.1755
48.3965
47.5994
54.1503
56.4414
57.6990
59.5162
56.0332
57.0752
62.5822
50.5010
52.5511
54.6425
54.6451
54.8257
57.4289
54.4715
56.8754
54.5305
59.7969
47.0370
49.6545
43.4715
40.4790
44.7455
41.0035
48.0506
50.1299
49.5429
59.6034
54.3812
50.0319
52.5363
50.1075
50.0642
52.1090
52.6988
54.7805
49.7803
59.1765
59.9225
55.8561
55.1189
51.8533
49.3518
51.7002
52.0190
50.7241
54.7287
56.0723
42.7522
47.6793
41.0032
39.4492
40.4896
45.9957
46.5117
45.6766
41.8015
49.4029
56.0109
55.5086
52.1752
50.8806
51.8634
50.7774
43.5176
46.7100
51.0502
46.4601
48.1773
52.9207
51.6160
56.5065
45.1476
47.7473
49.8911
51.7364
50.3374
50.2096
55.3127
58.2923
50.8673
54.6212
48.9747
52.1998
47.7754
48.5191
49.1102
43.7414
44.5212
45.5469
43.3381
45.0886
44.0009
43.9125
45.4656
51.5093
53.3940
45.4707
46.8068
53.4087
48.1963
50.2742
46.8376
44.6564
43.6963
44.5668
51.4987
50.2784
51.1394
48.4895
52.1561
50.5357
49.2605
51.7411
52.6273
56.8358
63.4003
60.2840
59.5499
53.6672
57.8825
55.0518
56.9522
56.3252
56.4132
59.1048
51.9543
55.0224
55.4300
56.0829
53.6083
57.8617
54.3720
51.2324
49.8799
46.7525
46.6359
45.8876
46.6492
48.2040
47.1585
47.4099
51.8726
52.7029
52.1738
45.8880
48.9640
55.3572
60.3514
64.9984
66.0627
60.1703
73.4228
62.6134
69.1698
71.3467
73.6289
67.1010
56.9242
59.7087
52.2360
49.5768
51.4900
49.9737
54.6094
63.7667
57.3639
56.7090
60.5807
55.1007
45.3693
46.1123
56.3475
52.4255
53.1174
57.2858
64.2853
59.4937
56.4867
55.5828
52.5109
56.5281
48.8104
57.1655
56.7359
47.7640
47.0434
47.1081
45.8084
41.9146
42.8904
58.2279
52.6274
60.2414
62.5281
64.0800
60.7612
60.3020
60.4504
60.9106
63.9591
59.9946
61.9316
53.9728
51.0495
52.4436
53.2113
53.7475
43.5575
43.9671
51.5638
47.7161
40.9092
42.0996
52.7913
47.0861
51.6038
47.0571
49.3688
48.3660
49.0213
45.0940
46.8125
43.5934
41.8108
39.7440
42.0438
50.4395
46.4205
52.1856
50.5679
44.3582
40.6213
46.9687
45.0553
43.2323
40.8712
40.8671
42.8971
51.9225
50.9003
47.2744
45.2052
42.4526
45.2703
47.1282
45.9274
45.8466
46.9999
48.5398
44.8113
43.1887
44.5899
45.9600
47.6308
46.1767
44.5806
44.7478
46.0658
50.3945
47.1695
47.3320
50.6622
49.7687
48.6691
50.7302
50.0141
48.0047
48.5062
45.3894
40.6650
38.7625
43.0968
45.1856
44.8037
47.1204
47.5328
47.8269
44.8112
47.1795
44.5057
41.0699
44.1284
43.1389
42.4407
44.9642
44.1836
45.3047
47.2061
43.4239
43.5976
44.8038
43.8088
41.3281
41.1124
40.5216
40.6654
44.5794
45.1809
43.9545
40.9231
39.5195
40.0632
42.6759
40.9095
34.4348
34.7583
38.8740
33.8013
33.1811
36.8062
38.8337
39.0414
37.7634
38.2265
40.2675
38.9210
36.9245
39.1432
36.5223
39.7582
42.8127
42.6658
42.7042
44.5255
40.9036
42.7089
40.4731
42.1483
37.7664
39.9490
39.0279
40.3574
39.9942
38.3177
38.6881
39.8880
42.6905
42.7952
40.3891
38.2718
40.6927
39.6288
39.3195
42.3719
40.0153
38.5475
37.4514
36.8398
37.7431
35.5145
39.1320
33.9995
35.8935
39.1068
40.1358
41.7475
41.2061
40.4713
41.4324
43.1628
43.3407
41.1577
43.5028
43.2605
40.9318
39.7602
43.7748
40.8790
42.4021
44.0029
43.3520
43.0769
40.9151
41.9806
43.4047
44.8427
43.1538
41.5792
39.8065
38.6027
38.0822
39.9919
40.1815
37.7654
44.2601
46.8244
51.9853
45.8572
46.6238
45.5462
46.6886
45.3010
45.4755
43.4756
43.7555
41.8253
46.8461
44.0164
43.1061
42.6906
40.6840
39.9361
41.2264
40.1009
43.8033
44.2642
46.9791
46.8826
44.1128
41.9011
39.9519
41.9110
43.7861
43.8390
42.2714
40.2640
39.7429
39.2112
43.7486
42.6869
42.4030
42.8569
42.4774
43.9640
44.9454
45.4709
44.8676
49.3538
44.4136
43.7912
48.2374
43.6105
43.7729
43.5893
43.5828
46.2052
48.0145
45.6226
44.2742
43.2381
42.8151
45.7320
48.5957
45.5718
46.8949
44.5877
47.0954
44.6329
47.3144
45.5853
45.5178
45.2113
46.2826
44.8365
43.0226
45.3799
45.0717
40.1686
39.2032
46.4093
41.0180
45.9416
43.3494
47.1678
45.5949
48.9842
49.1613
48.8267
42.8242
48.9494
47.1131
47.8063
46.8120
47.7937
46.5833
47.3711
42.1877
42.9786
46.5494
48.0484
48.9572
48.4134
47.3574
46.8225
46.4086
46.0141
47.4629
46.1821
46.1750
44.7613
44.6867
43.7451
47.1527
50.6845
53.6395
45.7685
49.5695
43.3704
43.9703
42.2406
44.6172
43.2068
41.8735
44.1827
44.7892
42.5012
44.7784
41.1800
41.5269
41.0451
41.3065
42.2199
41.2867
36.0957
38.7475
40.7833
39.4050
39.5110
41.1573
40.9727
39.9733
40.4860
39.7522
41.2121
40.1789
39.9136
39.4306
39.8886
38.5920
40.5553
42.2763
45.9763
47.4716
45.6923
42.5209
40.6097
39.9284
41.7381
41.0815
40.2822
40.8531
40.3230
38.9614
39.6572
42.1615
39.7839
41.5914
43.0245
43.2374
42.6214
39.8252
42.6771
40.9688
41.1317
39.6291
40.0965
42.9231
45.1900
44.9051
45.7546
45.7846
44.3333
43.7500
44.3658
43.6252
43.9571
44.7045
46.4122
48.3112
47.4974
51.7057
47.4389
45.7611
43.2730
44.8006
44.9202
43.7820
43.6988
46.0881
47.0976
47.9763
51.1898
57.1943
51.4068
59.5249
63.7814
56.5506
54.1202
57.0060
56.5444
53.4103
51.4087
57.2613
50.8211
52.0244
48.2462
50.1309
46.0586
40.4746
39.7678
49.6580
51.6721
54.9921
48.8205
47.5094
52.1743
46.5713
48.8647
48.9792
45.5395
43.3850
50.8152
53.6990
55.7285
53.2696
50.1803
54.4359
48.5096
45.2285
46.1710
56.2439
57.5034
54.4176
56.7008
59.2900
50.0957
41.1094
39.0171
41.2201
40.1970
39.1942
38.9076
40.2306
37.0914
40.2036
41.3658
41.0856
41.2628
49.8045
45.1514
45.3065
47.5513
45.8764
44.9155
50.6178
50.5080
47.5596
47.8134
45.7684
42.9565
43.6568
45.2053
47.2811
46.3196
49.9300
44.2886
44.2609
44.9783
45.2083
44.0287
45.1386
47.1519
44.7714
45.2778
45.2474
42.6196
42.3037
43.2731
41.8183
42.0419
44.5108
43.6219
42.7198
47.1632
42.0603
42.4800
41.8917
42.4134
42.8405
41.6673
41.8032
41.8001
42.7466
41.4609
40.5079
42.6528
42.4393
39.8670
39.9409
44.1253
43.0154
44.1142
43.4632
43.2562
42.7626
42.5177
43.8472
45.5352
46.4895
43.9622
42.9494
40.7160
43.5974
43.7110
43.5674
42.6039
47.0262
46.1854
48.8377
44.3954
49.9574
49.1691
47.3326
47.7190
47.0848
46.5007
43.9203
44.9794
45.6582
44.2577
44.1285
43.2662
41.4573
42.0280
44.8652
43.1809
41.9636
42.2960
42.6111
43.8361
50.1026
44.5681
49.0918
43.2184
44.2581
43.8002
44.1164
44.3255
41.8562
41.9404
43.9190
43.8913
43.1251
42.1379
43.6764
44.7390
44.7805
43.1502
47.9718
45.4024
47.9512
51.4582
52.8565
49.1966
49.2362
48.3005
46.0822
43.3921
46.4943
47.0273
47.3587
47.1115
47.5910
47.3942
45.4994
43.9671
47.8146
45.6683
43.3096
43.9099
41.9520
42.2635
51.5276
51.5919
50.3438
42.0514
61.2301
58.3293
62.1165
65.2540
64.2347
65.5430
59.2805
58.2440
62.1762
66.4150
58.3312
62.0079
53.0783
56.1466
54.9729
55.5749
57.4978
53.1786
56.3669
64.9989
67.2610
64.3254
74.6874
74.4553
66.6863
66.6175
80.8160
74.6875
75.2898
66.3477
61.4105
62.1096
60.0022
65.1857
60.7753
64.6639
57.0213
57.0433
59.7470
54.7569
58.8774
62.4941
59.4496
59.9790
57.7714
54.1144
51.7957
46.9622
47.7166
50.6639
54.6982
51.1059
52.6324
61.4634
52.6643
55.6013
60.4665
55.0775
56.8977
53.9389
59.3065
60.6089
60.6209
65.0749
62.6291
59.5172
67.6937
61.5012
55.6208
64.5823
64.3684
61.0318
68.0276
62.5094
65.2816
62.6277
62.0672
59.0632
64.1314
56.5370
55.2094
66.2209
71.6842
67.2583
62.8491
64.3012
63.8783
49.6808
51.0476
48.2177
47.5411
46.9341
52.2499
52.2983
50.1377
52.6508
50.5838
55.7308
52.2171
51.3875
47.7906
49.0981
48.4432
48.1398
45.7446
51.1594
48.2491
50.2982
48.8859
51.1971
50.4924
51.7585
50.5822
51.6754
51.7122
48.3750
47.0211
46.2978
49.4642
49.0398
47.3880
46.0426
47.1553
44.5852
48.0283
50.7630
49.7207
47.4430
47.1613
47.5738
47.6055
49.9172
49.3762
46.0483
48.0001
48.2797
49.1086
47.9972
47.7194
52.5443
52.3737
52.6612
49.8669
44.5673
46.1974
44.5413
48.9684
46.6146
51.3603
46.2591
45.4588
45.4462
44.7676
46.0544
47.6446
47.6986
39.9741
39.2355
37.1583
42.9935
40.6836
40.4962
41.4154
40.0626
39.2346
41.2220
41.8807
41.6969
43.0410
43.8577
45.6434
45.7108
46.5366
43.9752
46.7095
45.1976
45.1021
44.7233
44.9465
48.5484
52.3137
56.8043
61.9972
55.2935
51.0069
55.4499
52.2896
47.0454
47.9257
43.9839
44.2173
45.4479
43.6717
46.0907
46.8295
47.4920
45.7765
46.1775
41.4917
43.4059
42.5997
44.4942
44.4267
42.2768
43.7862
41.3004
39.8110
42.0311
42.3364
43.2224
44.9077
44.7224
42.9248
41.0912
41.4809
43.3598
49.9087
47.3781
45.8469
43.9851
44.6964
43.5561
41.7335
41.5182
42.1954
43.4273
45.9167
42.1810
47.2735
47.3312
46.8607
51.1202
53.4528
59.0906
60.6514
61.1094
58.9631
60.0684
56.7557
59.9057
58.3690
59.4546
61.3045
62.1339
61.2702
59.3830
55.4259
55.4902
52.1846
48.8350
43.1031
43.5810
44.6425
43.2940
43.3306
43.6427
39.8191
39.3390
43.2747
41.2465
44.0867
47.6662
40.1269
36.9089
34.0993
36.8024
38.2580
39.6410
37.8452
42.1109
42.7689
40.9257
41.4989
41.2116
40.6422
41.9080
39.2847
38.4654
42.1019
41.7615
40.9985
42.0767
45.6701
44.5988
41.9878
44.4988
45.4242
47.4044
46.1596
42.2281
43.7853
44.9859
46.7226
46.6241
47.0342
43.7324
47.2981
50.3734
58.3935
48.1392
50.5241
56.9428
61.1033
61.4680
61.0026
58.1143
54.4749
56.4391
57.2374
58.6713
56.9017
58.9268
56.2887
53.8853
62.6847
59.3375
62.0561
56.3256
59.8448
55.3423
55.7836
53.5889
52.9424
51.9777
49.8572
48.0887
54.5841
42.7633
47.3630
45.9632
49.6306
40.3186
52.1628
52.6390
58.7194
61.2480
57.7379
62.5398
62.5684
61.3322
60.9455
69.9165
70.3377
70.4453
77.3624
71.7669
63.6471
63.5146
62.8150
65.3321
59.6592
58.7417
59.7884
63.7054
57.0773
59.5647
64.3445
62.6229
69.3454
67.7055
62.0607
62.9038
60.2393
64.1116
60.5401
58.9445
60.8949
53.4522
60.6665
54.3587
62.9912
55.2899
57.6899
60.2244
64.7761
68.7280
71.3437
62.0630
61.0036
76.1833
71.3699
72.3392
81.4634
64.2540
79.3515
63.9398
64.1275
63.0096
60.0536
70.1003
65.0939
65.7581
70.8758
62.8740
61.6022
65.2105
57.9299
60.7040
59.8995
60.3104
68.5897
63.9771
59.4530
60.9200
66.3418
63.4352
63.6250
61.3073
59.0480
57.7581
63.0170
51.0036
57.9693
62.4040
67.0834
67.6636
64.1879
73.9372
63.9265
58.9491
58.3624
54.9972
51.8884
48.7360
43.7628
39.6435
54.1847
64.3291
57.6082
59.8918
57.0855
58.1097
61.3996
57.9830
57.6046
51.0862
54.5718
51.4102
54.8785
56.3914
55.1809
63.4384
63.0445
63.1362
58.3051
51.4921
62.3465
63.3622
71.0375
61.7606
66.6180
68.1315
66.5579
56.0741
43.4439
47.7995
49.7762
63.4902
58.1691
57.1125
60.1170
53.3995
62.4425
62.1400
50.3358
48.8313
53.5074
50.5318
55.7536
51.0055
50.5754
41.8002
45.6324
47.8814
46.7655
48.9321
47.2932
51.9970
57.9931
58.3879
50.3926
54.3683
59.7703
49.1733
53.6690
47.7252
51.4923
56.0862
60.3429
59.6756
58.8356
56.9891
46.3244
49.8703
55.8196
59.5535
61.4719
60.8754
55.7643
58.4574
54.3268
51.5093
59.8933
68.2086
68.6721
73.5032
67.3547
68.2727
61.9304
53.1466
61.2560
58.4569
50.9837
60.0428
49.2377
54.3256
59.5936
58.3482
57.9470
58.3919
59.4486
60.7560
57.1641
60.5503
60.1579
67.0043
64.3700
63.1732
64.6784
72.2744
65.7832
67.5366
63.5916
61.0643
59.9613
60.6600
54.9598
66.6146
62.8745
51.9496
63.0324
56.1763
57.5668
54.0339
58.6361
49.8813
49.4111
50.0660
60.2179
55.6938
52.1111
50.0925
49.7811
53.9384
51.2108
56.8992
57.5514
54.3031
55.7990
56.4535
56.6069
53.1612
57.3376
55.6775
59.8873
59.4152
62.1934
61.5545
55.2630
58.3122
51.9000
59.3616
56.6197
58.0161
58.3039
56.9983
55.6199
49.6510
48.7251
61.5992
61.7088
64.7012
59.7707
56.0360
55.8508
54.6939
55.8749
52.7747
58.2741
56.7627
60.7937
54.8444
57.8379
56.9740
53.4074
48.0368
46.7943
47.4257
54.0981
46.5781
50.4083
48.1132
60.3985
64.0805
55.5378
55.4266
54.5396
60.5766
56.0692
56.3148
49.6093
54.9097
46.6557
56.5620
57.3611
53.1868
49.3455
53.0806
57.3338
52.0614
52.0421
59.3769
54.7208
58.2125
57.8856
51.9778
51.8016
53.7134
48.7247
49.8872
47.7665
48.5954
49.5965
53.4808
44.8870
49.9397
47.6220
46.6153
44.9427
45.4403
46.8948
46.6342
43.9761
45.9861
43.8013
42.9162
45.8622
45.8140
43.7770
42.7506
39.4384
39.2945
38.3226
40.4536
42.4574
44.2422
43.8107
42.4917
43.1857
43.3453
40.2511
39.1576
42.0381
41.2289
42.6197
41.7012
41.7673
42.9997
41.9828
41.9275
38.5297
40.9608
44.0639
45.3020
45.9046
46.0868
44.4490
42.6199
42.9302
43.7402
40.9292
41.0986
43.3972
42.4760
42.6276
43.4273
44.5644
44.7447
44.9824
46.5904
40.4567
40.8928
40.5019
39.7923
44.1667
45.1398
46.2580
51.3762
47.0591
50.2404
48.3513
48.1280
45.0702
49.5173
49.5882
47.9731
50.4227
47.7849
50.4408
45.2653
46.5260
46.8138
50.2187
41.6917
43.1185
45.1817
44.7653
37.6748
42.8888
43.1267
44.2180
40.4465
42.7874
37.2285
39.9205
42.4816
45.2243
47.3564
42.2613
43.7879
43.8024
42.8471
44.2681
42.2228
44.8683
43.7123
43.9632
41.0088
40.1268
43.3132
40.1637
39.0747
40.2079
42.8732
40.6057
44.0831
43.7640
42.7047
43.3323
43.8110
44.7706
43.0813
43.4846
44.1127
38.9034
43.3910
44.0250
45.8622
45.6026
43.3586
44.8657
46.8799
46.7070
45.9127
44.5830
45.4633
43.6138
44.2264
45.0852
45.2867
46.0023
46.5069
43.4742
46.5868
45.1496
45.3503
45.9812
42.9570
46.0268
44.4691
43.9390
47.7310
45.8985
44.2525
44.5084
46.9016
46.7871
46.0389
44.1831
44.9481
47.7521
45.0502
46.1891
45.3672
44.5223
44.6135
46.2095
47.7959
47.9584
43.7038
47.0739
45.0949
46.2397
45.0165
43.4520
44.5883
44.9911
44.1642
43.3102
41.1037
41.2679
44.1199
40.0296
37.8818
37.5882
38.5713
40.8808
39.7621
39.6912
40.7538
42.2749
39.3143
40.2314
41.7892
41.3408
40.4246
38.7436
39.0675
39.5974
39.6979
38.0088
38.9623
42.1062
40.5001
40.5348
42.0307
41.4238
40.5665
41.4795
41.7544
42.5512
46.2271
48.2734
48.7430
47.7598
46.6894
43.4086
41.9290
43.9811
44.3756
45.2580
45.2985
45.8249
46.4085
44.6960
43.1261
46.9377
44.6886
43.1556
43.8711
45.8611
45.9418
44.4688
43.3046
44.2785
42.2324
46.7595
47.2516
47.2515
44.4491
47.6769
46.7220
48.3845
44.7448
44.6853
41.5993
40.0889
44.8559
46.1303
46.1432
47.0036
50.2149
51.2258
48.5075
50.6413
44.6268
45.8524
43.7997
50.8022
45.8802
45.2149
45.3113
46.9205
45.1498
43.9924
41.4697
44.6638
44.3694
45.0806
46.6593
44.3472
46.7735
46.0892
45.4677
48.3324
46.3693
48.2129
47.9652
49.2716
52.3878
49.6005
46.8697
44.4849
41.4261
40.3768
45.0846
48.2566
37.1648
37.1203
43.4834
42.4114
45.3049
45.9396
47.9470
44.8885
50.4063
49.9175
48.2288
46.5208
45.7592
50.5250
54.3221
52.6740
47.3647
45.9861
37.8391
42.4244
52.8082
48.9790
49.2646
50.2258
51.7247
51.8160
48.3485
41.8161
39.9842
43.1404
40.1607
40.9357
38.3829
37.1920
37.3729
39.5750
38.9057
42.3709
45.5485
42.7691
46.6483
43.1536
42.6002
46.3768
40.9714
36.8128
40.9914
39.2678
48.0955
47.5720
43.2893
47.4184
42.9014
43.0485
42.8293
48.9323
45.3063
49.6770
46.6733
49.4183
44.9388
44.9892
52.5236
49.6799
47.4486
46.5568
61.0383
56.7918
49.1841
51.1419
42.9857
52.5254
47.4898
42.3602
48.6729
49.2599
47.8943
52.6239
51.2091
59.5828
60.3201
60.9826
60.5506
65.7766
60.5512
53.6195
60.3860
59.2606
60.1324
61.8037
60.2282
60.9890
60.8851
62.2894
59.4607
61.2747
63.0637
57.0147
57.6495
55.0017
58.7635
58.4233
57.4919
63.4831
63.9869
60.0031
65.5662
64.3146
57.9249
55.4943
49.2333
44.6401
53.1369
50.7305
45.0334
47.1947
56.2771
56.0520
54.3080
53.6668
52.7509
59.8878
53.9843
53.3482
53.3008
53.7523
54.7747
58.7747
55.8399
48.3634
59.7334
67.4329
66.0791
59.7566
62.1667
58.7880
58.9570
61.0856
58.9397
55.4842
58.6330
61.2625
65.4079
62.4466
64.0900
72.6555
65.3027
60.6896
67.0024
61.0545
56.1867
53.0900
61.5229
56.4332
62.1360
65.7867
61.4021
59.0155
58.4162
49.9636
56.8130
58.7771
57.1294
62.6257
62.5358
55.5347
60.3757
56.7580
59.7354
56.9872
50.8113
51.8254
55.5117
65.6092
68.5747
64.4255
65.4624
60.7622
55.7486
51.6045
51.7072
56.7819
54.4820
55.2474
57.4014
52.5074
49.2702
53.8213
51.1445
51.4563
49.6189
50.4400
50.4213
49.2166
49.4099
53.4075
47.9857
47.6060
47.8223
45.8542
47.6586
45.7777
44.6412
45.6008
45.4457
48.9626
49.8207
57.4662
50.6720
50.1142
44.3008
46.5657
46.8388
49.2456
48.0814
52.1702
48.3218
50.1823
46.6529
53.0956
54.5465
53.8461
63.2920
68.0355
65.2330
63.7114
74.8106
73.3741
62.5687
68.7682
67.4173
69.8728
72.9610
67.5364
68.1825
64.6861
56.2083
69.0854
65.6163
68.2068
68.7549
69.3322
66.8804
63.9329
67.1518
64.2616
63.9593
60.8858
61.8418
57.0295
63.1111
65.1126
66.6466
63.8049
63.8636
64.2277
73.5960
63.2586
70.0795
62.1514
60.0164
61.1026
63.9254
55.6400
55.5660
57.5417
56.4097
58.5065
62.7152
61.0383
54.0406
59.7703
62.2754
65.4883
61.2463
55.5199
53.7323
63.6024
63.1636
57.7642
54.0393
56.9122
51.9455
51.5836
56.2226
53.7656
55.3710
53.2503
56.5319
59.9687
56.0463
58.8407
56.0487
58.4469
67.2692
59.1878
65.2828
64.1998
61.1871
60.0482
64.1596
63.8403
58.4768
58.6215
58.8826
66.2047
63.0614
60.6172
70.6231
70.4251
52.5449
47.3873
46.3960
55.7342
46.2118
60.6081
52.7859
61.5043
60.1359
52.7429
62.0986
62.3365
58.7522
54.6850
56.5719
56.1999
63.3880
68.2108
52.6731
58.9075
58.2036
60.5849
60.0227
57.6806
57.7086
57.9074
59.4772
55.9937
51.9440
57.1949
52.0654
58.0067
62.7687
71.5929
58.7001
58.8786
61.3808
66.0954
61.7651
66.7779
59.8219
73.5371
80.1478
56.1350
56.6035
68.7603
79.3633
67.8843
74.3289
76.7166
72.2220
56.9718
65.4195
76.1787
65.9149
71.5606
64.9934
71.2737
63.0829
67.0728
64.8017
54.0938
58.6867
59.5877
72.3516
71.3991
65.8691
67.6707
70.7777
67.6172
66.7437
59.0521
58.5502
53.2939
58.8055
56.7993
66.6474
62.1921
62.2663
69.2992
71.6866
64.6123
65.4284
75.0919
57.1432
51.5095
65.7997
49.9173
51.5910
49.8349
48.5623
49.7196
50.2633
51.5378
56.7235
54.1060
54.2623
52.1962
58.7932
59.6240
57.7659
56.3184
56.7707
57.3348
54.6440
57.5640
53.0682
50.5473
49.7845
48.4666
51.0095
44.8435
46.5447
47.9333
48.9352
52.1240
56.7793
50.4127
50.1964
44.2842
45.6445
47.0420
41.9924
43.3557
44.6891
41.0066
38.0307
45.3773
46.7729
46.2035
46.2931
42.4453
50.8830
54.5473
49.1761
49.7544
45.6559
45.1915
42.5249
48.1490
49.7408
49.1931
45.0859
43.6690
43.2846
40.9009
40.0977
45.3048
43.8128
41.7664
43.4647
42.1005
45.5581
40.4980
42.6313
44.5444
43.2598
45.3862
45.0787
44.2421
44.8187
43.3218
42.0078
39.0531
36.3594
40.4254
38.5648
46.0218
47.1529
48.2738
48.5796
47.3588
42.0962
43.9017
41.7887
46.0683
38.1899
37.8187
36.7881
38.6791
39.7080
45.5103
47.8555
45.0015
42.5913
38.4116
37.0586
39.8497
40.7976
42.7425
39.9864
42.3920
37.6523
42.0977
37.7467
38.3162
39.9386
44.0917
40.8302
39.2443
40.7020
43.7005
42.6202
45.4963
42.3831
44.1949
47.9210
45.4266
43.6505
42.7505
43.3064
43.3022
42.3315
41.4661
45.3340
42.5520
44.5300
46.4599
50.9940
45.7682
45.5315
43.2118
44.5896
41.1341
42.7661
44.2850
42.6512
46.1361
45.0935
45.7010
45.8694
46.9981
46.5219
44.3016
45.8667
43.1110
44.8800
43.9542
45.5505
43.3585
42.7333
41.8121
42.7012
45.4773
43.2021
40.8929
43.1464
41.0743
38.8763
38.2691
37.7853
38.6236
42.4256
40.9898
41.9444
41.0666
41.4542
43.2184
43.8767
43.1260
41.6956
42.4176
42.4847
39.0224
39.7517
41.3452
41.5334
39.0770
40.1260
40.5673
42.1220
44.0556
42.8798
44.5727
44.0770
42.5677
43.6594
43.8978
44.9652
43.4976
41.3561
41.3222
42.8068
43.4324
42.5259
42.8647
43.9164
43.1670
41.9075
41.4872
42.4617
41.8200
41.8484
40.2379
42.4298
39.6557
39.5745
41.1755
41.5256
43.0177
41.8743
42.4555
43.2544
43.6366
43.0693
41.7706
44.5774
42.2322
43.8376
43.2288
42.9061
44.1227
42.1640
41.4690
39.6522
42.2869
48.3480
45.6220
42.7848
44.3565
43.4660
43.9491
42.4428
46.2392
47.9900
47.8156
44.9679
42.3527
44.7554
44.7104
40.1222
45.7039
47.5699
45.9335
47.7703
49.1314
48.2860
47.1773
48.2425
45.9864
47.2286
47.6850
46.1163
44.5945
44.2374
45.1774
44.2136
45.5415
44.3522
43.6004
42.0341
41.6966
42.9422
45.3786
49.4384
48.5896
45.7493
44.7827
48.3857
42.3171
41.7494
48.0550
47.4348
48.3646
55.4621
58.9291
60.4563
65.6189
67.6160
62.4375
62.4737
58.9862
62.6539
63.4223
56.3196
61.1310
59.6054
60.6028
55.9890
56.4846
59.3027
60.5039
61.7502
61.5122
60.2261
61.9734
68.0015
67.9668
59.2555
57.5136
52.6995
57.2793
59.4027
54.7924
59.9443
56.9073
55.6575
51.8971
54.0040
60.2898
56.6718
59.3112
59.4673
59.7280
64.1163
55.2233
59.9958
51.0167
53.8994
52.9958
51.1662
51.3823
52.5870
52.3473
50.8829
46.5298
46.8354
48.4801
53.3712
56.4174
59.9628
58.7602
55.4559
53.6666
50.6986
46.8504
49.3181
54.2878
57.9567
56.1001
58.4872
53.9693
57.5020
57.6806
57.7921
54.4908
56.5791
57.5996
54.1074
48.5241
56.6050
49.5393
52.0204
52.7501
54.2585
54.6603
56.7058
59.1779
55.5876
59.8067
55.6709
60.4133
54.2196
50.8632
50.0087
46.7484
50.1814
50.2548
50.3285
51.4031
51.6062
50.7257
50.4809
52.5756
56.5786
49.2893
50.3129
54.2218
58.6090
53.7595
56.7632
56.3533
56.4069
64.5255
61.1923
57.8242
45.6176
47.3463
45.6187
47.5089
44.8706
43.2843
48.6102
46.9259
46.1209
47.1039
42.6951
40.8091
43.3839
41.6005
41.7112
37.1740
38.6763
37.8035
40.0075
41.3698
39.9180
41.3164
45.1369
54.9213
61.9254
48.4060
51.2760
48.0059
42.1766
42.5327
46.3571
47.5851
49.4132
49.1130
50.5730
51.1772
51.0864
51.3498
53.1333
54.5689
44.8678
49.0325
45.0285
46.2254
44.2321
44.1174
46.7652
48.3332
49.9942
50.9723
47.9937
49.0771
46.9457
47.3063
41.9446
44.7175
45.9206
41.7728
42.9871
42.2182
42.0306
41.0175
38.8106
42.2079
45.5258
45.0366
42.5161
38.0589
44.1293
47.3695
47.4178
48.6351
43.7627
48.6911
49.1720
48.1968
47.4522
51.1418
45.6433
49.9371
49.9085
49.4107
48.7791
47.4876
46.6985
48.2929
46.3479
47.8333
47.5632
48.2217
48.5445
47.1393
47.1467
49.3081
49.1692
49.9108
46.9930
45.2474
45.1989
45.2905
45.4152
46.1150
45.2513
44.1080
43.7787
45.0100
43.0272
43.9042
43.7773
43.6872
43.6577
41.5948
41.3326
44.0101
45.7321
43.0065
44.5354
41.9542
43.8888
43.2655
45.0858
48.7624
44.5292
47.5562
45.0988
44.1342
45.5537
45.0019
35.2249
38.2735
41.1179
40.0713
40.0769
40.0085
39.0365
41.9260
41.9365
40.9993
41.8405
41.0972
42.1005
42.6154
44.2305
41.0488
47.3573
46.1507
43.1244
41.4539
41.6439
43.5034
40.9042
42.3554
40.8942
45.1012
44.2732
46.3585
42.3832
46.2014
43.7959
43.3810
40.5686
39.9171
37.2488
43.4457
40.5238
43.3520
41.4963
43.0654
44.0631
44.1336
44.9995
42.5733
44.2801
45.1648
41.9053
45.2675
43.4782
40.9008
41.9278
41.3238
40.1813
43.6609
41.9843
41.3169
40.8133
41.8693
42.1107
40.8954
41.9413
41.2837
43.2610
42.3398
43.8850
41.9089
44.7314
41.9647
45.2086
45.2534
45.5345
44.3162
45.0447
43.3077
50.2616
46.4109
47.3653
50.7823
56.4084
60.7997
56.3618
57.2036
63.7689
53.2187
46.0407
43.7752
45.7026
49.4785
47.4686
45.6589
47.3741
50.5389
45.6675
46.9018
47.4463
45.9473
48.0897
45.7985
56.8932
60.0825
58.4235
59.8428
65.9154
54.4661
57.0432
59.9079
64.7924
60.5929
65.3781
60.0435
56.4012
51.1320
53.1770
56.0702
56.2034
52.4946
47.7414
58.7089
56.7400
60.7770
57.8136
55.2903
54.8170
47.9955
48.9773
61.2518
56.9715
55.2890
59.2554
53.3605
61.8868
68.9126
76.7058
61.1019
60.2631
63.8925
59.5636
67.4503
61.9391
61.6564
63.8631
62.5405
64.0722
60.3828
59.3256
53.3438
52.2570
57.7012
62.6475
56.3427
57.3515
61.1923
59.2250
50.5163
50.2071
50.1169
46.1542
47.3832
48.5904
46.1096
48.9275
50.5433
52.6469
50.8200
55.4183
59.9267
42.9226
48.1023
53.3547
49.8434
58.6578
56.8236
51.4619
48.1430
53.1397
51.5088
47.9422
47.9099
60.3648
58.0972
65.8951
61.0293
62.2151
70.4920
57.1331
60.9468
59.8233
55.5723
53.7344
62.0032
55.6342
54.5957
54.0219
53.2343
48.8640
52.0941
57.9363
54.9136
55.1805
49.0359
47.6432
51.0670
52.4685
47.7067
46.3014
42.8349
46.2978
49.9249
44.5672
50.1870
51.1375
51.7186
49.2083
50.1091
50.8085
53.6105
48.6847
50.6423
45.4575
52.7570
42.0239
48.2614
47.8084
47.4532
41.6381
46.3160
43.4622
42.4174
40.5199
44.8016
47.6013
43.9487
42.6546
45.9558
46.4898
46.1697
46.6876
50.4797
48.6724
47.4162
51.3620
50.8204
51.4449
51.4896
48.7473
48.6843
54.9334
51.3102
46.0206
48.8838
43.7990
45.5255
43.4041
43.5469
43.4231
47.3907
44.2929
44.0667
48.7002
51.3727
47.7800
48.4677
48.9122
50.5787
56.1304
54.8700
62.0811
54.8568
60.3369
55.3682
52.5281
57.9345
54.2472
63.2831
59.6117
49.4341
49.8739
40.8972
43.2875
44.3843
41.7477
46.3275
48.2898
55.3687
53.8721
50.4622
55.4674
44.8364
57.1783
54.9814
52.2337
50.3680
52.0119
52.4014
53.9400
55.0105
54.3794
56.4419
49.7401
55.3494
54.6131
53.4113
46.9833
50.5236
52.4530
44.5154
51.6771
58.1341
59.8864
55.0183
53.5220
53.9891
51.9987
61.6215
55.1156
58.2298
59.7754
58.4801
61.5255
52.5705
48.0723
56.9537
53.2311
50.2618
59.0484
45.8968
53.9854
52.2087
49.7911
63.8240
63.7005
66.0099
60.8532
55.6638
44.8149
46.7036
41.2560
43.6487
49.4607
52.8378
54.5435
46.6807
49.6745
47.5245
41.1475
42.2877
39.0766
43.5493
40.9071
46.6999
39.8866
41.6588
40.8959
42.3874
40.8394
39.7948
51.0446
47.6050
49.2048
51.6184
44.1728
47.1779
40.6454
46.1073
47.7218
41.3852
45.2013
36.7310
38.2530
41.3155
45.3462
44.6427
42.4477
46.0803
44.1938
43.1131
43.3949
47.4316
41.2769
44.2705
37.1527
43.6625
48.8952
43.9794
47.4942
44.4983
42.3431
44.5907
45.4479
43.6564
42.6800
42.6568
42.6348
43.1486
43.3918
43.4695
46.4515
45.3072
41.1411
39.2433
50.9042
44.0420
44.5022
52.4087
50.5688
49.1021
49.9992
51.5867
56.4950
60.0313
60.9067
60.4882
60.4997
55.8197
58.5608
59.5286
63.7488
61.6939
59.6992
59.6056
59.7682
56.4418
53.8000
57.3599
57.9471
56.5396
54.8853
50.2992
57.3736
56.5156
58.0102
57.5703
49.4305
52.2741
50.9857
47.3237
57.3779
56.9490
52.5643
51.3696
48.7996
44.5755
48.2072
47.6253
43.3928
40.0760
42.4433
45.3285
43.3283
43.9142
42.0011
40.4963
47.0385
44.5683
43.2134
43.8088
44.4922
45.7119
43.2839
48.3108
45.6578
44.6902
40.2892
42.6783
42.3116
43.1273
45.9027
48.0691
48.4727
48.5531
46.9322
44.8219
47.5684
48.1405
48.1996
48.4994
50.9743
55.1819
57.2242
53.5902
55.4587
53.4369
52.3949
50.9177
51.9131
48.0843
51.8986
49.4275
51.1259
50.6928
50.8881
50.2504
53.1514
49.0645
50.0020
41.3152
42.6523
40.7568
44.4458
44.5641
41.8416
39.8809
43.3752
43.6776
50.6865
51.4619
57.3117
51.5720
55.7650
52.8063
50.7493
48.7082
50.8631
45.4951
45.7529
46.7745
46.6738
42.6802
43.7422
44.3346
43.0669
45.5432
47.1169
45.9618
50.3227
50.2940
49.6220
50.7569
47.9585
48.7981
51.4930
45.2555
49.6713
47.8879
46.5944
47.8868
48.4370
51.1127
49.8121
50.5047
50.9573
52.4123
52.8277
52.0551
51.0335
50.7379
50.6903
47.9932
46.8015
49.2245
49.2128
51.1334
47.9492
47.3884
44.8641
48.8340
50.3483
51.5843
50.1377
53.1889
50.5924
48.5573
47.9406
45.7438
44.8192
46.0185
47.0618
47.7998
48.3123
51.7105
53.7018
51.7995
53.2468
44.9531
46.2887
45.5377
45.3656
48.6197
49.1849
48.2105
42.5013
46.1043
46.2452
44.6561
44.0534
46.3601
47.1178
52.2764
49.5340
45.0783
50.9917
45.8122
44.3767
43.3919
45.0347
40.7876
41.3878
39.1993
41.5805
40.9169
42.3546
41.3574
44.4910
43.1825
40.9131
41.3094
39.6818
40.1012
39.3558
40.0657
40.2653
39.2421
43.1395
45.5666
41.3527
49.2367
47.7662
46.4661
46.3139
46.1573
46.3843
40.9002
45.3389
43.7544
43.5150
42.4465
45.0021
45.6207
48.1762
50.7788
49.2381
49.8446
50.0713
49.8053
52.8146
49.1492
45.8539
41.3122
49.4008
48.1625
47.8408
48.3716
48.0514
50.8725
49.1355
47.8179
49.7820
49.2293
50.9194
50.4560
50.2233
49.6307
49.7138
51.0283
50.6983
50.3795
50.4682
49.0106
49.1591
48.8909
49.8878
49.4055
48.5612
48.3180
49.9476
49.4528
49.5113
47.3246
48.9984
48.2248
47.1966
47.7165
46.5934
46.7661
47.9050
47.8462
49.0266
47.7911
49.4374
47.7114
45.3185
45.5817
46.8556
44.8037
44.2346
44.9493
47.0044
47.4842
44.3622
46.0686
47.5518
46.9545
50.1763
49.5314
52.4149
49.8606
50.1710
50.7035
50.1407
49.7791
45.5141
44.3999
46.9174
46.6184
44.7298
45.8158
47.4581
48.0993
46.3607
46.3817
49.1392
43.3513
42.7191
44.4108
44.7062
46.4606
45.1723
45.8387
48.4769
44.9541
44.9365
48.0875
46.0100
46.2615
41.2205
45.4478
46.0303
51.8995
44.4834
48.0655
45.5277
45.3881
44.8788
45.7603
45.6706
48.6855
46.2290
48.0278
48.5711
46.2133
40.0893
41.8014
41.2014
42.0305
43.0235
42.7600
37.3178
38.1565
38.2385
39.5841
36.0376
38.3624
37.7864
37.6259
37.4533
37.1680
36.6262
35.2269
37.8532
40.4589
39.1228
42.2268
39.7651
38.9692
42.1647
38.2422
38.4075
37.1247
37.6235
39.0295
37.8977
39.0840
43.9349
40.9924
39.1377
43.8725
44.8706
42.7322
44.7262
43.3334
45.1048
50.7544
51.7401
51.4247
49.3690
47.2329
47.4640
49.8523
43.1468
43.3418
43.9450
46.0516
43.4186
47.2875
53.8885
49.7037
48.4687
54.7648
50.4793
48.1972
50.1863
49.1839
47.5686
49.0899
43.5467
45.7833
45.8627
45.8442
48.0807
45.4392
48.8384
51.0422
50.3568
48.0836
48.7852
49.6063
48.3539
46.1522
48.3533
45.4720
44.8978
45.9066
45.0800
44.9313
46.2797
46.0109
47.0800
47.1194
46.5015
48.2424
42.0323
43.6976
46.4012
45.3646
44.1517
43.2463
43.6375
42.8007
44.0405
43.1888
43.5055
43.2163
43.5642
47.0644
47.5012
48.8979
53.0511
47.5468
49.9365
50.6586
50.0554
52.9403
51.4044
53.1256
52.0349
53.9996
53.3728
51.3734
54.2637
54.4185
49.8986
46.7067
48.0607
46.7433
50.3739
51.0163
52.0038
49.7974
48.3847
47.4300
52.2520
52.7390
47.5846
49.2634
51.2827
51.6104
47.6663
48.8151
49.9223
47.5900
48.4591
47.9417
49.2465
49.3432
49.3771
51.8243
48.3993
49.0799
47.5363
48.8072
48.0865
48.9911
50.1238
49.1600
50.6894
48.7764
50.2835
47.1054
44.9002
46.3239
45.3840
46.6129
47.1693
46.1121
47.0875
45.6022
46.7517
51.8920
51.7202
52.5905
52.4157
53.4018
53.5145
45.9443
48.1877
43.4221
42.6529
48.3738
50.0555
50.2936
62.1302
51.9174
56.4883
66.9563
65.6112
65.9784
63.2216
59.5629
59.9886
60.9827
59.6926
63.5679
55.3023
58.4071
59.1003
60.9773
61.5378
65.6656
57.8744
65.2635
59.0565
66.8630
70.3574
56.7097
56.7700
58.6762
53.9534
57.4789
56.0568
53.1629
53.8080
53.6989
54.2423
55.0162
53.5545
53.5649
54.8704
60.2238
54.0781
53.4562
48.7502
53.1840
52.4389
60.3412
49.9490
58.1011
53.4572
58.1236
67.8165
61.5393
61.3887
65.2264
68.0999
61.6276
69.8611
70.4065
61.1806
57.5330
60.9148
60.6123
53.9289
61.4251
64.3651
62.0521
64.7369
67.5674
67.4095
74.4843
70.6690
68.4724
58.9076
64.9639
60.7271
58.8507
55.1175
58.3683
58.2338
57.6474
60.3967
59.5311
58.9402
58.6410
59.4288
64.8106
64.7754
57.2611
64.1549
45.7514
44.6162
47.2170
48.6100
48.1584
47.4360
48.5245
48.9328
50.2937
46.3760
52.7649
55.1749
55.6369
58.6083
60.3638
61.4939
56.5889
51.8900
69.7254
68.2062
67.1816
66.8547
60.9861
67.1753
64.1092
63.8210
61.4580
62.9109
62.9789
64.5693
64.9888
62.3268
59.9219
68.4944
68.1379
62.5028
63.8400
60.6438
60.4601
58.9504
51.7192
58.0490
58.5982
57.9452
59.6608
60.4444
58.3888
59.3727
61.5106
59.5971
58.1723
55.9554
56.2944
60.3110
62.6665
58.6921
60.0868
63.3050
64.8221
56.4610
56.2581
64.5380
51.6942
46.9797
49.3102
46.9798
49.7580
50.9924
43.5519
44.6045
49.8261
53.2809
52.8454
58.0002
53.4631
56.0610
56.9115
53.0226
51.9981
55.2563
54.5671
58.6783
64.1306
59.9923
56.0008
53.7435
51.0083
55.7510
55.6103
54.9513
54.5854
52.5800
53.5841
57.4808
58.3130
50.1714
52.1609
48.9181
50.4152
46.0646
50.8714
52.1139
50.6333
41.1313
41.0315
40.6063
41.1411
37.5745
45.0634
44.1916
41.6666
44.9253
44.2700
41.6356
42.9938
40.9833
46.8977
46.5316
44.9027
45.7636
43.6119
43.0759
46.2456
47.8205
45.0513
47.2659
45.0574
45.7169
47.8293
43.4654
42.0812
43.3432
45.1824
42.2781
43.6601
44.0042
44.4510
41.5034
41.4229
42.5012
42.4836
45.4972
44.3082
46.7194
46.0460
47.6381
45.4573
48.5928
49.6085
50.1324
49.4916
50.3879
46.3466
47.1599
45.1305
45.9889
46.4907
48.2099
46.6545
45.5731
48.6742
47.5688
45.4012
45.6781
42.6499
40.6359
43.9909
46.4041
44.8682
48.0607
45.7227
48.9455
49.4939
49.8852
47.5803
47.1394
48.8934
47.9073
49.1333
49.4774
50.3203
50.5406
48.4360
47.6676
45.5623
46.2143
44.1463
45.3273
46.3049
48.0545
44.5372
42.4679
46.6216
45.3651
46.6502
46.0701
44.2123
44.9017
43.3850
46.2785
43.5934
43.2687
42.9743
44.2136
44.4025
43.2008
46.1861
43.5385
44.4378
45.7105
46.9077
47.4278
47.6721
46.4145
46.7374
48.1059
49.3010
49.1083
49.3805
50.0118
50.4225
49.4085
49.7719
49.3879
51.7237
50.6394
51.4668
51.1109
53.8473
52.3767
51.9175
52.2783
51.7247
54.5790
53.1806
54.4625
53.3630
53.8470
54.2501
53.8330
54.9804
53.4253
50.1475
47.6706
48.5199
50.8437
49.6653
48.3794
46.8220
51.5108
52.2313
48.7934
50.7466
52.0966
52.4958
44.7434
44.9827
45.7768
43.5827
41.9713
44.1891
43.9953
41.9673
44.1348
41.7732
47.7186
44.9113
41.8391
44.3346
46.3513
46.2386
42.5321
47.3622
47.3334
46.4505
47.6645
47.6843
47.4338
48.0878
46.8209
44.8104
47.6793
47.6244
45.9900
45.3463
45.8386
46.9055
47.4263
48.7889
46.5358
46.2052
45.3071
43.6200
44.2876
46.4273
45.7374
48.1599
47.6453
44.5747
44.9300
45.6753
43.4715
45.0142
40.3786
40.4905
41.1416
41.5180
41.5043
42.6082
43.1306
41.4862
44.3869
42.8774
43.2759
44.7760
46.3063
45.5096
46.0098
42.8845
46.7614
41.7302
40.8929
42.2366
42.3120
40.9908
47.9047
49.0783
47.6448
44.9686
45.6662
43.3007
43.8223
44.3703
42.6783
45.3150
44.8993
47.1298
48.2087
45.1788
48.2921
47.4972
48.7119
47.6746
49.3151
46.2133
51.6188
51.6387
52.7449
50.4611
50.9860
51.7944
50.2722
51.9982
50.6197
50.8196
50.9685
51.6916
49.7555
49.9313
48.7143
46.9980
41.6971
42.5350
43.1660
39.8165
40.5408
41.1583
41.7911
45.1165
45.4225
44.7547
43.6335
43.2185
44.4355
46.7798
40.4715
41.4667
46.9053
47.5333
47.8265
46.8597
47.5859
43.1158
44.7548
45.7208
46.5562
46.8711
45.5039
48.8850
48.0477
48.3103
46.9605
47.2516
46.7375
48.1790
48.0710
47.1986
46.7561
45.4181
45.0112
44.5770
42.0584
45.4650
44.9879
44.5875
45.0528
45.9991
45.1971
43.2429
44.7523
43.4402
45.6517
42.6883
43.9826
43.1918
43.1333
43.3903
41.3556
44.7636
42.2086
42.1525
45.1862
42.1842
43.4731
44.8845
43.9652
48.4720
46.8125
52.3978
46.4127
38.3057
39.4319
40.6734
42.8614
44.1533
42.1326
40.9241
41.9510
41.1610
42.8329
43.7939
42.2896
42.8503
44.6044
41.7863
43.8078
42.7038
40.5954
40.0287
41.9241
40.7376
42.2218
40.5639
42.4442
38.9282
42.3585
43.7147
41.4344
43.4810
43.0837
44.6069
44.1207
44.0879
42.0841
41.1053
43.5205
44.6284
40.3547
41.5868
41.2095
41.1255
41.3288
39.2596
41.9600
44.3268
43.1347
44.7134
40.7126
40.3463
41.8466
43.6339
44.1384
44.4510
43.1906
44.7017
47.7937
49.0443
44.3608
47.3059
44.7701
43.9834
46.2649
46.0445
56.5132
55.5649
54.1635
53.7904
51.9240
53.9629
58.5211
50.9612
53.4636
52.8316
50.5253
51.5266
48.3201
50.9079
49.3409
53.6107
52.2283
50.8987
48.6457
47.3392
44.8707
43.4588
48.7972
50.9988
54.0829
48.8864
45.0041
49.2118
44.5504
43.5927
49.0972
49.9020
47.4221
50.0636
48.4462
49.5260
47.1030
51.3826
51.7183
50.0461
51.9123
51.6086
52.2815
52.2289
51.7832
48.8629
47.6121
46.1909
47.6872
49.2983
51.2488
45.0938
46.3335
48.4964
48.0021
39.3482
43.1369
51.6939
51.3563
50.1671
51.8799
49.9847
52.6543
44.5673
43.3186
44.1934
42.7406
43.1696
42.7129
42.6499
42.9867
44.0607
46.0686
43.0718
41.0206
40.7506
42.4229
42.9651
39.5666
38.1795
38.2228
37.7185
38.0794
37.1326
37.3219
37.9025
34.7274
37.4374
34.7849
39.4605
40.4799
34.0957
31.5954
33.3975
34.0653
33.8696
32.7787
32.9145
33.0283
35.6011
34.4420
32.4672
33.9495
33.5319
32.1378
34.2558
34.3972
34.4718
30.6104
30.4663
33.2863
33.8383
34.9117
34.7663
34.7281
34.0929
34.5429
35.7145
35.1976
34.7862
33.4946
33.6840
35.1950
36.0075
35.4671
36.8030
35.5620
36.7387
37.0413
36.9443
35.2875
37.8179
34.3624
35.5120
37.0561
36.9810
36.6373
37.8761
38.8527
36.5593
36.3223
37.2066
37.5942
35.7481
38.0444
38.1334
36.3565
39.3628
39.7139
38.6843
40.2487
38.3342
38.6407
36.1578
36.0238
34.3478
34.7242
35.6644
36.1149
35.7918
33.8825
33.8020
37.2053
35.1357
36.7670
36.1764
35.4619
34.0062
34.1286
38.6491
34.4074
35.3759
33.0537
34.4151
33.8927
39.9421
33.9236
35.2401
32.7501
33.7423
34.4283
35.4675
34.9547
34.0964
34.1781
32.9123
34.0736
33.4958
37.2587
41.0795
39.7590
33.0748
36.0370
36.5019
37.4824
38.5082
39.9993
36.3739
37.5463
39.3892
39.2540
38.1890
38.6282
36.6858
37.2991
35.4825
38.1624
38.0441
35.8559
36.1594
35.1442
37.9891
34.3021
35.8801
37.7786
38.9033
34.5864
37.4779
37.3700
38.8415
40.0271
38.9908
40.0944
40.2585
40.4831
41.0251
40.2957
39.4324
40.5625
41.0179
39.8995
40.6298
40.7233
42.5757
40.9779
39.5681
41.9676
40.9205
42.6398
48.1256
40.3406
43.6287
43.0576
41.5314
43.1670
38.9258
45.9599
39.7641
40.2167
43.3794
40.0419
39.9381
44.8348
40.2405
39.7874
42.3067
37.9663
41.1444
42.1596
45.2311
42.6778
38.5762
40.1065
38.1848
40.5570
38.7953
34.9768
41.7161
39.1602
39.3861
42.6080
39.8575
40.2993
38.9007
39.7708
39.8953
37.4051
38.4290
38.1604
38.4795
38.9362
40.1099
37.3305
38.3576
39.1871
38.2403
38.2559
38.9757
41.6616
38.0904
40.4210
43.0691
40.6622
41.2602
41.3358
44.1800
41.7509
43.9735
44.3458
42.3103
41.9856
41.8605
42.0813
41.1842
40.9699
42.1430
41.3762
41.2656
43.6758
44.3202
43.9347
44.3891
45.2117
44.6018
43.8600
42.6329
41.3192
41.2270
40.2743
43.3795
42.0836
42.0905
44.1708
43.9593
40.8264
37.7565
35.8269
35.5078
35.5076
37.2311
41.0644
34.9354
37.2913
39.2584
37.5505
39.2783
43.8480
47.4276
48.5048
42.4749
45.3067
47.6473
47.8112
49.2761
44.7349
46.5427
49.4205
45.1120
45.3987
45.4469
44.7529
45.3440
43.2973
41.0833
41.9067
40.5806
40.5749
41.7090
45.8428
44.8144
44.9925
45.0168
46.3058
48.4420
47.8062
46.3781
49.8608
50.8612
49.5707
46.8245
47.8133
49.8934
47.5664
47.8543
49.6763
42.1334
38.8448
45.6458
46.1050
44.3956
51.0459
48.1299
48.2439
45.3196
44.8122
47.6974
47.1687
44.2782
36.7514
39.1737
35.4457
37.1309
36.8374
33.7312
36.2059
34.7198
34.9863
39.9961
38.2613
42.5560
41.4499
41.0768
37.6202
40.1851
37.8316
39.7207
36.9278
40.1157
40.2072
34.1034
35.5541
39.1606
36.2217
35.5736
39.8215
42.9764
39.0865
39.3227
41.9847
41.5546
42.6628
39.8534
41.9709
40.1027
41.9290
38.5374
40.2725
39.6022
40.6159
43.1255
39.4567
42.2746
46.2364
45.4106
47.7316
43.4363
43.4264
42.1473
42.3142
42.9712
44.0143
42.3678
44.7870
43.6796
40.0337
38.0268
36.8023
38.4731
42.1839
38.5558
37.9777
37.3656
39.3428
36.0783
33.7275
36.5058
40.6272
38.5954
39.5658
36.5699
34.4697
39.1359
38.9970
34.4113
36.3673
34.5791
35.8989
36.0502
41.3193
39.6971
37.9175
34.1241
36.2090
44.5980
39.8820
42.2186
40.4675
40.3472
40.6946
39.1840
38.8883
36.7927
39.9021
38.2991
40.9650
41.1073
38.8496
39.0887
39.5901
40.8910
38.0241
37.9749
33.8615
34.0102
33.1065
33.5133
35.1279
35.0325
37.0966
32.8919
38.2934
38.9946
41.4956
40.4481
42.2209
40.6252
42.2437
40.0243
33.4390
36.8787
40.5977
39.9514
40.1144
42.0589
42.0600
40.3695
41.6303
44.2839
42.2697
46.1768
42.7451
42.8639
44.7040
