31.2421
32.9836
27.0680
27.5550
30.4963
27.1406
26.0368
26.6920
28.8161
43.0632
32.8853
33.8088
28.6039
25.9766
31.1533
33.6827
28.8588
32.1098
28.6230
33.9363
27.0766
30.9687
29.5500
30.7644
26.1822
26.3063
30.1226
31.1311
26.7202
28.3436
30.2894
27.3786
32.5503
30.5553
28.7290
28.6382
25.8439
25.8293
27.0579
28.6913
28.9786
32.7153
31.8063
29.0274
33.9166
31.7451
31.7424
29.5699
35.8072
34.8777
32.0695
42.0237
34.5485
31.8247
29.9983
30.9647
44.1545
38.4609
36.1510
30.5334
29.2411
27.0089
32.2548
31.7924
35.1443
32.2971
25.6454
28.8169
27.8452
30.1019
30.1565
35.7254
29.2746
30.7621
28.8278
30.0539
30.2116
29.2537
28.4963
29.8379
29.0856
30.2642
32.7310
29.7946
31.4066
28.5663
29.4543
32.7894
29.3237
31.3506
29.7864
27.2220
30.3707
29.2610
28.7039
32.5399
29.7269
29.2471
28.1826
29.8214
28.5419
31.3705
30.0231
27.2499
27.1633
26.9991
27.2897
25.9076
28.0875
31.8754
25.8098
31.1306
27.1964
29.9946
31.0506
28.0864
28.7789
33.3895
31.1790
31.5111
34.0726
34.7131
30.4262
28.3956
29.7264
31.9116
31.8425
29.6869
27.4044
26.3266
31.2202
32.2181
30.4601
27.4248
27.4299
26.3317
26.8599
31.5263
29.9985
28.9275
29.6658
28.1445
30.3207
37.5727
28.0524
36.8400
29.9960
31.1753
32.7813
32.4381
34.1227
30.7893
36.1091
30.1201
27.6192
26.7417
31.0205
30.7383
35.5331
33.9174
35.9605
36.6347
27.1476
27.1004
27.6890
29.1134
34.4337
36.1043
34.5009
31.5453
28.0335
24.3328
26.7109
29.0178
27.1029
28.8109
28.1611
27.3671
29.2502
28.1793
30.8327
32.8615
28.8655
32.9691
29.3080
26.8519
30.1266
34.5016
32.0617
27.8433
27.0371
28.5839
27.3514
30.8403
32.2622
30.9280
32.1696
31.9566
33.2963
30.5960
30.2195
32.6737
32.2891
28.5922
26.8222
25.9691
35.0368
37.3351
34.0767
36.6676
32.7532
29.6026
31.4895
34.5777
32.6905
37.7291
30.8397
28.5943
31.4504
30.9074
30.5378
27.3823
26.6512
29.2090
28.7527
27.6321
31.8288
26.9960
30.6976
27.5016
31.1199
27.9261
29.9408
30.1347
29.0382
35.1602
32.8250
30.5804
27.9212
33.5039
29.7354
38.0344
31.8016
33.5372
30.7997
32.6951
34.6745
30.4109
32.0668
30.7515
26.7656
30.6996
27.9562
28.4406
29.2142
28.8348
28.5040
28.6493
27.0921
28.5103
28.1055
27.2823
29.4138
27.3053
29.4460
28.4432
28.4375
31.5017
32.1150
29.9154
30.4733
28.4308
29.6372
30.1476
29.1295
31.2580
27.5568
29.8120
28.1350
28.5854
26.5303
29.6396
28.3626
26.8470
33.3390
32.7189
31.6131
30.2439
29.8451
28.1551
28.1617
26.5355
29.2883
31.9997
30.4130
31.5585
29.7241
29.5717
30.2289
29.0425
28.9404
26.9958
32.1119
31.2972
32.2939
31.3380
32.5630
34.5390
28.3542
28.6530
33.2825
31.9153
30.6723
26.4929
28.0798
27.0958
27.2716
28.5597
26.1422
32.7532
32.0705
30.8154
32.6930
35.3554
29.1831
34.0793
34.9735
28.0086
33.0400
29.3050
33.9508
28.4977
27.1030
31.8676
30.5985
30.8278
29.4691
32.4210
30.6881
34.7467
35.2734
28.8022
30.1201
30.3958
30.9994
33.0489
31.0586
31.2696
27.7756
32.1226
30.8411
32.8422
33.7458
37.4476
33.5745
31.0637
32.7859
34.9158
32.4456
33.2243
29.3886
29.3187
32.5067
27.8969
30.4527
27.1339
25.3457
27.1301
27.3014
25.3428
28.3631
28.5843
28.0815
30.4323
28.9143
29.3196
29.7888
34.8427
32.4372
33.8815
29.1320
31.2746
31.6792
31.2157
25.7911
25.0664
26.0621
28.7951
32.8528
33.2557
35.8238
31.3532
34.0772
35.0335
30.8264
32.5969
26.4397
41.8539
29.8142
27.6485
27.4101
28.3003
25.4966
29.4899
29.4747
27.6584
35.1337
30.5993
27.5541
26.2909
29.3673
36.2931
34.9791
31.6366
30.9609
28.8325
33.6205
34.9318
30.8693
33.5699
28.3463
27.2838
26.7602
26.2398
25.5514
28.5919
28.6662
29.3439
29.0557
26.7970
30.2740
31.4893
28.5874
29.5286
26.7684
25.5487
25.2937
26.4536
28.7642
36.9024
33.0419
29.7603
32.7409
24.7054
26.9861
27.4680
29.1258
27.6664
31.3441
31.3595
32.4587
32.0890
31.4082
33.2410
37.0482
32.6495
33.4067
29.4508
29.0734
25.7231
30.3056
33.3464
31.0301
34.1002
33.3261
30.1946
27.9880
29.1911
27.0041
29.5417
29.9414
29.7636
29.2543
29.4456
28.3680
28.2132
35.5825
31.2315
29.8711
29.9621
29.0189
27.7697
31.7808
33.8647
33.4583
27.4569
27.8606
29.8511
27.6991
28.4949
42.1330
29.9341
28.9651
28.4382
29.8292
27.5883
30.0519
27.0774
32.1964
27.5842
31.2120
29.3602
25.4840
24.5921
25.6331
34.2064
30.8241
27.7677
32.8313
27.5703
33.9393
33.3443
32.2729
26.6272
32.7217
33.6812
34.3125
33.1996
30.9299
34.2720
30.5894
32.5662
37.5526
37.8255
32.1242
31.4774
28.5007
32.3264
32.8783
28.9104
27.0498
29.2242
28.3434
29.1828
31.0031
27.4387
28.1054
26.6406
28.9014
24.9894
27.1777
26.2109
29.1402
28.9589
28.4456
26.1356
23.9844
25.0257
24.8414
24.9671
30.4980
28.1760
27.3494
26.2024
27.0095
27.7661
24.2833
25.7304
26.2626
27.9460
24.8927
26.6737
26.3933
27.7577
29.2864
27.9293
27.9390
24.5602
24.1034
27.3214
27.1193
24.6441
28.2279
27.6236
27.3663
28.8903
27.7330
31.4154
28.3676
32.2289
29.1634
29.2669
28.2215
34.0492
28.2937
31.4855
31.0541
31.9573
34.0706
31.6411
32.3834
28.3035
34.6388
31.3453
33.6406
28.3057
28.2771
28.2712
31.3489
32.8871
29.9290
24.4498
31.4298
28.3878
26.8025
25.6608
27.3149
28.1263
27.5426
27.0406
30.7625
28.1156
30.4714
36.4982
34.0697
31.4420
27.6741
31.2383
28.8576
27.3260
27.9668
28.5980
27.9438
29.6522
30.4331
31.7732
27.0662
32.4673
27.9134
32.8015
29.2307
29.1676
31.9492
28.6314
28.2462
28.5379
30.8367
31.3456
32.7907
32.6061
28.8755
33.0650
28.1485
27.4545
28.4814
30.9389
30.4377
27.3735
29.1455
31.3350
30.4132
27.4408
29.9005
32.0407
33.0366
24.2695
25.4771
28.5162
27.9020
25.5434
23.8034
25.7923
30.1512
29.9204
28.3279
28.9948
29.9185
30.3452
28.8402
27.9315
27.2870
33.4750
28.8574
29.5565
31.8645
30.7421
34.3703
31.0456
34.3668
32.4793
35.5091
36.8189
32.7248
28.1154
31.3859
27.0755
31.8550
27.8312
28.7478
35.3135
31.6761
34.0599
34.7745
28.1433
32.9074
32.8301
31.2644
33.3806
30.0297
29.2350
31.7944
33.7718
28.1717
24.9385
26.4789
28.2500
27.3888
30.1647
26.3382
25.9616
24.9809
28.5292
31.5454
28.6394
28.8647
26.4791
26.0858
27.4197
28.8087
34.0384
27.7084
30.6041
24.0569
25.8355
28.1840
29.6200
29.8291
30.5700
29.9072
31.8244
28.4399
29.3424
24.8789
24.2419
26.6108
27.6091
30.4998
26.7682
29.2509
27.3791
30.1296
27.6869
28.4886
27.2147
29.8440
28.8248
25.5389
24.6396
30.9393
29.7014
32.4595
33.2215
28.8282
31.7005
27.9872
26.9046
25.4330
26.7070
27.9137
32.0711
28.5117
28.8790
31.4999
30.8804
32.3660
31.7493
29.9531
31.2388
31.4362
29.8219
30.9670
27.8860
28.3505
26.5757
27.9293
28.3239
25.6474
24.9182
29.4316
34.0516
35.0310
27.2616
32.2315
36.0773
31.3071
35.8844
33.0287
32.5673
29.4357
30.0658
27.3962
32.7537
34.6139
27.3509
33.7466
29.5593
27.3890
28.2365
27.8740
40.1579
37.6295
33.3071
31.5470
32.4617
31.6088
31.1239
31.0031
32.0366
29.8745
27.7377
26.6970
27.8048
29.9896
35.4343
30.5418
26.5305
26.0280
27.9878
28.7576
32.0955
30.6474
29.6008
30.0317
36.6983
30.6936
29.1277
28.9003
32.0130
29.4666
30.4276
30.3018
26.5736
31.0886
28.2231
27.1830
25.6026
27.9933
29.3705
31.6897
28.5046
29.9513
30.5127
31.8612
33.9527
30.7805
28.8062
26.6216
33.0053
35.1060
35.5216
29.3118
29.4032
28.5288
27.5578
25.4634
33.7672
37.7007
29.6213
31.7221
27.0557
35.1143
32.9202
31.5822
34.0034
29.5739
34.9727
35.4626
35.9722
33.0634
30.3162
33.7658
35.9684
26.8267
25.4341
23.0838
29.5494
31.5225
29.4211
25.4714
25.9043
28.2782
26.7297
30.3392
29.9610
28.9359
27.5127
27.3642
28.9560
31.2515
31.6289
28.7482
33.4918
30.3815
30.2247
31.0893
28.3990
26.6629
26.1843
27.1184
27.0080
31.2395
26.7892
28.7755
31.8286
34.0834
28.5975
29.5818
26.5791
30.3091
29.0791
30.8690
31.4387
28.7423
32.9568
30.7881
27.0689
27.1262
27.7875
32.0875
30.3581
31.7357
29.0219
32.5248
32.8273
29.5504
34.1818
31.1422
29.4485
34.3262
35.2931
33.8414
33.1503
31.8796
29.6733
30.6456
30.6656
32.7939
30.7750
33.9660
31.2135
36.2067
34.6679
29.8971
29.4922
31.3232
32.4634
29.7251
26.1200
29.7163
27.1354
26.5608
28.8528
27.9944
34.5396
29.3342
27.7131
27.2187
27.8420
34.1089
34.0802
37.0200
32.3631
27.7457
28.6619
26.4652
29.8396
29.4928
28.8090
30.9475
40.0598
35.6970
31.5816
32.0252
30.1976
35.9807
30.8651
32.7115
34.5575
35.8141
32.0747
34.3989
27.7942
26.6166
31.0788
27.7666
28.1711
30.0205
29.8235
24.8200
25.8539
31.7555
38.2740
27.2950
30.5968
32.9984
26.6630
27.5459
29.3093
29.7502
27.5044
28.5296
27.8388
29.4471
31.1026
24.3497
26.6045
29.7367
26.9952
28.7748
26.7101
30.4831
26.9501
27.3076
27.3734
25.6564
26.8913
32.9741
34.7902
31.1680
32.0546
35.6263
30.0674
37.4631
34.3596
27.4217
25.8044
24.2815
27.3316
26.2987
29.8945
28.4010
26.5147
33.0198
30.4431
24.2354
27.4596
27.0467
29.3442
32.1905
29.4579
32.7393
33.9588
35.7750
34.3112
36.7298
29.4287
30.1538
27.4752
26.6112
33.5440
29.7985
28.2649
32.9900
36.1383
32.4095
31.7914
32.8087
31.9512
30.9372
31.2275
31.9917
29.5253
29.7796
27.8601
30.3762
26.5993
33.8588
27.5442
28.0244
27.4919
29.1371
30.0239
27.8135
26.6404
29.5821
27.5060
29.1222
29.2245
27.0774
33.5544
32.9698
23.2350
35.6792
31.9049
33.1907
30.6341
31.5613
26.8970
36.1651
30.9434
30.0205
29.1264
26.5847
29.4170
25.7964
34.8150
29.8911
35.2980
29.8073
27.5118
29.8036
28.8602
27.8346
31.8406
32.3523
30.5653
28.3700
28.2714
32.8812
30.2186
25.7575
27.3366
32.6538
35.9323
37.8316
33.7593
36.4909
34.0876
30.1061
30.6478
25.3877
28.5634
30.2782
32.1328
32.6049
35.6129
37.3381
44.2645
27.6047
30.0908
33.8843
34.3781
35.4354
34.2928
35.8947
32.8197
32.6591
30.5808
33.6481
29.5353
29.0376
29.5269
30.4795
30.8471
31.8586
30.1782
31.9641
31.2449
31.9331
29.5144
31.5020
31.7213
31.2726
29.8357
32.0361
34.7915
33.0446
30.1953
31.2614
33.3089
31.1857
29.8048
32.9764
26.7339
26.7773
35.6730
28.2484
27.4959
29.9347
28.7473
29.1437
27.0966
30.2497
30.8882
28.4142
30.6423
32.4699
28.9336
28.5572
31.8526
29.1726
27.3452
27.9628
27.4731
28.8492
26.5463
31.0658
31.0232
29.9272
29.6441
26.7866
27.5700
24.6760
27.9791
26.4155
23.9271
25.8640
23.9604
26.0026
25.4910
27.4769
23.8280
26.8755
26.8311
29.2115
29.0802
30.1872
30.1076
29.6385
30.7351
28.0949
28.5171
26.5534
26.7984
30.5081
27.9112
30.6313
25.6699
27.1265
30.7199
26.0820
28.5261
29.7090
30.3948
29.3084
28.7722
27.6339
27.3538
29.3150
30.9172
34.1801
33.7108
32.0158
30.1002
32.2846
34.1597
32.1603
34.0988
30.2900
34.1429
33.9430
32.4772
31.0342
34.1948
30.6012
30.7984
28.5777
26.6174
29.7119
26.6617
31.2159
27.0676
28.8947
30.0857
28.2964
31.6069
28.9046
28.7833
30.6882
27.9524
28.6359
28.5918
31.7418
31.9774
30.4096
27.0038
29.2594
29.5723
30.5946
25.8704
35.2871
35.4210
33.7046
31.3171
30.6354
33.2649
33.3066
27.3387
36.6115
38.1937
33.9072
44.3170
33.4388
44.1269
42.1139
30.9393
32.5608
31.3722
30.8366
30.0936
37.0002
43.6914
36.8685
27.7634
28.4286
28.7103
32.2511
31.3347
33.1137
32.0130
28.4146
34.3961
30.4589
33.3451
29.4708
28.2221
33.7672
30.4992
27.8391
32.9488
29.2200
29.8700
31.2394
27.4607
33.6133
40.7079
33.9799
29.3942
29.1969
28.9205
28.1010
29.7196
26.8474
31.3345
29.7228
26.2117
26.4915
26.6485
29.0603
30.8438
27.1666
26.6211
26.3382
27.3599
27.2217
30.0154
32.4096
24.7560
25.9866
32.1485
27.4640
26.7856
27.3445
30.5996
29.6402
31.0199
33.7594
29.5211
28.4772
24.6538
28.8143
30.9403
30.2241
32.4369
33.9780
27.9607
25.9366
27.1924
24.4467
28.4342
31.5599
36.3483
29.4063
29.4346
29.2783
30.7947
38.7276
42.5865
33.3673
36.7231
32.9527
29.4576
28.1099
29.1362
26.7204
27.1159
25.9026
31.2331
27.1322
30.4316
28.5876
32.0033
31.4138
28.9827
30.6141
28.1324
29.2134
36.9575
30.1522
26.2611
30.5583
30.6408
33.1409
32.2556
26.2261
31.2698
30.5448
27.1903
26.4967
29.2240
32.4181
27.6698
31.1518
33.0039
29.8369
29.1435
26.0382
28.9717
32.9147
33.2273
29.8551
33.1499
28.0955
34.2596
25.4725
28.0157
28.0901
26.3861
29.6780
29.0012
29.1958
31.1923
30.1404
32.2097
28.1114
32.8710
33.7386
32.8964
29.7131
28.7782
31.8172
32.4228
29.4865
27.7563
27.1877
27.9040
30.2880
28.5908
29.3464
33.8987
27.1565
30.0042
28.0121
28.5786
29.4530
28.4694
28.2278
26.0180
28.7559
34.3712
29.8860
27.3023
31.3776
28.0913
32.8797
29.3575
33.1095
28.9026
30.7851
29.0836
31.2068
30.4089
31.1859
31.1053
29.5645
28.2062
26.7485
25.4676
28.3706
30.8373
28.5522
30.5000
30.7341
25.5031
34.4070
34.7000
36.3479
28.9739
33.0259
29.1159
30.0819
24.4299
28.6351
28.2932
27.7314
33.7582
29.7365
29.3298
29.0436
28.4215
31.8005
33.3283
34.0900
35.7726
29.1708
29.8693
30.2850
29.4762
27.9629
26.9944
34.2180
33.6395
31.2577
29.6243
28.3074
30.7718
29.8275
28.3472
31.6972
30.1190
34.4665
33.0921
33.7817
32.6863
33.0674
31.0912
27.8242
26.2708
30.7437
28.9230
28.2750
26.4475
26.1798
30.6270
31.5524
27.1732
31.5972
29.9323
30.2742
28.9584
27.3851
28.6140
30.4704
28.0811
29.5773
28.8306
26.9822
28.6817
28.9385
27.7597
27.0257
28.0721
29.7113
27.8197
29.5839
28.3162
27.4309
31.5843
30.0989
32.9518
29.4371
34.2553
33.5038
37.5239
36.6647
35.7375
30.7432
38.6318
29.5265
29.0513
30.0987
30.9487
32.6361
34.4557
35.7321
35.4677
37.2447
34.1228
35.2011
34.3762
30.6481
31.9045
31.6859
34.2529
33.0315
29.4129
31.0928
29.7760
28.8584
31.0374
27.8297
29.2674
27.0909
28.6936
26.6443
29.4340
25.8735
24.5926
27.2674
26.7229
28.9635
27.1864
27.7710
26.4973
26.3452
27.4250
25.8336
25.2734
25.7879
31.4541
27.6676
30.1463
28.8945
34.9669
27.6273
28.3475
28.6756
26.8714
26.7034
27.2315
27.0130
26.4832
29.1208
26.8212
27.1655
27.1405
29.7649
28.2603
29.1315
29.1903
32.2725
25.5970
25.5031
29.4268
26.4991
31.7918
33.5860
26.5981
28.7580
26.2242
24.9785
23.7914
31.3125
28.7284
29.4954
29.7853
28.0576
26.3528
27.0120
33.5022
24.9260
29.6953
31.6957
29.7919
25.5667
31.3045
31.4587
30.9316
26.5001
28.2904
27.2396
34.0502
35.1430
31.3645
27.3223
27.7788
31.1686
30.0909
24.7999
27.2745
31.8471
29.9947
28.6724
28.1967
27.7217
31.0382
27.0833
36.1681
30.4013
33.4381
33.2362
35.2286
32.3617
31.4133
28.7622
36.8933
31.1805
30.5776
28.2626
26.7920
27.2476
28.9582
33.1704
27.2517
25.3731
30.9195
30.2604
27.0808
29.6242
25.9926
28.3393
30.8931
29.5677
26.8376
26.2872
26.9139
30.7600
25.5568
30.9704
26.8100
29.7132
29.3447
27.3187
26.8670
30.7466
29.1328
30.8842
30.7257
30.4850
31.9160
28.5838
31.4860
30.5587
25.1290
32.9437
27.2630
33.0320
28.9726
30.3266
31.7818
28.1966
31.8981
32.2788
34.2081
29.4258
35.7635
28.5342
27.4343
26.7727
28.1997
25.6134
27.0684
29.6115
28.3441
30.1062
28.9265
28.8966
31.2427
35.2762
29.2398
33.2792
28.1778
29.6063
29.6735
29.2294
34.3075
30.8903
31.6168
32.0049
29.2119
28.6649
33.5357
30.9136
33.4517
30.0002
28.4286
33.8155
32.7660
31.1562
28.3974
27.4387
28.9671
28.3778
30.9888
30.9892
28.2644
28.9737
28.2437
32.5883
34.8467
34.4265
34.9222
25.4794
29.8487
26.4907
29.1518
26.4971
26.8408
27.8143
31.9724
31.4633
26.4282
28.3783
30.0699
30.0234
27.8768
26.5251
24.0207
33.6769
28.7469
28.6279
29.4995
36.9835
34.6529
35.0766
34.0904
31.7807
31.2876
32.0645
28.8925
32.4817
32.9906
35.1650
30.3452
35.2095
35.1426
34.7785
38.3839
45.9215
37.4870
33.8397
34.0511
30.2168
30.3953
30.2219
34.0454
35.0129
34.0266
31.9101
29.4013
32.1530
30.9217
30.1089
33.8665
28.0327
30.0991
27.9325
28.6616
26.9965
32.5307
33.5304
34.8706
33.0110
26.6933
29.1447
34.9029
30.8951
35.9124
34.1350
33.0898
31.5545
31.8056
32.3997
29.0973
33.0377
38.4711
25.2175
28.5831
28.1284
30.1222
32.0138
37.0787
26.2061
31.9928
37.4409
27.6252
31.8057
34.4870
36.2466
31.5098
38.2952
32.1013
33.3774
33.6753
27.6178
29.2826
28.1240
29.1622
30.2226
28.3726
31.4308
31.1855
31.5162
35.4610
36.2626
30.6729
38.6205
33.2939
31.9097
31.7274
27.4617
28.4646
32.6579
31.7606
31.0093
31.8311
34.1755
36.9678
30.4149
39.2200
26.8952
26.4114
25.2556
28.9632
26.9571
27.2546
24.9041
26.2541
27.2981
25.9209
27.0377
30.6544
31.1836
33.4626
35.5897
29.6843
29.8583
28.7699
31.6472
31.2590
30.9781
30.9649
26.2385
29.4994
28.6330
26.7324
27.7884
30.5236
34.3214
27.4541
31.8894
31.3772
28.3980
31.5870
30.2211
28.9552
32.3506
32.5960
30.9815
31.0185
29.1174
30.6044
29.6623
29.9284
31.6654
32.1343
28.7222
32.6119
33.6188
33.7182
31.6017
31.9644
32.8908
29.5011
34.5991
31.8177
30.1384
32.9797
33.6551
31.3235
34.0467
36.4956
29.0361
28.5393
26.0028
33.3078
30.6510
32.6167
37.0154
27.1811
33.7348
27.4057
26.5355
27.4555
29.1214
35.0281
27.8204
32.2257
34.6540
28.3288
28.3411
31.3932
37.9978
35.3746
30.8808
29.7643
26.1511
27.7782
36.1249
32.4447
41.8379
32.9227
37.7296
32.4595
33.3071
32.7743
35.1091
32.1325
33.7877
36.5625
36.3043
37.5049
35.0008
31.3405
28.8702
34.0429
28.8393
28.2912
34.5649
27.2221
27.5610
32.4306
26.4713
27.2923
26.5019
27.9718
29.2939
28.7492
32.5893
27.4755
27.5044
31.7790
31.1745
28.4400
31.1822
31.6196
34.2584
30.5795
37.6574
43.3077
32.2563
31.0098
31.0810
34.1558
26.7844
31.2767
28.6160
32.2705
31.4901
32.3374
29.8899
30.1271
34.3929
31.0541
36.4514
31.7458
32.9223
27.1294
27.4679
26.5773
28.6897
27.6584
30.6165
36.5920
28.9649
28.3046
25.5637
27.2640
32.0147
26.6327
34.1892
31.0960
32.8227
30.2987
33.3411
29.9110
30.3232
29.5219
29.4498
32.7953
30.3189
28.8640
28.7183
27.1103
27.1702
31.1395
31.8394
30.9989
31.5737
31.8699
28.3983
29.1269
30.3382
31.3878
29.4904
33.4513
30.8327
33.9883
31.9173
32.4459
29.7225
31.4642
28.8516
28.9621
28.6912
35.3612
37.5574
28.8690
29.7616
27.7769
32.6412
41.3083
28.0967
29.9295
27.6949
27.0111
30.2855
28.7509
29.3045
32.4515
28.1233
29.1581
31.1924
32.6008
26.6777
32.1477
25.5063
27.9503
30.7584
28.0679
28.7223
27.3266
25.6054
29.2225
32.0790
28.7912
30.6594
29.8451
30.4743
31.7139
38.9315
40.6029
36.9223
33.2398
39.5598
32.7149
32.7945
29.4307
34.2670
35.7774
37.4455
35.7422
36.9838
37.2864
25.9299
32.5097
27.0994
30.1831
31.7797
32.9507
33.4071
33.3783
33.5168
32.7806
32.8454
37.1876
31.0033
33.8309
31.4929
31.5982
32.5530
31.4668
30.3240
30.9310
32.4467
33.8353
33.1004
30.3961
30.4694
32.2557
30.6839
28.2174
30.7970
29.5706
30.3009
28.7757
26.5112
31.7352
31.6129
32.9309
31.0751
28.7185
29.3372
29.8155
29.2232
27.9760
28.7749
26.8634
25.9750
24.8869
24.5377
28.1346
28.3882
26.9397
31.1407
30.3207
25.5383
26.4400
29.8765
31.3074
27.1385
27.4772
27.8017
29.0562
28.5254
26.6156
29.1415
27.0714
26.7405
28.8062
26.7333
25.2948
36.0900
28.0238
25.6513
27.4710
28.8339
27.9661
27.7425
30.0601
29.5268
28.7205
32.7432
29.7412
29.3949
31.2796
28.4976
28.4980
28.7807
30.0708
28.0061
28.7121
31.6528
29.9259
33.9174
35.8763
34.4590
33.5588
30.0765
30.9459
36.5507
31.6517
32.7667
31.1151
29.4785
34.8016
31.0546
36.3010
28.8114
27.4397
27.0918
28.4572
29.2889
32.8482
33.1832
35.1393
34.3692
34.5184
31.6576
31.4253
28.6074
33.2154
27.6967
28.3237
27.1972
25.2984
28.7247
25.6254
24.2406
25.2630
26.8173
28.2847
27.2311
27.9061
29.2500
29.8426
29.7616
34.4799
25.6802
27.6775
26.4011
29.8219
30.4835
28.8435
29.0200
28.1928
28.6911
32.7871
28.6509
27.2937
26.4653
28.1532
26.6122
27.2539
26.1322
26.9481
27.9232
27.7898
28.7828
27.4507
30.4887
27.2013
26.6088
30.1786
31.3773
26.4958
28.1343
26.6786
26.0062
25.8220
34.3675
29.6584
34.7758
33.5738
34.5168
32.4223
35.4460
39.5288
38.2952
30.0487
38.6789
35.9222
28.2138
31.4140
34.1748
32.8934
38.4930
30.6073
30.3270
31.7268
30.5598
28.2628
26.6067
30.0854
28.5148
30.5627
26.6360
25.5393
26.8836
30.1500
30.9281
29.9933
32.0422
28.4816
28.8981
25.4836
26.8944
30.4571
31.1334
34.5206
30.6875
31.8003
29.6156
26.6248
30.1608
29.3712
29.9624
35.5977
36.7533
36.9221
32.8630
30.0235
27.4011
26.9408
30.8342
31.7483
29.9151
25.9115
29.4042
28.8860
25.9866
29.8732
32.2068
27.0407
30.8654
26.7898
30.5081
31.4440
31.3393
28.4441
30.5117
33.7551
32.6099
30.6612
36.6098
32.9084
29.4176
30.8937
25.3845
27.7577
30.8929
32.6497
26.2658
31.4841
30.4205
29.6462
26.8303
29.8319
27.7593
31.6007
28.5035
27.1734
31.4209
28.7266
33.3212
32.3914
30.9953
28.3482
25.8346
28.5988
31.6304
32.8801
32.6966
27.9166
27.6023
30.9231
34.4604
37.0129
32.1926
28.5162
35.5636
36.1997
31.2497
29.5222
30.5999
31.2180
33.9073
31.0037
33.9799
27.8925
30.8701
33.3387
32.4372
30.8615
31.8165
26.8004
29.5469
31.6325
33.4397
26.6568
27.2355
28.0605
25.2593
26.5335
28.3932
29.7812
32.0370
30.7478
36.0551
29.5960
30.7648
28.9847
28.6367
28.5038
30.1986
30.2962
29.4327
34.9356
36.4533
33.4118
30.0781
30.9787
29.9608
35.9576
38.0760
32.7148
36.4114
35.7555
38.4915
35.3296
34.1299
34.9928
35.6474
33.1840
32.2486
33.8844
33.2011
34.1850
34.3665
35.8246
38.7780
33.3025
30.5677
35.2026
39.2621
33.7258
30.8310
33.9567
34.3993
36.8038
29.2590
31.5114
26.3731
26.7865
28.6746
30.1846
31.0918
31.2231
35.6880
36.8706
35.9177
31.3041
35.1358
29.6420
29.0557
25.7314
32.6554
29.1931
27.0711
32.9253
30.3796
29.9907
30.5513
27.4078
27.0590
29.7574
28.6024
30.1935
30.1765
33.9509
27.6893
30.4040
31.0097
32.6635
29.3209
32.7687
32.4972
34.9253
30.6255
31.8998
30.4080
32.4618
35.0840
32.0590
29.5002
30.7714
29.3191
29.7084
30.5868
33.8987
36.4499
34.7842
37.3732
30.5215
37.2370
33.3845
31.4695
30.2635
29.5448
28.3136
31.7626
30.0244
34.2303
31.0440
31.1614
34.0895
30.3239
27.6205
29.3588
29.7412
29.0653
30.6129
30.6151
33.4592
35.2791
33.8172
30.2250
32.1956
35.8415
36.5761
33.1432
30.3878
33.1343
36.3602
34.9890
32.8373
30.4695
31.3047
28.1940
30.1461
27.6389
28.3875
31.2082
29.9410
29.4236
34.4120
32.4613
30.2928
30.1087
30.2432
32.4147
33.0354
28.8872
29.3077
29.9672
35.6220
31.9677
31.6720
33.3205
37.1448
31.9784
34.0520
33.2749
32.5097
34.2757
29.1045
29.0613
32.4167
37.0229
27.2302
32.6523
30.9531
31.3427
32.7909
51.4569
52.7064
28.4020
29.4092
31.3132
30.4902
29.5729
33.6302
27.2837
29.1745
33.2835
34.7637
31.0859
26.9292
30.0762
31.4091
29.4014
29.2285
32.4549
30.5529
30.1415
29.6884
35.2425
35.9550
33.7150
31.5513
30.8229
28.6521
33.3627
29.3339
28.9984
31.1759
29.1163
29.3257
28.1521
26.9114
27.7084
27.9697
28.9164
31.4695
31.9735
29.7321
33.5344
36.0602
30.8905
28.5750
27.6563
29.9316
34.2356
27.4154
29.0874
34.8857
32.9043
32.8577
33.9823
35.7682
30.2282
34.9715
30.8965
32.4173
28.3925
25.9799
31.1075
31.3862
32.8669
35.8004
31.1537
33.9885
32.2211
30.1206
30.9745
30.8227
30.9099
34.0799
31.1332
25.6542
28.6904
24.7223
24.8974
28.8458
28.6098
29.6796
37.2724
28.7044
28.2513
31.5232
27.2764
29.3742
32.2876
28.1613
35.1068
32.2205
31.9920
31.8810
27.4075
31.5802
27.1225
32.2643
30.3386
30.1615
28.1223
24.7930
28.6972
26.8402
28.1630
29.9629
30.6702
28.5781
27.5445
35.0523
36.2442
31.2382
32.5380
32.8708
30.4941
28.4154
35.2765
26.6732
46.4006
43.1360
29.1137
33.8035
30.0966
27.6398
26.7393
32.5418
26.6851
23.9534
27.8891
27.2539
26.1365
29.5061
27.7774
30.8135
32.5754
27.1864
30.5983
29.9614
32.6325
35.7603
30.1755
30.8946
31.0747
35.1809
37.6345
39.5112
30.7813
28.8122
28.3360
25.8451
26.7272
26.1931
25.9236
26.9260
28.5930
32.8551
31.3173
36.4794
32.7710
32.8562
31.0013
35.4919
30.1113
34.9361
34.4946
33.4065
34.3899
30.8750
30.3444
34.9163
32.5170
41.4929
29.4422
38.7303
37.0400
32.1919
32.5499
34.6744
35.7843
29.5562
29.4499
29.6583
29.2474
28.4795
28.8954
26.1746
27.9264
28.3380
30.1894
38.7023
38.7129
36.8423
27.3159
31.5396
27.6248
27.6016
28.7509
30.8289
29.2759
28.2882
26.1160
27.0470
26.0159
30.9038
26.8477
29.4675
30.2002
33.0010
30.4795
30.5990
32.4246
34.5221
37.3952
36.1654
34.0096
29.8836
27.8526
28.5913
29.6940
30.0098
27.8952
29.8012
29.6299
30.6378
30.0804
30.0189
39.9226
40.0448
35.8702
33.4894
32.6412
33.9088
37.6552
34.3430
30.5035
26.6035
28.0097
31.9846
27.2146
30.0307
27.6381
27.7261
32.9140
27.3165
32.9736
30.3573
29.4534
37.3797
35.8912
34.4669
32.1310
34.4093
28.3422
26.0184
26.4678
27.0189
28.0079
27.7988
28.4965
34.4064
29.7893
29.0735
35.3822
34.7655
29.2747
25.7256
26.7870
26.9834
27.1797
27.7566
28.3954
35.0038
28.3688
35.2595
34.8127
30.5027
28.9781
27.5285
32.9248
31.3976
32.5446
30.2343
30.7653
32.1035
32.6924
30.1457
29.8393
34.7722
33.4106
31.3558
34.7039
33.4727
32.9538
30.5545
29.6319
33.7495
35.5656
33.5902
37.4248
26.4710
30.9510
28.5435
38.8421
37.3269
33.5320
32.5397
30.0014
30.0166
26.1978
34.8291
32.0424
33.2451
34.2877
33.1889
29.6361
33.4608
35.5376
30.8295
31.9046
31.9996
27.2840
33.2904
30.3446
34.2813
39.0261
36.9861
31.6551
31.8047
36.7940
27.0681
28.4584
33.6989
27.4370
26.5541
27.6958
27.5296
27.2298
27.2799
24.5069
25.9313
26.7235
34.0059
27.8116
28.4684
26.7717
24.9971
30.5145
32.5970
27.1195
28.2265
29.9053
40.1291
38.5571
37.6745
35.9315
33.4054
30.7084
35.4907
45.5095
36.7948
26.0170
27.9116
38.9408
35.7032
34.0956
37.2707
34.2293
35.4454
26.0026
24.6703
25.8422
28.2145
28.9377
28.8550
28.4054
28.6963
26.9336
28.0555
36.6805
32.3549
33.9113
26.9452
27.1947
28.9797
30.2248
28.8250
26.8916
25.8162
26.2662
31.4488
31.1528
30.3757
30.7258
31.0004
31.6076
33.2407
32.9655
35.0937
28.9937
30.5637
34.3782
30.7448
30.3486
27.5733
33.7201
29.0152
37.0995
27.6115
31.2812
35.5043
32.7978
31.0014
32.2156
26.3561
31.9327
27.5668
35.3748
33.1735
31.4902
29.8211
34.6980
32.6993
34.6225
26.0288
25.9698
30.3729
29.8820
27.0868
26.6384
27.7229
31.1154
31.6931
31.7785
30.4258
35.9852
34.4427
32.5085
28.9438
27.2687
24.7641
25.4541
24.2305
29.5438
27.5766
25.0868
26.6804
30.8440
27.9178
24.9545
25.8134
24.2576
27.4430
28.4720
27.5688
27.4311
27.3093
26.4649
27.8644
28.4833
26.3566
26.1533
25.3177
30.1849
29.1077
34.0583
33.8095
29.7743
28.5765
36.4240
32.7185
32.4555
26.1829
34.7456
30.1372
28.0998
33.6973
35.2484
31.9779
37.6404
33.9502
28.7042
35.8106
35.7185
29.0518
26.6959
25.1167
26.1210
24.5085
25.4402
25.6382
25.8944
27.3809
28.1264
28.7021
31.0214
26.4785
29.8297
29.3550
27.6794
32.1880
29.2751
27.9342
24.9298
25.9262
24.7658
26.3953
27.8734
25.1232
27.6868
27.9525
28.5972
29.9885
34.3198
30.1064
32.5271
39.1846
35.8241
34.7619
30.0341
34.6628
28.2663
33.6506
34.6595
32.9623
34.2204
28.3833
31.9203
33.2597
27.3627
37.1030
37.5328
38.6988
34.5414
33.1348
34.9312
31.6962
30.3949
28.9652
30.9008
30.9116
32.3412
28.7356
31.2945
33.7160
32.0637
33.2462
28.8620
28.3713
31.2328
29.8948
35.6005
30.3876
29.1703
30.6095
27.8869
29.2482
30.8278
30.2818
31.9325
33.1310
32.1095
32.2682
28.4478
32.1936
34.1635
39.4278
27.9734
33.7882
27.0311
29.7306
25.9310
38.8638
32.7978
29.5179
29.7754
29.1719
33.1766
28.1144
27.1507
26.0553
28.9007
28.8974
29.6057
30.5854
26.8092
30.5064
31.5212
28.3279
31.4500
30.3064
28.9909
28.6304
27.0816
28.3189
30.7389
24.9055
29.2730
26.9691
29.5177
31.1818
32.4708
28.8196
27.0608
31.0029
30.8037
32.2347
26.9054
27.1863
27.7056
31.4153
33.6947
31.8847
29.5142
29.2785
28.2650
28.1613
35.0051
30.4622
30.2582
28.6867
31.5011
30.7094
29.2038
27.6652
29.0999
30.7576
27.8550
28.3626
26.7089
28.4598
28.5209
30.4841
25.7531
27.9687
32.6518
33.0060
35.1320
37.2674
38.7686
33.2326
35.6439
34.2639
40.2560
30.3190
29.4706
29.3855
30.2089
27.0594
28.6275
27.0118
26.7051
27.5294
25.1064
27.3817
26.7249
24.7257
26.1304
27.9724
27.7314
35.2968
28.9377
29.5006
29.7571
25.7730
25.8454
26.5543
25.3410
27.2096
28.4060
25.0075
25.9687
27.6657
26.9594
29.1381
27.0206
27.5781
31.5223
28.4921
25.1189
28.0014
28.1732
28.9965
31.6702
27.1739
26.9153
28.0812
29.3566
35.7242
31.5777
33.8124
36.0521
31.1900
30.3904
31.1647
30.6607
31.9662
35.9547
34.0006
27.9642
28.2999
28.7432
26.1227
30.2761
27.6978
29.0663
29.7503
28.2949
31.2141
31.7122
32.6192
35.0472
27.5900
28.5020
29.6032
32.0599
29.0612
27.0503
24.9562
32.9064
29.0502
27.5654
28.6423
26.1307
33.0390
33.3236
32.1394
35.6162
31.4797
33.3561
30.7873
32.2854
31.1988
29.3451
29.2227
35.2286
30.0728
28.7637
34.3317
32.4785
32.0386
29.8898
25.8010
27.5810
28.3809
24.4783
25.4099
25.7439
26.0027
26.7368
28.5893
27.2222
28.2997
26.7047
24.9689
33.4099
32.7044
31.4312
32.0413
25.3322
31.8697
30.2707
28.0065
33.5654
33.2304
33.0607
29.1215
32.9329
32.3719
25.3489
28.1121
30.8049
30.8733
32.9389
32.8604
33.0592
29.0212
31.6003
28.7372
26.6069
30.3989
31.4672
28.6269
29.3796
31.3142
30.3765
28.5555
30.1837
35.3201
30.3773
29.7886
31.9088
29.3749
34.1044
30.7529
36.6806
36.1067
28.5891
30.8770
28.5004
29.0074
29.1204
43.5266
38.1513
27.6079
31.3245
28.3805
27.8193
30.4348
35.6933
35.9262
26.6363
26.3432
30.0037
42.2608
34.3497
31.0501
31.5246
31.9720
36.7881
33.5748
29.5618
31.8341
30.9220
28.4178
30.1690
29.7677
30.4437
29.3529
30.6482
30.2880
31.4454
28.2374
26.8132
25.2122
28.6899
25.6394
33.7539
32.9178
31.0223
26.0957
26.4903
24.4096
26.8276
28.2648
26.1969
28.1340
27.4613
30.4180
27.2890
25.3220
25.7996
29.5810
31.3808
29.3854
27.1751
27.5286
27.9001
25.6923
27.1779
27.9943
27.6472
26.3336
26.8591
23.8045
28.4695
28.9553
27.2878
25.1667
24.5861
25.0585
25.2068
24.4294
25.9673
27.4945
25.8303
26.3199
26.5160
26.8294
26.7476
26.3666
29.8694
25.4500
30.3405
30.8664
30.5668
30.9955
33.7737
36.0158
33.7443
32.3077
32.2199
27.8715
25.4959
26.8275
27.1099
25.3554
28.9728
28.4852
29.5900
30.8283
30.8237
32.2059
32.7167
31.2010
31.6850
30.4277
28.4003
27.4418
26.8313
25.8286
25.3482
32.0013
30.4935
32.8274
29.8088
29.1523
28.6748
41.1373
28.8786
28.6228
29.1434
29.7034
26.4333
37.3780
28.8829
30.4323
27.3569
28.7727
29.5069
29.1565
31.5034
32.7578
31.5687
28.0160
36.0206
28.3262
25.8100
25.9478
25.4999
29.6582
33.1832
32.8141
24.3852
24.0438
23.5887
24.4188
25.7793
26.1622
26.1665
26.4658
27.2067
29.3787
28.1750
26.9169
34.4023
30.0496
28.2616
29.9605
29.4484
28.2350
31.0600
30.0209
37.4856
39.3216
32.9608
28.6564
36.6126
29.2195
32.5889
30.3460
29.7884
28.4391
28.3299
26.6190
32.4711
27.9055
30.2271
32.8904
33.1516
29.8742
24.6282
30.1524
32.9913
34.3459
30.4335
30.5024
29.7872
38.0579
43.3924
29.2468
27.7134
30.1378
28.6574
28.9656
29.3916
29.1591
26.9246
28.4285
30.7435
27.7544
30.1701
29.9129
32.0622
28.1066
27.9614
31.8974
35.4124
40.7093
38.3789
25.1772
25.9132
26.4104
26.1466
31.4075
30.2239
25.4730
26.3938
26.6692
25.8306
28.1705
28.3364
27.7116
26.9108
34.7729
30.5636
30.1022
28.7465
24.9537
23.8367
25.0647
26.9917
27.0059
27.1079
30.1283
32.1413
31.9578
32.2454
31.9104
34.8609
26.9919
28.5228
27.0019
32.0611
29.4405
32.1482
31.0921
28.7077
29.8400
30.3363
34.5442
32.8253
30.6926
27.0579
27.1766
31.2873
29.1901
30.9673
29.9162
29.8399
28.4600
34.4186
31.7197
41.6949
33.3465
27.5880
26.7577
32.2263
31.0084
32.9498
27.0523
35.7355
33.3121
27.6774
30.4470
28.8179
34.8553
25.8944
31.9489
31.0467
28.7749
27.7219
30.8623
30.2192
31.5752
31.8337
30.4664
26.7748
30.1708
29.3028
28.1055
29.9201
32.7003
27.0174
31.2883
28.1982
30.2664
25.1214
28.8476
29.1809
26.7683
29.2870
32.1045
26.0523
24.0468
29.9231
31.5090
30.6558
32.6275
30.6815
27.5771
27.8349
32.6730
32.5637
32.8635
30.4349
34.1838
32.3589
31.0653
31.0292
28.7321
30.0988
30.4150
32.8140
30.7224
26.8103
26.6046
27.3983
28.7322
27.3212
25.2327
25.0292
25.5613
26.3563
27.3788
26.5833
33.0330
33.4227
36.6011
28.3314
27.9321
31.3899
36.7515
29.1589
27.5160
26.9910
30.9928
29.5781
28.2112
30.2898
32.4291
34.1780
27.6318
30.6850
31.4476
27.2355
30.7819
34.2454
36.4009
30.0311
25.4738
33.4824
35.7712
32.4921
31.8788
37.4417
30.3986
31.6981
25.3630
30.5599
32.7814
35.3058
33.5455
37.0495
34.3560
35.9092
28.3577
25.0316
31.4269
32.7448
33.1640
29.1756
27.8926
24.4884
28.8479
30.5842
33.7275
28.9277
29.2898
31.5586
30.9029
31.4725
29.1457
30.8066
30.0074
28.7351
31.2488
32.6943
33.0424
32.0184
37.7006
33.3597
34.0770
30.0364
32.9767
36.3444
34.1524
33.8984
38.2255
30.3127
32.3163
33.2692
31.5020
34.0088
30.7977
31.0920
28.9244
33.0669
24.6655
27.9600
29.3950
26.0438
30.6947
32.2651
32.9469
26.7145
27.0720
32.3818
32.4697
29.5861
28.2746
31.8146
30.5546
30.5008
30.1181
29.9176
30.4964
31.9856
29.3377
29.1928
33.1904
30.8664
28.1480
30.1611
27.6400
36.5653
35.3100
26.8654
31.8836
30.7212
27.5398
28.3883
30.8445
33.7067
32.6891
30.9144
28.5096
29.3130
27.2855
27.1363
27.5257
28.8596
29.8413
25.6746
27.0792
27.1920
26.4773
26.7231
31.4995
25.5439
29.5982
30.2363
31.0294
27.0800
29.1878
25.6770
26.1241
29.5451
35.0816
29.2992
28.6280
30.9794
29.0518
30.2501
30.2340
27.8469
33.7773
37.3996
35.6435
29.3114
27.5881
28.9884
27.8790
28.5665
29.6636
31.5440
32.2841
28.7576
27.9295
31.1790
28.9961
29.1050
29.0640
32.9121
31.1198
32.4836
34.3696
33.6001
29.8344
33.0026
27.2291
28.0031
31.0899
31.1279
27.1745
30.0308
32.0597
30.2025
36.9157
31.5009
31.1948
31.5971
25.2597
24.9379
29.8355
27.5276
31.5862
29.1940
26.3832
28.2078
28.1073
26.7127
27.5286
27.7006
28.4873
30.6537
28.3327
28.1455
31.2085
28.3077
27.6445
31.8512
27.9192
28.8819
31.5523
34.0162
25.4859
25.9445
26.2558
27.1111
29.1584
29.6047
29.4606
28.7451
30.4399
29.4058
31.6946
29.8015
31.1494
28.9264
32.5114
31.4838
27.4150
28.9767
29.0124
27.4581
28.4592
26.5070
29.3279
28.4871
32.5723
31.3400
28.2390
25.1122
32.5258
30.2539
28.6775
30.2363
27.3435
33.5956
27.9781
31.6778
28.4177
35.2844
34.7368
29.4210
27.9952
30.4273
31.0423
34.5696
33.9990
29.1555
37.1037
32.7812
37.5613
25.7260
26.3186
25.4277
28.5465
27.0845
29.4489
27.6157
26.6657
27.1753
32.0998
27.2905
27.7966
29.4508
28.0409
24.9500
25.5305
26.3225
25.6476
26.8365
24.7067
24.9086
25.6910
26.3022
30.2977
28.4748
30.7687
31.1403
28.9374
26.8207
26.8980
27.5821
29.4241
30.8723
28.3486
30.6476
26.2870
24.2370
24.8129
28.6524
26.8121
29.5574
27.0320
24.4283
29.0335
27.9213
25.4564
27.5839
26.3919
26.6749
28.4919
30.0832
27.5931
28.4840
29.4214
32.3479
30.7402
30.8833
28.5452
28.4972
29.1824
27.2011
26.2690
29.4897
31.7278
31.2144
27.9615
28.7915
26.7496
29.8463
27.4813
25.7463
29.1312
25.7869
27.8856
28.0822
30.2816
30.1638
31.3513
29.6159
28.1794
29.0858
29.7824
31.1843
34.5761
28.8923
27.8249
33.8123
32.8446
29.7458
29.2492
31.1129
28.0425
28.2683
30.1280
31.0468
29.8234
33.5087
37.1327
33.8875
36.5560
34.7127
32.6408
29.4163
35.0136
31.5391
35.1627
32.9574
30.6440
30.5136
32.7344
37.4496
31.3072
28.6946
31.7401
34.4134
34.6850
34.5942
34.4702
31.9187
28.5369
25.5407
24.1827
29.0662
30.7661
26.7042
27.6714
27.3694
35.1977
30.2057
28.7461
28.2844
34.6741
28.9665
27.6131
34.5465
36.1639
33.5154
26.7284
35.3790
28.8987
33.3121
29.1828
30.9197
31.7248
29.4878
32.2592
30.1463
30.7965
29.7295
30.8969
34.9726
30.1665
33.3647
28.2074
26.5321
27.3607
26.3838
26.8583
29.3267
29.0533
27.1622
26.8838
28.5926
28.8243
29.5082
25.8438
27.1213
25.7724
28.6604
27.4320
29.1003
32.4965
30.0531
27.3183
27.9493
32.1366
32.2823
27.7342
30.1081
28.4396
28.1084
28.8331
30.7307
31.0731
29.5606
31.2970
27.5104
30.0386
31.9765
30.7733
30.7915
26.0919
28.8290
29.9504
25.8103
29.6069
29.3978
29.6881
28.1271
31.1072
30.1049
32.1729
32.9057
29.3905
26.0095
26.2091
36.7950
32.5567
29.2566
27.7870
30.9343
32.1813
31.9931
29.9373
30.9461
30.2977
28.5234
29.5061
27.4737
27.0490
28.5084
32.9044
31.5188
30.8966
32.5832
30.6880
33.0708
28.4264
27.9446
29.4582
28.6908
28.7010
27.7391
24.9803
28.6062
28.4678
29.0748
28.2385
27.3975
28.5329
26.8521
25.0978
26.8731
27.9742
26.3244
27.8692
31.1549
33.0924
32.8952
30.9152
32.7972
31.2193
33.3094
28.6532
28.5531
28.1100
28.8683
32.3211
29.6939
30.1360
31.3989
34.6795
33.6217
30.9959
35.6968
34.2529
32.9117
31.7214
32.6038
32.7614
33.6742
26.9500
28.6963
32.1227
30.5069
30.2437
29.3074
33.3020
31.7372
30.0550
28.2291
26.8389
27.9108
27.3181
26.1543
30.1538
31.5116
29.7277
32.6481
29.5055
26.6370
28.3136
31.0895
31.4931
27.4273
26.3188
29.5341
28.7701
32.7461
29.4325
30.8204
27.5077
27.9963
29.0751
30.0198
28.4589
28.8317
30.0468
30.7631
27.8852
30.5200
33.4756
29.0215
31.9096
29.3543
27.8576
31.0684
26.8899
29.2521
27.2181
26.7306
26.3600
27.8528
28.2399
28.9259
30.2355
26.6350
28.0836
40.2576
31.8851
29.9804
28.0460
30.7408
29.6092
28.3036
29.5012
29.3018
28.9754
28.7982
27.8631
27.1006
29.8908
28.0288
26.0103
27.7346
27.9245
26.3051
32.3525
33.3167
29.2178
33.9385
30.1525
34.9787
29.8005
30.4217
31.0115
31.5575
33.9045
31.6775
28.9938
27.6156
31.9209
25.1872
29.9465
27.7665
27.7692
29.2271
36.2364
29.6666
30.2116
30.3691
34.2028
37.3750
32.1016
38.7588
30.6237
31.0111
26.3648
27.9699
27.5479
29.8474
29.0518
27.3997
27.2186
30.7243
30.4161
29.7381
26.9433
28.7689
26.9409
27.1654
26.5230
27.8791
36.7649
30.3510
33.5194
29.9443
34.3191
31.2422
38.0999
33.3068
26.7759
26.7061
30.5069
28.5679
27.4420
27.2102
24.1789
24.1043
25.5920
28.4831
30.0770
26.8885
28.7791
26.3974
27.0285
34.5807
35.3052
35.9105
34.1461
29.4896
34.8355
29.3540
28.6667
27.8804
28.7715
31.7572
29.5718
26.6420
32.7160
32.1372
26.4657
26.7058
24.7663
29.2364
28.2618
30.6719
31.9520
30.2452
31.8398
27.9501
29.5351
30.2300
29.7705
32.1791
33.6854
31.4660
31.8048
33.5159
30.3760
32.2816
33.2061
32.3394
30.9770
32.9693
30.0333
29.0111
28.8318
30.8420
29.5196
25.9490
28.0677
37.1667
28.1365
28.6280
30.8725
30.8343
26.1424
29.6570
28.5536
27.5621
34.9069
27.3271
28.6870
26.1129
28.2506
26.4839
31.9731
30.0215
35.5550
27.7330
28.7468
29.2055
27.3130
28.5829
29.6001
31.6250
32.4365
31.7805
28.0594
33.6746
34.4675
33.4923
37.8647
30.6786
29.3842
34.1998
39.4455
29.5164
30.2837
27.0939
32.6246
30.0801
33.1919
36.1060
36.7502
28.5271
38.5212
30.6533
29.1965
30.9821
29.1684
28.0406
31.3833
32.5441
29.6633
30.3383
34.0474
34.5275
33.8564
29.0439
31.5104
35.3692
38.0999
35.3593
28.6434
31.7048
28.4367
29.2271
31.2015
32.4546
30.7899
30.4278
34.5930
35.6963
34.8268
34.5790
35.9798
36.2143
35.3605
28.9064
34.9767
33.9253
30.0598
30.6987
32.7423
37.5781
35.6026
33.9680
31.2183
34.4258
31.6137
33.0416
35.3519
29.3044
30.6335
32.2467
29.6981
35.8164
31.1036
31.9510
31.6786
29.2628
29.1914
29.1347
31.3514
30.9604
30.6751
29.8005
24.4475
27.6226
24.4618
30.4993
34.3561
27.5008
31.5187
33.1893
29.3880
31.4450
29.5915
27.9329
30.0728
28.7029
28.1466
27.4681
29.0199
29.1365
29.0261
34.4346
29.8157
30.9529
30.0403
29.6686
26.3702
26.7475
26.2170
27.2885
29.8965
29.2431
29.8993
27.6349
26.4142
27.2464
29.0837
29.4769
31.3164
30.9163
31.9682
33.9012
31.4048
30.5088
30.5788
27.1511
27.8985
28.0011
27.0089
27.6904
29.2324
27.8922
34.1331
33.1420
32.9517
30.1222
26.9835
33.9738
34.1305
27.9612
31.1372
34.6693
29.2635
33.4190
32.6885
34.4140
34.1208
33.2725
30.8113
31.5031
28.5317
29.2300
26.0832
26.5710
30.1307
32.6287
28.6696
29.8883
31.1832
30.4055
32.9199
38.1126
31.3737
35.6513
26.9437
29.5472
34.9954
32.6465
28.6963
29.3961
26.8124
32.0924
26.1056
28.9399
26.4486
26.2543
28.1901
26.1291
27.3420
26.0064
26.7070
25.0997
27.1319
26.5188
25.3034
24.0948
25.6108
26.3159
26.6168
24.8691
25.1630
26.4150
27.8910
27.3417
26.8791
27.9674
29.4538
30.4595
32.9365
29.8886
27.3364
28.5378
29.4933
31.9578
32.9264
31.2233
31.1408
33.5824
35.8219
32.3055
30.5861
38.9839
29.0722
36.4664
28.8767
30.4399
32.6496
31.5239
30.5977
32.4942
26.6111
26.7336
26.6543
25.9365
31.5296
34.2825
29.2251
24.4835
31.6103
32.4617
28.1451
31.0222
31.0023
31.4199
28.2024
24.9879
34.5923
27.0609
28.8967
29.4628
29.7205
32.1564
28.3016
34.1760
30.7183
30.6644
27.6295
31.4503
33.6495
27.2487
27.0179
29.7398
33.2221
32.6117
28.4339
29.1033
32.9440
32.5977
30.1768
30.2386
32.8540
26.1983
23.0829
25.8336
25.9809
26.5443
26.3498
23.7174
26.6077
26.9785
28.1470
29.6274
32.7748
29.0573
28.0752
26.4449
27.7159
26.5845
27.7984
24.6968
24.1151
27.9722
26.5309
29.2310
31.0250
35.1099
33.4596
31.0448
31.5895
24.6647
28.0062
32.2833
34.3569
34.5539
29.6362
31.8218
29.6347
29.6649
31.1706
30.4070
28.0102
30.7470
28.7650
24.3826
29.9708
31.4792
32.0175
30.4632
27.4761
31.2026
29.0981
36.0345
29.6800
33.8749
30.0853
33.6571
26.2109
24.9700
28.4556
29.9131
29.7832
30.1279
26.1446
30.8050
27.1969
30.8608
31.2064
34.3198
31.1636
27.9279
28.1443
31.5560
31.7870
28.5822
30.3549
27.8503
28.0867
29.5733
28.9920
26.2376
27.9956
27.4423
25.3105
24.9517
25.2914
26.8012
26.9022
27.4075
27.4986
24.5324
28.2685
26.9570
27.5471
26.2027
27.0945
27.0360
27.0117
24.1828
25.2713
27.1505
27.2860
27.1211
27.2797
27.3142
28.4137
25.3695
28.6379
31.5940
28.8730
25.8052
32.4716
34.6301
27.7363
28.2482
27.9501
26.6715
30.1164
26.9575
32.6475
32.6450
30.9945
29.4088
28.8165
30.5679
25.8866
33.3829
30.1396
31.4047
30.8126
30.4451
29.5033
31.0903
31.0204
30.6838
28.3688
33.2050
27.6690
30.2285
31.7297
28.8940
29.9329
26.5057
27.2935
28.4080
30.6314
29.6164
30.4532
31.4635
31.3570
27.3616
27.9280
26.2736
28.7178
25.5881
27.4212
29.8670
34.0498
29.7788
28.5534
32.2173
31.2111
30.9496
28.3991
28.0679
29.0746
34.2335
32.4105
26.1478
24.3978
31.6618
28.0267
28.3456
31.6475
28.9503
26.1748
26.9039
29.5953
30.8505
30.0837
25.7609
28.8822
29.2285
28.1930
27.5511
26.0091
26.2200
24.5788
24.8333
26.0476
24.1854
27.9535
25.8998
29.2764
27.8165
31.0520
28.7899
30.8890
26.5737
24.7999
28.3072
25.0252
28.6212
28.4532
27.6503
30.4837
29.9684
30.6495
25.7551
28.1934
27.6497
27.2618
25.0947
29.6807
29.0295
27.2779
29.9760
26.2061
28.8209
27.1704
24.4075
25.0568
29.8815
28.0885
32.7169
28.8505
32.4563
29.5507
31.3144
28.3685
29.0058
29.4821
27.8244
28.9208
26.4090
25.9901
33.0726
32.0073
30.3381
26.9851
31.3449
28.6542
24.3311
27.9647
28.0706
25.0218
28.5183
30.2646
29.9269
30.6115
27.3652
24.2660
26.5232
26.0158
24.3357
23.3049
22.3790
23.5578
25.3566
23.3672
24.7014
27.5910
25.8086
24.8899
26.7948
26.8129
27.7378
27.2156
32.8770
27.3593
28.0905
33.1417
34.7994
32.1044
30.0691
26.4752
27.6477
28.6019
30.0258
27.9849
31.1423
27.6067
28.9099
26.0673
24.5574
26.7561
29.6274
29.4091
27.2798
30.4384
28.1004
24.9479
30.2748
29.7045
27.6195
34.2697
26.7820
28.7557
25.3451
30.4822
29.2148
29.3636
26.7641
27.9032
27.4628
29.0535
25.8509
26.2274
23.7309
23.8161
25.6742
26.7555
26.9581
27.7628
30.2434
25.1880
28.9301
26.7557
29.2571
23.9629
24.8503
31.2905
27.0981
29.7322
26.6266
27.5857
29.6778
28.7701
30.7530
27.6525
34.2187
33.6262
34.8890
31.9271
27.1591
26.8459
28.5919
28.1042
28.1727
30.7915
27.9346
34.2838
27.3844
27.3653
26.6080
31.2038
27.7175
30.0725
26.4021
32.3615
31.8579
29.6146
28.5922
26.5442
31.8106
26.6022
32.0030
26.6577
30.0156
26.7350
26.8823
26.2671
26.3567
33.5791
27.0917
29.0390
29.3328
32.9300
27.3546
29.1716
30.6819
28.6981
26.8449
26.3331
27.3632
29.7429
28.4900
28.5649
32.4574
25.0435
26.7308
31.9161
31.1999
29.4512
28.4919
25.2042
25.8152
27.4871
30.9384
31.7933
26.6277
25.9232
25.8087
26.0215
25.2414
25.1545
31.6254
31.3370
32.7178
31.5876
31.6731
35.6184
28.2751
26.3015
26.9769
30.2068
32.9307
33.2759
30.4590
31.8923
29.4457
26.8272
37.3378
31.0907
29.0271
26.6183
28.7002
28.3432
27.3132
25.0148
31.4446
28.0111
27.0195
29.7451
30.2588
28.6652
27.3715
26.5040
24.5376
28.5994
28.1834
29.1758
26.7208
28.8525
24.2406
23.6497
26.1206
25.6988
26.9776
30.0399
34.1351
27.9375
30.9062
29.2591
32.9518
30.1779
28.7683
27.0140
31.3594
29.9495
29.4708
31.9810
30.0964
28.9945
34.4938
30.4701
32.1510
30.0561
35.7913
27.2814
33.6853
31.1020
32.0388
27.9062
31.4961
26.7610
29.4907
31.5167
37.6939
44.7525
38.2059
37.1597
35.6060
31.9546
30.6109
30.2264
25.8320
29.1983
27.4931
28.9238
27.8797
30.6311
28.2784
31.3709
32.5786
34.8025
34.8344
34.3635
33.5679
30.5092
31.3885
26.6158
26.7174
28.5336
29.1509
31.8941
31.4956
29.5774
31.4608
32.9485
33.8614
27.6087
31.4956
32.2442
32.5448
32.8289
30.8074
33.2522
29.3865
32.9379
29.9437
27.5229
27.5380
34.0532
28.8208
27.6188
26.1632
27.4006
27.8573
30.8467
28.9665
34.0981
37.1096
30.3023
29.3863
29.7242
30.4278
27.7034
41.2381
30.9509
32.3915
31.2260
29.8835
29.2693
27.5230
31.4826
31.2749
27.5651
31.4636
30.6914
28.5091
29.5984
28.5967
31.0374
29.7355
26.2382
27.3743
27.8097
28.9289
30.0551
35.5510
34.4605
33.9964
33.2876
29.4338
34.3394
25.5876
26.5778
24.6529
24.4450
24.7015
25.9166
24.4344
26.3159
25.0877
27.2453
25.5407
28.5720
25.9269
28.6626
29.3309
35.1071
34.5186
32.4667
37.0724
30.1445
26.2495
34.6972
31.4364
29.0797
29.1918
28.8923
38.9791
29.8641
29.3115
27.9596
34.8307
31.9524
36.8086
34.3846
29.2483
27.0666
29.4100
30.0043
28.3098
28.7949
29.5634
27.8986
28.7007
33.8813
28.1026
29.7466
29.4375
29.2681
27.8855
28.2027
31.5617
31.9775
27.7241
28.0924
28.9957
29.1823
25.6418
26.0692
27.7713
27.8120
27.5192
27.7652
26.9391
28.1554
28.0803
33.4991
30.6178
27.2135
31.5414
31.5417
36.0369
31.7045
31.2710
33.1312
30.8519
32.5436
28.8386
30.7680
31.6687
33.0647
28.0066
29.5074
35.7081
30.0476
33.5135
31.7079
28.3456
30.0641
28.1763
29.3969
28.1336
29.2914
29.1208
33.1580
31.5139
32.9050
31.3818
39.9066
36.3503
36.9246
39.8602
32.9771
32.0359
28.1632
32.9179
33.3735
35.6830
31.3110
32.8146
36.9104
33.0213
34.3046
35.1919
36.7634
37.2011
31.6293
31.5281
36.3221
37.6951
30.4247
33.9581
33.4525
34.4599
28.3262
32.1917
29.3371
28.0387
28.4107
31.5189
25.2268
34.1482
24.2590
31.3348
32.3222
28.2640
32.8124
37.0765
30.4715
31.1306
40.7450
35.2654
32.5157
30.2818
33.2521
30.5708
31.2846
31.6532
27.3869
28.9894
29.9912
31.7563
33.8867
35.9536
35.1768
38.0004
36.1454
34.7000
28.8401
33.0862
31.8426
27.8664
32.3770
32.5364
29.3436
29.6721
28.1972
30.6107
29.5967
35.1904
35.2547
35.0837
32.2702
31.4116
33.7218
32.0685
33.7539
32.4462
33.9038
26.3217
25.8758
27.9560
25.8234
33.9109
32.1548
36.5608
33.9503
29.0769
29.0514
27.5769
27.0758
28.4621
33.3043
31.7011
28.2178
30.4273
29.5425
31.8413
42.8517
32.3950
31.8018
30.4498
30.3739
31.9671
31.3475
33.6071
29.5733
30.7305
33.4662
27.1350
31.6828
33.0190
36.2459
34.5801
31.1068
29.1319
28.7693
28.5617
29.9288
36.6188
30.6905
29.2912
27.7743
31.3942
31.5276
29.3610
34.3277
31.0225
32.9783
34.1510
30.5637
25.5597
37.9743
39.1233
31.9783
34.7576
29.5085
28.2886
35.8320
32.6858
30.3616
30.6581
30.8927
32.4031
30.3370
28.6154
29.1951
29.6005
27.0788
29.4821
27.3156
31.7527
29.5611
22.7227
24.8335
27.3684
32.5353
34.3080
34.3088
34.7891
31.3172
35.2790
35.7401
29.6146
33.8813
31.3764
33.9512
29.3855
30.6311
31.2982
27.6474
25.9642
27.5985
28.2691
30.5755
31.1771
28.2258
39.1169
27.1040
31.5670
29.1663
27.0738
29.5064
34.0007
31.5131
33.2303
30.2720
32.3446
32.4985
32.7019
31.8501
34.9383
29.9217
24.5594
25.8802
27.0519
29.2821
29.8234
28.0080
30.4694
30.1687
30.9637
31.8916
28.0881
35.3413
28.3111
24.2988
26.5268
25.7694
26.7079
30.1979
33.8207
34.0062
34.9086
36.6070
32.8494
30.7274
25.3716
32.9147
35.5821
29.9444
32.6257
33.9436
35.8294
28.3437
38.8913
32.7014
34.1351
36.3526
32.0574
29.5276
33.8644
31.9270
32.2994
32.1520
30.5705
37.3874
34.7709
35.3459
34.5285
26.6319
28.0609
26.1952
26.5067
25.7336
28.3701
28.5446
26.9347
35.1650
33.6874
34.8440
31.9365
29.8319
27.0864
27.1674
26.8970
27.0054
29.5860
27.4136
29.7402
27.8161
28.0282
32.7590
26.6153
33.2004
32.7206
32.3666
29.8762
30.0547
32.4746
30.1230
28.0983
28.9039
25.0093
24.9750
28.0843
37.4562
28.6794
27.5090
32.4318
34.6845
34.5124
36.7108
32.1651
32.3540
34.9194
35.9145
33.2441
32.8773
33.6131
32.8887
30.3337
27.1613
28.2575
32.2109
25.6079
25.9053
28.1577
26.3941
27.6042
27.7777
29.3842
28.2710
29.3939
29.6778
30.0007
31.0858
34.5339
30.6567
30.6263
31.8804
30.0931
28.7843
28.0915
30.3375
29.3486
28.6228
29.7169
26.4843
30.0546
25.3997
29.1998
25.2155
30.4084
33.5644
30.3039
33.9343
27.8983
30.0329
32.5856
35.9197
30.7700
28.7495
28.3380
30.7798
33.5285
35.7893
30.2689
35.9515
31.1288
30.7103
27.2445
28.1099
32.3265
28.9907
29.3724
31.6997
28.2870
24.0574
26.9284
24.1432
26.1692
30.7482
25.1295
27.7915
25.4161
27.3277
29.7886
26.2441
28.3988
27.9156
28.4882
32.6096
31.2340
28.5871
28.2036
28.6229
26.7285
25.8216
26.8050
28.7188
27.7517
26.4456
24.8231
25.2366
25.6312
26.3370
30.5759
26.3726
28.9738
28.0554
30.4503
26.2752
27.3064
25.3258
27.2509
25.4620
25.7300
25.0834
27.8925
27.9830
33.0995
25.7852
28.3679
32.6769
26.9376
25.8400
28.7577
26.2141
27.2852
32.4950
29.1390
25.8789
26.0784
26.1387
24.9259
29.0713
26.2326
27.0650
27.7138
26.6132
27.1108
27.5950
31.2671
30.3334
30.9196
28.9027
30.1053
27.1872
30.8546
27.8312
26.5843
26.0952
25.7172
25.0698
28.1053
23.9480
25.2978
26.9334
24.8984
24.9157
25.0752
26.6191
26.4564
27.2776
25.2980
28.6886
25.3295
28.1626
27.1455
28.4965
29.6970
30.4180
28.8182
29.9313
29.1907
25.4253
34.0841
27.7068
25.8470
31.6058
28.8997
24.7669
26.6235
24.6086
26.1417
25.6871
24.8411
25.3468
24.9180
24.0351
25.9850
26.2732
27.5055
28.2647
25.0552
26.7459
30.3772
35.5507
26.9721
31.3181
31.4461
27.7767
34.2309
31.4114
29.9442
26.8485
28.0307
30.0603
29.3470
30.4133
27.2925
25.4249
26.7808
25.2885
31.4857
26.8480
26.5556
29.1784
28.3385
27.8612
31.7529
27.9572
32.2403
30.5787
35.2893
29.1899
31.6177
30.8744
31.3983
28.3395
23.9585
27.5276
28.5243
28.2046
28.1572
27.2608
33.5147
33.0427
32.3122
27.3432
30.9627
33.4435
30.1798
29.8995
29.1409
29.5531
36.9419
35.8932
31.5592
28.1853
32.7948
30.4942
34.1966
28.9008
31.9459
32.1663
26.4785
25.0623
26.8102
26.3188
26.6102
30.5102
28.1310
35.2029
24.4224
24.0654
26.2387
26.2334
26.9319
27.8747
28.9632
30.3789
29.7788
25.3183
25.5459
29.8250
26.9258
26.5140
23.9147
23.8760
25.2877
25.4344
25.9580
28.3017
28.7381
26.9787
29.6831
29.9785
25.4135
26.6986
26.9603
30.0399
32.0321
29.6435
25.6052
25.0675
26.2161
25.3569
25.8462
28.1861
28.8940
28.6742
27.5119
29.5708
31.6750
27.1439
30.4364
26.0378
25.0193
26.2784
24.7069
29.3255
29.7397
25.1810
28.2824
30.3030
29.4093
36.4622
32.4388
25.0998
35.8806
33.4633
27.2744
26.1078
26.6063
26.0409
23.9105
27.0595
27.3660
28.6424
25.4053
26.3145
26.0959
28.0558
25.9905
28.8486
27.8281
27.1450
27.9205
35.5385
37.4852
35.9499
35.6250
39.0253
35.4388
33.3557
33.7048
25.0934
25.6223
24.3541
25.1517
23.4159
25.5919
30.2242
34.0893
27.0969
30.6922
30.6370
40.1477
34.5872
26.5290
26.8000
31.3662
26.7076
32.8799
35.6615
25.7714
24.5857
29.3542
29.5411
26.5326
29.2785
29.6090
30.6156
31.5886
27.0859
31.5502
25.2501
26.6175
26.3078
27.9509
28.5406
22.8248
23.2204
25.0390
33.7000
32.1942
28.4308
30.3753
26.5610
29.0497
27.7604
23.8662
26.5608
23.9774
27.2184
25.2306
23.5906
24.1671
23.9272
26.5585
26.8768
24.7994
24.7013
26.5851
28.8611
27.5871
29.0113
24.9545
30.0291
33.0694
24.7928
29.4358
32.6598
31.6760
38.3683
27.9135
26.6521
24.4475
32.1391
27.8589
25.0213
32.5540
28.6704
32.6811
30.9159
26.8904
24.9730
27.1815
31.5508
25.6051
24.3833
24.3378
33.4939
31.3340
27.9936
25.5996
31.9463
26.9714
25.7049
30.2070
28.4748
26.5541
28.5077
27.5077
32.4011
32.1024
30.3404
30.0480
27.5437
25.3818
28.9177
26.6034
25.8594
25.4276
25.1093
25.0877
25.4876
26.7801
25.5625
25.4522
24.9869
24.4292
25.5885
24.6138
23.0338
23.4834
24.5244
25.0357
27.2070
29.7694
35.2431
34.7751
33.3987
26.1311
25.7355
32.8726
30.8000
25.9548
24.9530
24.8137
28.0301
28.9822
25.5672
24.5574
28.9925
26.5804
26.6679
28.0048
27.7481
27.1102
30.7000
25.0242
24.7411
27.0182
28.5435
26.5852
29.3825
27.1330
25.0060
25.6795
25.0668
26.6930
24.4151
27.1671
27.5645
27.2564
25.8500
26.8151
26.5393
26.9492
27.1646
25.3568
25.3150
24.5045
25.8816
25.7554
23.6047
23.7003
24.8120
23.1286
24.3192
24.1587
23.6147
24.6179
33.8331
28.5275
32.9188
30.0506
23.5005
24.0007
24.1078
25.5625
26.1690
26.4716
26.6456
27.2880
29.5744
28.4904
26.4339
26.1140
30.3793
29.6948
26.3952
28.4924
26.1974
23.9809
31.9824
27.5542
26.8149
29.0039
32.0191
31.2064
30.3662
34.4580
29.0684
30.9795
33.8236
26.2017
25.8642
26.0955
28.4495
26.0904
29.4588
26.1350
27.2654
29.7912
25.4964
25.8266
27.6068
27.0558
26.4637
27.3891
29.3898
27.3736
25.7257
25.7359
24.9735
28.8672
34.9886
28.2007
26.6466
28.1192
26.5450
28.3288
34.7865
27.9293
29.2580
29.1572
35.3695
29.1699
26.6760
26.0296
26.7077
24.7445
33.4072
27.1402
24.1176
28.3268
26.2440
24.7627
28.3112
28.3085
25.9069
28.2680
27.2768
28.8521
28.0567
28.4753
26.7771
28.3837
29.9104
29.4416
25.1883
30.2074
27.1593
26.2029
31.2396
31.5343
37.0098
26.3686
37.7847
32.5926
28.2032
28.5774
26.0845
28.3126
24.6191
28.4871
35.8456
28.1576
26.1851
30.3081
26.5146
24.9903
26.2565
32.6294
31.4179
33.0927
34.6770
27.7790
30.6016
32.0605
30.1327
28.2775
29.4752
28.0550
25.6305
24.3526
26.7183
30.0052
28.0078
30.1488
29.9483
29.8198
29.5743
28.9937
30.8808
26.4866
30.7048
27.4391
26.1969
30.5068
29.2305
26.2335
25.8084
30.7718
25.5900
26.3894
28.7778
30.7012
29.0766
33.7161
31.4156
26.9153
25.3439
28.7892
28.8476
25.0018
25.6877
28.9747
30.7070
30.4394
28.9250
31.3951
28.0752
24.8483
26.3660
25.5891
23.9506
26.7391
30.7868
26.5355
26.6105
25.0486
26.2261
28.3680
35.7744
29.0505
33.0074
31.0296
31.1686
32.8295
35.2219
45.9497
30.7361
29.3811
31.5549
25.7027
26.9024
24.5068
27.1338
31.1324
31.1169
29.5099
29.1597
28.8666
29.2815
28.8133
28.1060
25.6334
28.8926
26.6372
27.1837
30.1068
26.9879
30.7072
28.0649
27.3231
29.1254
32.1332
30.5352
29.0708
29.7031
28.0458
28.5457
29.6895
28.2179
30.5094
34.3219
27.9768
31.2756
29.2744
33.1888
27.4294
30.5076
33.3630
30.8039
29.1134
28.0880
28.3381
25.4923
25.7326
28.2493
32.7216
30.8358
35.3589
33.9120
33.4157
27.1380
34.0919
33.3583
27.2092
31.2967
28.2599
25.6773
29.6648
28.9494
28.1645
28.6058
27.6367
27.4932
30.8340
26.5887
28.1367
28.3025
28.8353
32.6958
32.4571
35.8847
37.0823
29.7832
31.0497
35.0111
32.9371
31.6881
35.3400
29.2294
35.6120
31.8084
31.4365
30.3989
28.1971
30.1880
28.8812
28.8467
29.8048
31.1156
26.8208
27.9207
28.9077
25.7766
25.5985
30.4901
29.6898
30.4696
31.3804
28.2800
28.8834
33.7237
32.8964
31.8068
31.1847
29.2359
30.7654
31.1105
33.9268
33.1906
29.9898
28.8471
29.6012
28.8615
29.9867
32.8101
31.2912
31.0276
26.9745
25.9438
41.2415
30.6579
30.9081
29.9174
30.1802
27.5552
29.6514
28.3674
34.6893
40.8838
29.6129
31.8851
28.7349
38.3315
37.8024
29.6783
28.2586
27.6432
26.9661
28.2976
29.6886
28.4815
33.4626
33.8952
30.0362
33.8092
32.7340
33.3555
31.4348
32.7260
29.9634
35.1911
35.9997
35.3958
37.9317
33.1222
28.7274
33.6485
34.1697
30.8075
32.2348
32.4669
32.6882
38.1634
37.8570
35.3234
35.9014
26.5192
32.9977
32.8998
30.7126
34.3603
30.7389
30.5977
36.6781
31.8565
32.6885
38.4445
38.6586
38.2826
43.9542
37.1555
34.9507
35.9231
31.3119
35.9462
38.3124
35.8335
30.4208
33.2796
35.0037
35.6695
26.1967
28.8076
28.3597
25.0132
29.2123
27.2863
37.2169
34.9717
31.4874
37.8071
39.3506
35.9025
29.1149
27.6549
27.0656
24.6671
26.2546
28.5289
30.2242
32.0645
35.6294
39.9551
28.9041
34.5888
27.7091
31.1002
25.1421
25.0826
25.8070
25.3719
30.6795
27.5905
27.5159
29.1800
27.2584
31.4332
36.5549
26.8798
34.6543
29.1156
26.3389
26.8233
30.6231
28.3377
29.8243
25.2577
24.8432
26.4111
28.6649
27.8312
27.7344
28.4146
29.6632
28.0491
31.6828
32.1077
33.4455
26.5187
29.2503
30.1171
33.8069
34.1654
31.5260
31.7169
29.2332
26.8384
27.6076
29.6812
31.6445
34.6833
25.7085
31.5225
26.6853
25.8710
26.4944
30.7932
26.9467
31.8151
29.7251
29.5020
30.3188
28.5743
27.2463
28.1533
26.4439
25.9020
25.6837
25.1170
25.8741
25.4434
26.6034
26.7855
29.6296
27.9574
31.0666
32.5653
28.2334
28.2356
27.7399
27.6971
26.1385
30.2397
28.3606
31.7402
24.1959
25.5285
30.9219
23.1370
24.7777
26.7243
27.2139
28.9080
29.1347
30.3173
30.5916
28.8943
33.1676
27.5771
29.0101
28.3026
23.8556
26.4143
27.5834
28.7356
29.6124
29.6877
27.0146
24.5283
24.8165
23.0336
24.4086
27.4960
26.7517
26.8478
26.9491
26.0006
26.4592
25.2346
25.6008
27.9785
25.4129
26.9051
27.3828
23.9955
29.6509
28.2055
27.7232
29.1427
27.6499
32.9010
26.2442
29.1938
28.4856
26.8843
26.5009
26.5607
27.9879
29.0375
33.4623
24.9302
28.1620
27.9299
28.0137
26.1624
28.1191
29.0774
28.2724
26.2697
29.4242
34.2436
39.5802
39.7658
25.7679
26.2116
27.0793
26.4511
28.1848
26.8028
29.5405
28.0602
31.6937
31.9351
31.8112
26.4915
24.8348
27.5087
30.0614
29.4288
25.0946
27.3199
27.3373
26.4499
28.0575
24.1503
32.4083
25.5826
26.4233
28.8958
29.2359
26.8741
25.1777
29.2656
29.9304
30.6576
24.7653
29.9105
24.6476
28.0588
28.3338
27.0465
26.2890
26.7558
28.7446
29.6246
25.8103
27.6865
25.7767
28.6975
26.0272
26.7539
25.1480
28.1213
26.9754
29.5899
28.4753
28.0860
25.4011
28.1445
31.6803
27.2144
26.8031
29.7142
28.5080
27.2249
24.3782
24.9199
26.4922
30.0357
29.4163
26.6315
26.9771
26.6255
26.7741
24.5137
26.7903
25.7061
24.1201
30.5765
26.7982
27.5194
31.0640
33.0074
24.6046
27.6802
24.6128
26.9231
26.9038
26.0989
26.1769
25.1163
27.4369
25.0540
25.4648
25.2522
25.8216
28.9467
26.4418
26.1065
25.6796
27.8719
26.3669
27.3235
28.7074
25.8379
24.1517
28.4788
27.0223
26.5073
28.2750
29.7765
35.2491
29.1952
29.2454
26.4980
24.7277
28.1862
28.7782
27.5493
25.1070
26.8269
31.3273
31.4083
30.4571
26.5623
28.3336
26.5701
25.5730
31.6975
28.3674
30.3366
27.8596
25.8546
25.9516
24.0051
25.7741
24.6473
27.8601
28.3452
33.1080
24.7137
27.7287
22.7341
26.7365
30.9841
30.6604
27.2774
26.3892
28.2087
26.4860
27.4473
24.9143
25.2764
25.1321
25.5462
25.1524
25.5231
26.3119
26.2262
28.2706
26.5053
31.9199
30.8849
37.5942
35.9925
35.6918
36.2237
30.2391
33.7363
26.0195
30.5499
30.7938
27.7612
30.0094
30.2779
26.8365
24.2968
27.3277
26.2548
24.6678
30.0774
30.5611
29.4285
24.6630
28.4967
26.4347
24.4761
25.6624
24.9239
25.0055
27.5125
34.8676
32.8241
30.7074
26.3686
36.5035
26.8949
27.0352
31.4326
32.2948
33.6252
26.2522
27.0706
27.3285
25.5834
29.2672
27.0004
26.8386
27.7550
28.9349
28.0019
30.3889
25.2192
31.5362
24.6323
27.3789
29.9689
30.8370
27.2707
24.3686
26.8779
26.4413
29.7996
23.8001
27.9430
24.3657
27.2903
25.9882
30.5835
31.6875
25.9478
30.3748
30.0190
25.4023
30.1619
27.9388
27.8256
27.5763
27.1330
28.4904
26.6007
24.8983
29.2518
30.1647
27.5309
25.9146
24.7066
27.9203
25.0532
25.1581
26.4876
26.1779
27.8487
28.4290
29.2761
25.6251
25.7865
30.3006
25.8789
26.0489
26.9269
28.9753
30.7295
28.8314
30.0911
29.4763
26.5017
27.2963
28.7916
28.2860
25.8923
27.7774
25.4924
25.4572
23.5246
27.6965
31.6097
31.8389
31.4807
40.1915
23.4395
25.5642
22.5892
25.2810
26.3988
26.0365
28.7955
25.9308
29.4772
30.8203
33.1426
33.7093
27.7400
25.8971
27.0137
29.5076
31.8711
26.0912
31.4938
34.5267
33.3640
36.7433
36.2947
33.5459
30.2713
30.8949
31.2778
28.9622
31.7403
28.9577
31.2684
26.2135
25.4894
25.2186
29.2767
29.3488
29.3788
30.3773
26.8785
23.4060
26.4119
24.7340
27.1456
25.4388
26.4054
29.2855
30.3668
28.8074
25.6913
25.1760
27.8929
27.8764
28.2628
29.4865
29.2694
32.4919
33.0901
33.1926
27.7081
32.9615
30.1046
30.4720
32.9416
32.6585
32.0362
31.1374
27.9873
31.9119
34.8974
36.1304
35.7141
34.6589
34.1664
32.3014
32.1528
29.4177
29.7822
25.5278
32.9054
34.3267
33.5137
26.6025
30.0820
26.9836
26.5713
29.6230
34.9186
29.8268
29.6725
33.6754
24.7290
30.3370
24.5250
26.3156
26.3941
29.2469
31.7916
28.3118
38.4581
31.2971
29.4504
27.0020
26.8746
27.3369
26.2107
25.9862
26.6903
33.1717
34.3854
35.6029
30.6391
32.1239
25.1006
26.3428
32.3860
26.5519
32.1744
30.5510
32.4640
29.2786
30.8857
28.1527
37.0048
33.1106
32.9407
32.0156
30.7919
33.8655
27.7683
25.7379
31.3552
34.7177
28.4253
26.5156
24.6569
34.0292
32.9572
31.0676
30.2681
35.1293
29.0771
31.1318
25.2399
31.5190
25.0427
26.8963
25.8639
32.9216
27.5254
37.5603
35.2651
26.3436
26.1953
26.1662
27.7551
29.0768
27.3237
31.3408
25.5879
27.8987
25.6489
25.0010
24.4685
25.0360
25.9035
25.5203
25.5168
25.2825
27.4314
26.8093
26.2368
26.7176
27.5304
28.1382
28.1243
27.6960
28.5283
29.1202
28.4868
26.2356
25.6850
24.9887
26.3439
26.8976
27.4422
26.0959
25.6016
25.1955
27.4831
24.7218
26.3522
26.9920
27.4521
25.6669
24.2798
24.3547
24.3724
26.8329
24.8615
25.4775
25.2248
25.1085
27.5212
24.7850
26.9366
24.3793
28.7075
24.9251
25.4216
28.7046
27.4602
28.2027
26.4543
30.2263
24.8988
24.2543
29.7358
25.6903
25.5641
26.7358
27.7281
28.2191
25.3520
26.2102
30.2427
28.7708
27.4975
35.0226
36.8000
34.4249
32.6485
32.5208
28.4368
27.4898
24.1907
26.8068
29.8014
27.7736
32.7545
25.3393
26.0410
34.2406
27.3493
27.8799
23.6426
25.1392
26.4462
28.1656
29.5550
27.5180
28.0462
29.6140
26.9426
25.0585
26.1663
26.2772
25.1887
25.6499
30.5899
31.2157
25.7084
25.7532
27.8620
23.4093
25.0514
29.4013
26.9609
28.0456
29.7106
26.8465
26.3093
28.9943
26.1042
27.9599
28.4005
29.5476
32.6036
31.8812
27.2800
35.1720
36.2070
28.4881
26.7551
30.6717
25.3196
25.9547
28.3672
33.0776
30.9575
28.2382
28.1960
29.7209
30.2317
31.8189
32.0073
32.5208
33.9496
30.8223
27.6692
31.4026
27.5180
29.8072
23.9767
23.8090
26.9334
30.1393
24.8784
28.6437
28.9481
28.3433
27.0423
34.5892
28.1759
28.3404
32.5457
24.3332
26.4541
26.6057
27.4696
24.7108
29.5211
27.3752
26.9763
25.8745
26.1359
25.2227
24.9787
26.6954
26.2405
26.5396
36.1943
26.4570
26.7300
27.8142
27.0778
28.3718
29.8245
34.2956
32.8135
31.9262
28.5355
26.4123
29.1912
29.7473
31.0663
26.1312
30.2128
32.4499
28.1155
26.9812
28.8011
25.8805
28.3894
28.6872
25.4690
28.0875
33.8500
27.5036
32.2055
33.8398
23.8094
30.2128
25.3494
31.8551
30.3304
32.6266
30.6941
38.7056
26.9149
23.9256
26.0228
24.2146
25.2105
27.8990
28.5051
26.6785
26.7992
27.2114
25.7050
25.5458
25.2872
27.7870
25.9044
25.1942
25.9610
26.9360
27.6456
30.1068
26.4580
28.7085
28.8700
28.8409
32.1332
32.6430
31.0127
27.3299
27.5438
25.3596
26.6942
30.0595
30.7218
31.2040
28.2236
28.0639
27.2823
30.9538
30.5104
30.1560
23.1479
23.6769
28.9880
29.5886
29.9991
31.8359
29.6708
28.9456
28.6233
30.9689
27.1728
34.2679
30.8545
38.6617
33.6753
28.6523
32.5855
25.3049
27.9212
24.0909
31.1276
24.8738
31.1199
29.3968
25.5698
28.6890
27.1998
28.7330
27.9709
31.4075
32.6554
28.5541
30.1699
31.6926
27.2041
34.5662
28.1765
28.6583
27.6107
26.2795
29.3925
26.9525
32.8486
31.6771
31.0444
32.9590
26.3050
26.6592
26.5595
30.9764
30.8179
29.4610
32.1285
24.8867
32.6701
28.7993
27.8800
24.5249
26.9139
23.0475
23.7388
22.5727
25.6590
28.4966
23.8310
25.9884
27.2693
27.4228
26.7585
28.7128
28.9013
30.3335
25.7080
31.6654
29.8990
36.8178
34.0306
35.1318
31.7821
31.4442
30.4752
30.3065
30.3173
29.5518
32.0350
31.7826
36.7157
31.8848
33.2213
31.7006
33.7851
36.1786
30.7454
27.4471
29.9891
31.6520
33.7799
28.0088
28.8317
28.6183
33.3348
31.7469
29.0129
28.5729
32.2295
34.8009
33.1605
31.6108
38.2076
26.0108
27.2747
28.5465
32.3797
29.1654
26.2643
27.7849
28.3481
32.7358
27.8646
31.7378
32.4313
26.6494
32.7476
31.2725
29.7868
30.4917
29.5251
32.4853
31.7200
28.8220
32.0069
30.4462
32.9265
25.2338
27.8556
28.3306
28.4753
30.1268
27.2985
27.8991
27.5388
30.1147
25.6772
28.5195
31.2200
28.7334
28.4104
25.3730
31.8975
26.0442
25.8456
29.6657
29.9761
27.5167
24.8235
29.0950
26.7950
29.8724
28.8512
31.3636
30.2368
28.6784
34.3891
29.0702
28.5845
31.7497
27.1187
31.7411
31.0400
32.2187
29.2860
27.3133
37.5000
30.8149
30.0529
30.8621
33.9023
32.1311
29.3515
31.2205
33.3037
30.4763
32.7446
30.1367
27.4358
32.8926
32.7234
30.5556
27.7462
28.1502
30.0495
27.5829
27.0064
29.9366
27.8318
29.9866
28.9239
31.9552
27.6849
25.7539
27.0576
31.0796
35.2356
32.2958
30.1266
31.5843
36.1785
34.3578
32.5353
34.4152
37.4580
36.5489
38.5543
36.9632
38.0753
30.9819
35.4035
38.0766
31.9314
29.8070
29.3033
27.9421
25.1784
27.2545
27.0666
28.0466
29.0962
26.5671
29.7263
27.0589
26.5876
27.5685
30.3177
29.0663
27.2740
32.0459
26.8332
31.8442
31.7734
30.9827
33.4812
29.0138
27.5219
28.1211
31.7474
27.2718
28.1106
27.8436
28.8936
30.2108
30.4300
36.1817
32.8947
28.3640
29.0672
26.9999
34.7076
32.8819
31.3950
32.1138
31.7243
29.5230
30.5098
34.5919
30.3980
28.1600
33.7356
30.3771
28.7694
34.1153
33.8414
26.6393
27.9519
27.5222
30.3754
27.3617
25.7826
25.8418
30.3152
28.9238
27.9069
27.2678
25.0400
25.8829
27.8365
28.1132
35.1926
29.3549
27.0722
26.2118
28.2577
29.0416
28.0859
29.9814
33.4989
27.7947
23.7930
26.7124
26.7389
30.6720
31.6496
28.7858
27.8883
29.7219
29.5890
26.4626
26.0361
29.5745
31.9773
29.7219
30.9052
28.1269
29.1591
29.7906
29.5157
26.9927
26.2232
30.5770
28.3837
28.4121
26.8622
24.3919
24.6690
30.3248
33.2653
28.1820
28.8155
30.6322
31.2875
30.2637
28.1983
31.6687
29.2737
26.9892
29.2041
32.2309
33.6017
34.4736
31.5937
36.9679
35.7927
35.2914
33.1505
29.3928
27.5986
34.0760
31.1052
38.7405
27.9365
28.9478
26.8503
34.8191
31.1939
30.8841
29.1963
27.5602
33.1846
24.9351
28.0167
30.6280
28.4502
28.3981
30.7319
26.5256
30.2847
26.4882
30.8781
26.0900
29.4509
27.2016
27.1982
23.7794
24.5346
24.5886
29.0993
32.2744
30.7245
40.0579
32.0734
30.5749
31.6027
30.8188
28.9327
27.5489
29.1201
29.0227
27.2187
28.8307
27.6757
30.2655
30.4765
32.1841
33.0153
33.6153
28.1292
30.3351
32.4631
33.5890
29.5901
32.0667
26.6951
28.3109
33.5727
32.7243
34.7450
30.6644
28.4648
31.2345
33.9249
31.8949
38.2520
32.9671
29.8089
27.6488
26.9198
28.2340
29.8482
28.3776
24.5479
31.3000
30.2087
33.9031
31.8051
30.6808
30.7079
33.3219
33.5727
29.6599
30.7624
31.2653
30.5892
30.2696
34.4107
31.6548
30.5574
31.5237
31.1915
28.1768
31.2199
27.7425
30.6787
33.2051
31.3407
36.1633
35.4112
34.5172
27.4207
33.5470
26.2234
31.2498
30.2672
30.6127
34.2640
29.2022
27.9053
34.7291
31.4251
37.3008
30.7758
29.5504
30.8373
31.1512
33.4539
33.3634
36.8628
29.3745
38.2584
30.3788
29.9117
29.2823
28.6433
29.4987
28.5287
30.8086
34.8131
35.0156
41.5396
38.2811
35.7231
32.6126
29.2331
29.7984
32.0327
29.9575
29.6020
35.8986
36.3145
33.0885
34.3216
33.7538
28.7563
33.4215
33.3105
29.0555
28.6817
32.5528
33.0885
29.4449
28.5816
29.3193
31.8396
30.1265
26.7183
27.3058
29.6706
30.2525
28.4939
28.2520
26.6651
26.4775
28.8440
28.5744
29.0182
25.7025
28.5583
29.5072
28.0660
25.9296
29.3675
29.7414
34.5996
36.1203
31.8724
28.9472
32.2197
30.8128
26.3297
32.3420
29.4537
30.1045
38.8869
30.3597
30.2325
30.0834
25.0947
24.7264
25.2421
26.4997
25.0931
26.0701
27.0696
27.1616
26.6281
28.7838
30.0224
25.5644
30.3300
39.2967
36.6387
42.6309
40.3230
36.5664
37.0108
33.1811
33.4535
34.8626
31.4408
26.8649
30.0157
37.0467
31.1670
34.1288
28.3249
30.1072
27.6047
25.8676
26.6062
26.0122
27.5626
27.7966
32.6888
28.1946
26.2233
29.8975
27.0083
29.3813
32.7203
41.2953
37.5599
34.1126
27.2088
27.9381
28.0600
29.6611
27.9230
33.0887
31.2869
28.5803
31.6348
27.6632
30.0699
31.9774
29.4760
36.0862
37.6974
34.5573
36.1203
30.2693
30.3088
28.2423
31.5204
27.6619
28.4112
30.9880
34.1943
33.5171
29.8248
36.3833
34.3963
31.5279
35.6694
28.0577
29.0823
28.3744
30.9590
30.3977
27.8555
30.3907
28.3445
29.9621
26.1915
27.0953
28.1684
27.7974
34.2811
28.5606
31.2561
29.7845
31.0614
38.6549
36.6008
31.7583
28.0044
31.8327
33.6217
33.6524
38.3480
28.4766
29.5207
27.1070
48.9242
42.3901
28.9851
29.8694
33.2476
29.2490
31.8239
30.9241
30.1914
27.8481
27.1876
29.0120
29.6838
29.7334
26.2210
27.1945
28.3352
30.0061
32.3228
28.4827
28.4262
29.0150
31.0856
29.7946
28.6795
27.1654
31.2993
34.7938
28.2063
29.5667
32.2436
27.9540
28.0379
31.9268
33.6301
33.8417
30.0623
29.0437
28.4097
29.0152
27.8417
29.6950
27.8681
29.3541
27.2732
37.7017
36.6377
26.8256
27.6789
30.0285
32.3297
37.0036
28.9257
33.4972
29.5030
29.0391
25.8111
25.6569
30.9112
32.4986
31.7714
28.5135
27.0973
28.5562
26.8064
28.4759
32.6494
26.4706
26.9661
27.6264
29.0291
29.0088
26.9608
27.9188
32.2849
34.9098
33.8243
35.9460
35.4659
38.3141
34.4656
28.9083
28.4379
29.7825
26.5840
29.1614
35.7822
28.2360
37.5093
29.7342
34.6988
28.5803
31.3088
30.8531
30.5794
26.3309
28.3949
27.3767
31.4394
27.8528
25.1096
23.6118
25.7832
25.5921
24.4199
26.7696
26.7746
29.4146
26.6354
26.2054
24.6535
27.0972
29.6933
32.0250
32.2019
31.8397
39.8262
30.5435
27.2947
26.4367
28.0744
26.5194
33.0735
32.9239
39.1663
31.1143
32.1150
30.2975
31.1028
32.4860
25.4269
27.0810
28.8949
29.8878
27.1000
26.4749
27.3500
30.1174
27.2953
28.5970
28.7907
29.7418
27.9274
31.5218
34.7581
32.3268
34.8902
31.5133
35.0945
33.1309
38.4320
32.5018
29.9719
33.7871
24.2007
27.9907
29.9361
27.3893
25.2635
30.2218
31.0635
33.1742
31.5260
28.8668
30.4662
29.0954
28.4768
29.5335
29.0415
36.3735
32.9852
29.2921
28.1344
26.4227
23.6989
24.2414
23.4368
25.4458
27.0074
25.8992
23.4002
27.4411
28.8011
31.5306
34.0668
32.7503
29.3800
36.5756
29.6899
31.1063
31.7360
31.6374
28.6721
30.5441
34.0110
32.5626
29.4780
31.3015
38.4270
27.4039
30.2461
33.9375
37.6620
32.1498
33.0155
30.6706
37.0254
30.1039
32.5255
30.9111
29.8600
29.4785
35.0688
30.4085
33.6116
34.6498
31.0052
36.1608
32.7524
33.9153
35.5759
32.5152
30.6876
32.4301
33.6048
27.0411
26.4801
32.8084
36.2305
33.2238
31.3804
28.7497
32.1471
33.7739
34.0829
34.3308
29.0265
32.5972
33.3297
30.3482
26.1102
32.2602
27.2076
25.5875
25.2053
26.5939
32.7893
27.2201
32.6832
33.3863
29.7242
28.5504
30.1952
29.0564
28.1586
30.5137
32.0008
28.9543
27.8949
32.0631
30.5301
30.2141
26.5336
30.2460
29.3390
31.6149
30.7999
31.1330
32.6642
29.8073
29.6909
25.9745
27.7269
24.8063
26.1438
26.3607
33.9236
28.0767
29.4328
34.2357
32.5359
26.8266
28.1452
34.5272
33.5187
31.8672
28.9677
30.2351
32.7036
33.1320
31.7174
31.7693
30.2862
29.6631
29.2595
30.7862
30.7939
30.5121
30.5931
27.7233
30.2475
31.7884
31.0880
28.6104
29.0597
31.0088
31.9589
29.1759
32.1887
29.6823
29.3617
32.1060
28.3535
30.7331
28.0027
30.6032
29.1175
35.1870
34.0410
28.4101
31.4445
29.3990
31.2637
29.1874
27.2495
32.8731
29.2157
28.8856
27.5626
27.4017
28.8235
27.2881
27.2830
27.6007
27.6303
29.0653
27.5133
30.0131
36.0358
29.5855
36.6450
30.3949
31.4513
27.4225
28.5058
35.4520
32.2265
30.9924
31.3212
35.6952
29.8200
26.8014
26.5887
31.2027
26.1944
27.6913
35.6987
25.1245
27.9532
31.4088
32.5430
26.4596
28.3843
26.7736
33.3828
28.8289
27.9935
29.6487
30.7392
30.8168
24.5396
28.0804
25.7363
24.0461
23.7494
24.3403
28.4748
26.9619
26.2566
26.1425
27.8744
32.0202
35.5566
38.5044
33.1106
26.3225
30.0184
27.7700
31.4337
31.2136
31.2964
32.1623
30.0005
28.7205
34.2180
32.2865
31.6909
27.2484
35.5471
29.3397
26.6700
25.9215
25.9339
34.0360
32.1117
35.4105
27.7771
27.4334
26.7693
26.0273
28.8785
27.0425
26.3333
26.0282
27.7630
30.1628
27.8798
25.7170
26.1600
26.5462
25.0912
30.5935
30.4375
26.9981
29.0309
32.5193
32.9700
35.9007
34.2181
27.6844
30.4121
30.2968
28.0074
31.3482
29.1910
32.6225
30.2283
29.6476
28.1592
26.9800
26.9379
29.0061
27.0973
29.9159
25.8451
29.3477
29.4088
27.9327
34.5790
32.7691
28.3497
36.3553
30.1720
34.8347
28.3979
33.4714
32.1416
37.7369
40.9235
34.9067
26.5484
32.2360
33.7144
28.6051
27.3896
30.3310
28.7426
31.6979
34.6972
31.8639
31.3073
29.9234
32.2838
27.5676
30.7566
28.7877
29.3353
27.0207
29.4958
37.1555
25.0588
29.5104
33.5495
36.5869
31.3146
35.5911
34.0095
34.1369
29.8641
32.4450
33.3708
28.8406
31.6660
32.9689
28.1426
33.5667
31.8618
36.8914
35.1979
30.7992
33.2195
33.0169
34.1003
35.2883
32.1718
33.8074
33.1083
27.1512
33.8958
33.1473
37.1718
40.4433
33.6369
28.9103
36.5533
30.1711
30.2012
27.8148
31.0086
30.7663
32.0891
31.7715
31.1636
29.9223
31.3043
27.4492
26.6084
25.0241
25.9061
27.9411
25.4414
28.3795
32.7624
29.6052
31.7449
31.2655
37.9792
25.3293
36.8860
30.7432
35.4331
26.7063
27.6795
27.1138
31.4002
37.1475
30.4527
40.8876
32.8219
29.8162
29.2615
32.6615
44.5819
34.3504
28.8224
28.3790
24.3767
25.9607
25.9748
24.9003
26.4981
36.0862
31.5879
41.1680
32.7353
29.8522
24.2573
29.1281
28.8408
26.8312
28.2989
25.7992
27.6582
26.8440
28.3588
24.5819
27.8236
33.8030
27.8180
29.5614
31.7377
28.1044
34.5874
31.2623
31.6973
27.9306
28.9960
32.5579
27.0952
26.1482
25.6685
26.3895
27.2472
27.6827
25.9146
28.2856
25.4915
26.0841
26.9517
25.9154
25.6872
26.0935
26.6837
32.9151
26.2175
25.2555
25.1803
24.1771
23.8571
25.7568
26.0535
28.5889
32.8823
27.6014
31.6201
32.7176
26.3591
26.7795
25.6349
30.0595
27.8224
31.8479
28.6692
31.8057
37.7121
27.3914
26.5924
30.5817
31.5189
37.0706
29.2766
36.3938
32.0791
31.9494
28.2130
28.9253
36.3522
32.2439
28.0521
26.5495
25.4878
33.6716
33.2074
33.5106
32.7949
34.6707
32.3446
33.2168
30.5005
29.8948
26.9482
30.2925
25.9883
26.6594
27.6047
25.0919
25.5192
24.6140
26.3634
25.4921
27.2659
30.0833
31.5373
26.7224
26.8103
27.1353
26.2688
28.3712
28.1469
26.5706
26.0457
26.0451
27.2607
28.4770
29.3249
30.0069
29.0226
28.1322
25.5898
25.4932
23.4752
25.3463
24.0554
25.4813
25.5909
27.8361
29.5102
26.4717
27.4157
28.8954
30.6369
26.9205
28.2154
31.6116
29.4202
30.3135
25.0519
24.4536
27.7547
28.7640
31.0510
30.7636
36.5223
30.5298
26.5202
31.3530
26.6548
25.9024
32.9819
27.6110
31.8275
28.6795
30.8281
31.9390
30.1013
28.6421
29.2515
25.8792
26.7604
29.0222
24.5120
25.9754
31.1565
31.1267
31.6829
30.1040
28.6984
30.4154
30.2948
29.9555
30.9413
29.4657
30.3053
29.7610
34.1627
32.7502
30.3485
26.4420
31.7564
31.9586
29.7151
30.0243
27.2326
31.2909
27.4418
28.5508
31.9772
34.3080
30.4654
33.5720
33.7347
30.6570
26.4052
32.7599
25.7926
30.7153
28.1398
28.7233
30.0027
28.2764
28.7326
28.5783
29.1065
26.1598
26.0477
27.0876
27.1724
30.4813
27.4418
33.6407
30.8925
27.5694
35.8988
32.9579
34.2641
30.6072
28.1799
28.9826
31.5550
25.2868
31.9835
29.2641
26.7644
29.2933
30.3855
30.2057
34.0598
25.8775
30.0264
31.3334
29.4127
28.5742
28.4150
29.1393
35.4731
32.2834
29.1853
33.0478
29.7418
24.1361
32.5775
30.8076
29.5876
32.7219
26.6404
32.1637
33.3246
31.9965
34.2453
30.8085
25.5740
34.2707
35.7603
26.5332
35.4325
33.8081
32.0818
25.8877
27.9471
27.8639
34.1055
30.5459
31.5939
29.3780
26.3405
29.8786
26.4649
25.4484
27.4277
27.4682
27.7308
27.9031
27.7229
28.0122
28.1031
27.8555
31.6075
30.3809
27.5470
31.1146
30.6734
33.7278
37.4477
34.2777
32.8188
33.7330
29.0636
28.3081
29.2119
29.7367
28.0621
28.6133
27.4292
29.0149
30.7527
31.5154
31.5649
31.1164
32.5481
33.7953
33.3668
37.0152
33.6922
35.1697
33.3342
33.0513
34.8451
37.1911
28.4304
28.1129
40.0504
36.0082
32.1992
43.1690
38.7249
31.7656
40.0222
28.2686
30.8372
31.8210
36.7323
26.2568
29.1270
30.4795
30.5316
29.6721
32.0214
35.4833
33.1316
33.1218
36.7154
35.9835
34.6084
30.1866
28.2338
36.7887
32.7783
31.4932
30.4639
32.4723
29.1246
25.5296
26.8239
31.2014
27.3786
34.3724
31.1200
29.3293
28.5938
33.2163
31.8020
30.6994
29.8344
27.7191
27.5502
29.9129
33.0898
31.1676
39.3392
34.1853
32.2969
33.4366
26.3381
34.4148
35.1531
31.5800
36.0447
33.5684
30.5756
36.2773
32.8515
30.2128
28.5949
28.1874
29.8956
28.5539
28.1761
31.2999
33.4419
38.1470
29.9776
30.9764
30.0026
28.4084
29.5232
28.1313
28.3797
32.4528
27.1779
32.6057
30.6469
31.9399
36.7439
27.0772
29.9298
35.4752
30.8133
29.2246
27.5600
32.3349
34.9769
25.9358
26.3238
27.3907
30.6677
35.3216
30.3376
30.9804
34.8848
32.2099
31.8298
25.5479
28.9077
26.8833
31.2505
28.2127
34.1876
34.1163
34.8778
30.9423
31.5949
32.6601
33.4082
30.6809
25.9060
32.9409
29.2009
28.3919
31.1148
30.1631
29.8218
34.5585
36.6179
32.5647
28.1686
28.0264
29.1189
27.7943
39.5755
39.1528
38.7244
27.8075
27.7351
26.9432
27.1936
27.8162
30.9310
30.5494
36.2323
34.7671
34.1396
29.6715
35.1098
33.6270
28.4242
30.4229
31.4082
31.4856
31.8132
29.1896
26.3616
29.3529
33.8204
32.1281
32.6515
28.4264
32.3477
35.0825
33.1940
27.5880
28.3175
27.4590
29.9229
31.1674
29.1053
35.7477
31.8288
35.6772
36.1642
32.8430
29.0977
34.3209
34.0165
35.9977
37.6893
35.1333
36.1681
36.1246
28.6451
28.3182
27.8724
28.3288
31.4062
31.1137
38.0676
34.4217
34.0121
27.3235
29.6473
32.0502
30.9633
31.2867
26.9826
34.8661
38.5913
32.9639
34.6049
36.3554
32.6379
31.0418
32.3260
32.0304
27.6117
28.7961
29.1323
33.5005
26.8495
29.9231
29.8296
33.6406
31.1796
31.9818
27.1209
30.6170
33.3709
30.3364
28.3985
29.0984
28.5052
26.9461
27.4892
26.8803
26.9699
30.0813
30.6444
28.8865
27.4390
28.5868
26.9649
30.5740
25.4427
27.7213
32.9956
24.3473
31.3434
30.7430
28.6957
32.1084
27.0267
30.1934
26.6566
26.2085
27.8022
23.2360
28.6109
35.9456
33.7901
30.7089
27.0976
27.6676
26.1018
25.1871
27.6327
29.0871
28.2027
25.5980
30.7673
32.5702
32.4109
29.2051
30.6392
31.1716
30.6121
30.6470
27.5359
32.1901
30.6489
29.1906
34.0693
27.6910
27.0089
28.2074
27.0184
26.4475
27.4073
29.9985
26.3872
23.9630
29.9998
30.8172
25.5623
29.1906
27.2810
26.5015
27.9523
30.5142
28.0824
30.4584
30.7381
28.9457
28.0924
27.0839
29.2477
25.4258
30.2857
25.1028
27.4855
23.9580
27.7803
26.5162
28.4018
29.5456
30.3383
30.7773
28.9774
28.4006
36.0731
27.9225
33.7055
26.5643
32.0925
31.1840
25.4143
26.0974
25.8435
27.6006
30.3506
24.0432
31.3410
29.5959
30.9729
34.4540
31.1889
29.9451
33.9727
35.0256
31.7637
30.3443
28.4664
27.5357
25.6891
27.3783
22.4435
27.0622
26.2480
27.2951
31.0666
30.1578
35.1689
33.9956
30.1816
32.6655
38.5298
29.8390
34.7535
37.2144
30.9792
30.0595
26.7134
28.3122
28.2825
25.4209
25.4570
28.2680
29.2415
30.8050
29.6774
30.6455
28.0556
29.5915
31.5835
29.1836
27.5235
26.9933
28.5439
31.2490
36.6657
31.9906
28.8175
29.9841
30.2840
28.2411
29.5741
29.8274
28.6213
25.9936
31.7258
31.0164
32.1192
36.0706
28.9391
28.7227
33.5287
33.3042
30.0579
30.3584
30.9383
24.0068
35.1261
26.3425
29.5510
35.4280
32.9527
27.0881
33.6767
27.9489
26.4453
29.8694
29.7153
31.1653
33.9105
27.4269
30.7826
28.6450
28.5205
26.9821
26.7066
27.8809
25.8055
31.9769
28.1663
28.4584
32.1171
33.0497
39.3349
29.5421
29.7277
29.4833
33.4978
29.0298
26.4570
31.3160
31.1612
40.3303
35.7742
38.6349
36.1760
38.2593
38.1283
35.9560
32.1458
40.8980
37.7923
31.6442
30.3174
30.2664
29.1223
27.9757
36.6692
42.3576
33.2480
35.2425
33.3249
27.1933
32.1452
28.1256
28.2347
37.4784
36.2743
27.2511
32.2147
29.2717
27.3987
28.7378
31.3154
30.2002
31.0477
36.1568
31.5056
33.3531
35.7433
32.8519
30.8054
26.8748
30.6369
36.5768
30.3984
27.4624
31.8238
31.0747
33.1640
37.6579
32.2094
28.8121
29.8008
30.8331
27.7487
28.5292
26.5320
27.7062
25.5573
29.7107
30.2838
27.9309
37.1874
31.9408
31.6562
34.5067
37.8445
32.9545
32.6700
29.0174
28.3889
29.5375
30.0460
29.4500
28.2052
27.9389
28.5586
30.4401
30.7497
28.2430
28.5382
28.1831
26.3286
29.0115
32.8981
34.9111
35.5938
28.6579
37.6572
37.9937
37.2434
37.5571
30.6074
32.9038
25.6582
28.7873
32.0893
24.3974
24.6710
25.5747
27.4627
27.2695
24.9867
25.5371
27.7836
24.6444
31.2402
28.4237
30.0695
28.9919
26.2807
28.4401
29.7761
33.2270
26.8417
27.2810
28.2428
29.4078
31.1661
29.6162
28.9821
23.0804
30.5100
30.1959
27.7734
28.7344
28.5565
26.1010
31.0681
29.2564
26.1764
26.2539
26.5303
26.6204
25.5619
29.5167
26.7687
27.7029
32.1345
29.9692
29.0608
30.0358
25.4941
23.7972
27.6415
27.1931
26.8985
26.5160
25.2104
26.3504
30.7371
30.8276
25.5798
25.6454
22.6413
24.0154
26.6917
31.4226
29.6834
30.6071
28.8654
27.0729
28.4700
29.2592
28.9903
28.9962
28.1791
32.1384
31.1328
31.7021
30.8269
26.0804
27.9256
27.8226
25.0666
26.2251
26.9330
25.3081
24.9117
24.4679
29.7743
26.2861
30.3334
30.0001
27.4106
24.8894
33.4697
28.0557
27.1304
24.8652
27.5913
26.3308
27.2082
25.5689
32.2770
25.8680
24.6871
26.5105
27.1596
24.6277
28.5583
29.8961
27.0970
26.9719
32.0072
29.2801
27.3151
26.4298
27.9809
26.2938
27.4365
27.6394
26.6545
24.9534
25.2865
27.0431
28.4776
28.1021
28.5798
30.7592
27.4587
28.2081
28.8939
29.3493
31.6003
30.3018
26.1141
28.2003
30.7437
31.4259
33.6149
29.2685
28.6894
27.3468
33.6019
26.5974
26.8500
34.0055
35.3554
33.7334
34.7827
31.0746
33.9116
31.6318
27.8824
26.4989
23.8322
29.7555
37.2252
31.6193
30.5493
27.2813
28.4555
31.6940
27.2419
27.9965
26.7162
27.6980
30.7519
24.7464
28.5011
28.0057
28.4267
27.9079
34.4736
33.7148
32.5664
25.0322
28.6572
27.1109
30.4924
28.9912
26.9762
28.8380
31.6535
25.3459
25.9789
26.9025
28.9008
28.9848
30.9396
25.9352
36.8402
30.1035
28.4002
37.4617
37.1093
26.8016
26.5802
30.2383
29.9992
30.6185
29.2019
28.1914
33.9410
28.9660
28.3975
30.5498
30.7341
31.4002
33.9050
30.8164
30.9891
28.1392
25.4533
25.7993
27.6690
33.5516
27.9955
29.6638
35.3528
31.8460
29.9943
27.7199
29.4577
31.2161
31.8289
33.8985
33.0652
31.7607
34.3040
32.6183
29.2766
31.7170
34.3280
31.2308
30.6803
32.6932
30.1460
25.7044
27.5899
29.7364
31.5709
28.6527
31.3688
32.2552
30.5314
28.8005
28.4606
28.2124
28.4885
28.8407
30.4910
33.7069
31.3114
34.8565
33.5574
35.7707
28.8495
28.0259
28.6862
26.1327
24.2435
24.4377
25.7508
25.4265
26.2779
27.3633
29.3497
24.8163
28.4261
33.9257
31.2250
30.2055
24.8167
25.2712
24.3685
26.9387
29.1197
24.9866
27.9124
25.9176
28.2707
30.4161
30.9514
33.9010
35.4941
34.9075
36.2937
25.7792
33.2925
29.2805
27.9638
28.8624
31.3631
25.6966
26.0471
28.0319
31.4795
28.0345
29.1668
26.2688
29.5028
24.8193
27.3569
26.0239
27.7862
34.3048
29.9209
26.0668
30.3078
34.9911
30.8096
33.8839
35.6817
27.4672
26.2963
27.8588
29.3885
29.6653
25.1947
29.8767
36.7613
33.2050
32.8607
30.6370
32.8293
34.6707
31.0930
31.7026
27.9013
29.3715
30.4460
33.0308
30.7403
28.1867
27.4889
28.1852
25.9500
25.5308
23.7736
35.5874
35.0531
32.2116
37.7577
30.0988
27.0243
26.4242
29.0379
34.3181
28.4669
30.8122
26.2454
26.2081
32.9226
27.2414
27.2948
28.8680
27.8550
28.5116
30.4955
35.0753
35.2844
36.0551
29.4614
28.7569
33.9355
30.3812
29.2950
32.8059
30.2595
29.5098
27.0193
31.1162
32.5541
26.9920
28.0612
28.6101
27.7235
28.4862
30.7925
27.8872
31.1289
29.8213
31.6956
36.3206
29.4582
27.1501
27.6594
34.0328
28.5488
26.9690
27.1133
28.0932
26.2243
26.9651
25.9626
27.3176
25.8906
29.1824
27.1419
28.2923
28.2832
29.1755
28.1501
28.6213
26.4963
26.0784
26.3954
27.5134
26.0676
33.7213
31.0468
37.3435
35.6724
34.9731
33.2599
30.4701
31.8393
33.8391
31.1591
28.9280
28.0488
25.5942
28.5860
31.8480
31.8969
35.9074
32.0027
33.2469
26.2317
25.8170
31.8666
29.7819
31.7926
25.3323
26.5609
27.7819
26.7632
29.5279
30.6420
28.8985
27.4262
27.5858
30.5735
32.4143
34.5054
26.4242
28.0658
30.1960
26.2592
25.4957
30.8410
32.3498
27.3588
29.1801
26.8707
27.0509
30.7421
27.9635
28.6796
32.2374
36.9858
26.7214
33.8459
29.5103
31.1764
29.2393
31.0502
28.0524
30.1951
26.1930
27.4671
28.9879
25.2103
25.0771
27.2212
27.2611
32.2214
30.9870
26.4921
27.1923
28.6568
27.6329
25.8798
27.3533
25.0428
25.2032
25.1836
26.4838
26.7952
26.7652
28.8447
29.4586
33.8225
25.4872
29.8577
27.7606
26.7445
27.0787
25.9820
27.0686
31.2544
29.1486
30.2313
29.6598
27.3167
29.3356
29.3263
28.5868
29.3545
28.3035
27.5508
29.7218
32.2215
30.9902
28.6796
27.5508
25.9708
31.9179
31.7226
29.5448
27.6669
23.7234
29.1045
32.2703
28.9185
30.9687
31.9171
33.5351
36.0928
28.8950
37.4559
31.9017
30.8584
29.9849
38.6323
28.9588
29.1153
28.9438
30.1232
33.6210
29.0023
28.4350
30.9947
27.3122
30.9688
28.9777
26.1193
26.4892
27.7216
25.0660
23.7782
26.3293
28.7312
30.8366
30.6987
26.8618
25.8578
29.2302
28.1095
31.9816
36.3137
32.0378
32.3097
29.2066
29.6347
29.3848
37.1009
30.5112
28.1698
39.8029
32.4896
34.4010
32.2317
32.5540
36.9212
37.3588
29.3120
29.2321
30.2749
30.5598
30.7404
28.0825
28.4559
25.9948
28.3944
28.7733
26.4887
27.5118
28.3766
27.1026
28.4704
28.6087
29.9159
28.3179
28.3066
40.4041
30.4602
27.2610
27.8826
31.8519
26.1878
29.8117
33.4647
33.0219
25.9004
26.6037
29.4632
30.2750
28.1832
25.1134
25.3856
25.9401
27.5203
24.8526
29.0591
30.0528
31.6882
29.9454
30.2096
35.5588
31.7327
36.4727
27.7165
28.4330
26.4874
30.1854
30.9368
25.0353
30.4052
29.7723
29.9800
31.8961
34.9236
33.8616
30.3846
28.2264
37.6722
34.1111
32.4912
30.9930
34.4917
31.7075
34.0116
28.0990
26.8196
29.1232
30.9578
25.8768
29.2017
36.0792
32.8461
24.2787
25.1485
29.9965
26.5962
31.9754
36.8805
34.2081
43.9780
48.9637
38.9796
38.2411
29.2091
28.8823
41.3955
33.3682
29.9949
37.1888
33.1361
36.2829
30.5476
31.9134
29.3246
29.4699
29.9457
30.2011
30.5406
31.5022
34.4133
31.0047
35.1904
39.0147
34.0896
34.7039
33.3456
33.0812
36.5781
32.8140
29.5540
31.4863
38.2225
28.8457
25.2963
27.9667
30.1773
30.9441
27.3388
26.3588
27.7510
26.8678
25.4976
25.2440
27.0317
29.0131
29.8264
28.4375
29.6162
30.1821
27.9436
31.0987
44.1671
44.6664
41.4159
33.3470
36.0797
31.0934
32.4622
42.3970
33.6371
29.7314
27.1253
29.1016
27.7384
26.8034
26.6272
28.1408
30.5980
26.1658
31.7717
30.5010
27.8472
29.5222
26.0684
26.1540
29.0495
30.4005
27.2984
31.9024
29.7754
43.8525
27.1416
26.5383
29.3448
31.6318
31.6425
27.3713
27.9784
28.0518
29.1053
32.0690
28.7254
35.8841
31.8603
29.3478
30.2723
31.3470
28.6503
26.9286
24.4379
27.9158
26.4583
27.7245
27.6606
29.6683
28.6157
28.7207
33.3662
28.6404
25.4058
24.3357
25.3396
24.1098
31.0518
34.1046
26.8021
28.3475
31.3674
33.3117
28.4362
26.7946
27.1095
31.3042
29.8854
34.0968
29.7754
26.2114
32.4064
26.9081
29.8266
30.6101
34.0901
27.4627
29.6834
31.5991
35.0852
28.5312
26.2191
26.3924
29.1414
33.8133
28.7901
30.7962
30.0056
27.6944
30.1267
28.5401
32.1988
33.4099
28.5995
27.7959
30.0911
29.0441
25.0897
27.3695
28.0058
32.3871
29.9740
28.6537
32.0127
29.1572
33.5464
31.0466
34.4714
33.1522
32.9974
30.1892
27.1031
30.1271
28.6910
29.6052
30.2776
29.5178
32.1861
28.0146
29.0904
30.1128
30.2656
27.9125
29.0022
28.1946
30.4389
28.3913
30.8251
34.8017
31.2905
30.6070
28.7961
30.4286
33.8214
