59.1468
46.2590
54.3240
59.2754
49.7704
49.9239
62.0114
47.1309
50.9366
52.5500
51.1648
48.8709
47.8711
47.7113
44.2315
46.1028
62.6912
66.2561
62.9092
50.7209
50.1663
47.9247
54.5306
54.5247
55.8387
57.5969
52.2503
60.6580
52.7715
52.2315
49.5827
48.7098
49.3745
55.2008
57.1799
58.1158
46.2908
52.1374
57.0101
62.4800
61.2118
54.4474
44.9908
43.8425
42.5241
45.6587
48.1865
42.1454
42.1162
44.4140
54.6224
62.6938
59.5943
52.5428
48.9328
46.0715
51.3273
55.8139
58.6184
51.1219
60.5192
63.1928
54.6863
45.5613
61.1488
56.5533
58.9776
49.0991
46.8560
42.4480
43.8675
44.1596
40.9574
44.4074
42.0993
50.0949
46.5432
47.1843
48.7111
50.3775
46.1780
45.2893
42.8255
39.1335
39.9373
43.9410
41.6534
44.5033
46.3874
43.7459
45.1606
43.8397
45.9298
44.5738
43.1375
42.0027
43.3588
42.4554
45.9540
47.0279
45.8768
46.5727
47.8007
48.7916
48.7648
46.0560
46.2907
45.7888
44.3170
48.6262
50.4902
57.2332
58.7932
58.5009
50.6453
46.1780
54.4565
55.7035
56.3326
58.0546
56.4129
44.5896
45.9907
48.4795
51.2803
50.2861
55.2358
44.3152
46.6682
49.1128
51.1527
51.9164
49.9921
48.4616
46.0188
51.5011
44.0372
45.7492
45.8258
50.6847
45.9457
41.4549
46.9538
51.2218
48.1134
44.7933
41.3781
41.5052
41.8346
54.6990
57.8724
62.1501
58.6013
55.9167
51.5435
51.7831
57.5809
58.3019
50.5492
52.9783
52.9196
43.5422
51.5639
70.8858
50.1885
47.3862
51.3936
60.8589
56.6517
38.9581
51.7934
41.7343
45.5642
48.6614
44.4575
42.3699
56.2714
49.9261
53.5094
59.4006
49.7827
52.8097
41.8295
58.8335
52.4452
54.9231
59.0017
54.0100
48.1843
45.9052
45.5131
55.7077
53.4455
49.8393
47.6444
50.9996
41.0644
39.8393
34.7450
40.7141
35.9467
43.8975
43.2542
49.0721
49.2613
47.8223
47.9869
47.1248
42.0823
45.3330
45.0905
41.1199
44.0426
37.3231
38.3604
45.9827
42.5329
46.0878
45.2800
44.8374
43.9379
38.4103
39.9811
44.0916
41.4538
47.8177
45.9308
41.3422
35.0755
33.5527
49.3072
52.7865
45.3940
45.6119
48.9182
47.3945
46.4886
43.2444
43.1728
39.8102
43.0259
45.4586
44.7217
44.2901
39.6639
43.5196
34.8471
36.6526
38.7158
40.2655
41.7469
42.3039
43.3206
33.9051
39.6253
39.3513
36.5231
34.7835
40.0596
37.7948
38.4019
34.4869
42.1064
41.2133
37.1144
38.6968
36.9815
37.3939
36.7398
35.1090
39.5861
43.4607
33.2575
39.1514
37.8731
37.9489
37.8129
36.4425
36.6311
33.5400
36.1108
36.9218
38.2731
35.7081
35.5033
35.1635
39.0359
32.9312
33.4322
33.1081
35.1714
34.6589
33.6466
31.6247
37.2161
35.5345
35.5408
34.8760
34.4285
33.4706
35.8876
39.7968
38.5205
38.2875
35.1635
39.7846
36.7702
47.8997
34.4605
46.0752
47.5980
39.8659
39.4557
37.9820
36.2074
38.8404
40.9840
42.8615
36.8040
35.1065
45.1712
41.4398
46.4876
39.4339
41.7394
37.4147
36.6403
40.8365
44.9658
41.2872
47.1636
44.2054
44.4985
47.5080
42.2935
43.7137
44.6976
44.1787
42.1857
41.5856
46.7529
49.8337
48.3528
51.3685
50.3353
50.7493
50.6933
45.9770
43.0359
47.3529
63.4379
48.0996
37.5431
37.5157
42.1031
52.2875
40.1579
50.0165
48.2873
45.9253
50.7491
47.2627
48.3361
42.7902
44.8633
43.0034
41.3889
42.9317
39.7617
41.4504
47.1859
53.9654
52.0012
52.9501
53.2782
54.4859
54.6300
58.6831
49.9753
52.9823
56.7501
55.8744
58.4193
55.7155
56.0327
57.4840
60.0845
55.5824
57.2930
58.4801
58.0476
48.8951
54.9805
55.1808
55.8751
60.5860
54.9398
40.7886
47.2481
55.9845
54.6255
55.7874
48.8197
41.8230
49.5176
51.0739
45.6688
48.0413
50.9251
49.8818
50.2281
53.0631
48.8393
45.0314
48.9129
45.4891
45.4453
46.7039
46.5890
39.8343
46.9066
45.3728
44.3686
40.9399
43.7109
44.8877
45.6070
42.6861
42.8889
38.9153
40.7212
41.8553
38.3137
41.5872
41.7089
44.0923
42.4109
42.2837
40.5874
42.4389
45.0998
42.4479
39.5900
52.4636
51.8653
50.2876
53.1754
48.6593
51.7217
49.6375
48.2198
49.7020
55.8549
55.6158
54.5065
49.9670
40.8200
42.0342
61.2076
53.5602
63.4909
50.8370
58.2265
45.9456
53.6301
55.6292
40.4123
40.6439
42.8607
43.7272
43.8131
39.4801
39.0965
47.2268
41.7562
44.6216
44.6660
40.7661
44.9406
47.4892
48.8062
42.7397
40.8185
35.9646
45.2707
42.6473
48.6330
44.0281
49.1036
48.2078
54.8168
64.2778
65.5238
48.9786
60.6359
58.5712
57.4243
60.7162
63.1611
57.5249
59.5631
55.6413
55.8871
61.6259
58.7915
59.7131
58.3728
55.3995
62.1323
64.6981
64.5888
68.2991
65.3651
59.0211
57.3996
55.2718
64.7412
64.1133
64.6558
72.5763
62.7014
61.7281
54.5208
61.3147
64.2474
58.0250
55.5078
50.3975
40.3952
46.8687
44.7356
42.6472
36.5576
43.3143
41.2146
41.7593
43.0319
49.8110
46.8132
56.7846
43.5865
41.2759
49.4284
39.8872
43.7248
44.8888
39.7409
45.6077
46.3008
47.6886
45.6235
44.8942
45.6072
43.9643
46.8777
42.8380
43.4651
44.6978
42.4045
36.0631
37.4248
34.3577
33.6631
33.2496
33.0423
33.6665
34.1647
32.7128
35.6387
33.5849
33.7061
34.8514
32.6918
32.9361
34.6720
33.2601
31.1726
32.1964
32.1058
34.9480
33.2619
33.8166
31.0463
31.8234
33.7626
35.0473
33.1523
35.4878
36.2093
38.7240
34.8612
33.4596
34.2748
38.1627
37.7856
34.1377
38.2864
34.4509
38.6279
35.8846
37.6758
39.1887
39.1187
34.5947
34.4538
33.6716
33.1850
33.8626
33.9243
35.5506
40.9712
37.6139
38.2151
35.7480
37.1922
38.8493
35.4519
37.8540
37.1426
36.1783
37.7674
38.2365
36.7431
37.5911
39.8225
40.7593
38.4232
39.7072
38.0535
35.8515
34.8759
37.7071
38.7177
40.2502
41.7300
46.5423
43.4372
42.8375
48.7430
45.6144
49.7755
44.7485
43.4343
44.3293
53.1815
53.2143
53.7599
44.4103
38.8812
43.7031
40.3776
45.2765
48.9881
37.9821
47.3135
46.8819
46.4740
42.4734
47.9841
38.8010
38.3777
38.2101
41.8331
47.7040
41.8589
42.8162
44.8677
40.6908
35.6659
36.9835
38.3051
42.7488
42.2804
37.7468
37.4938
44.5812
49.8244
40.8036
43.4151
36.8029
40.8184
50.1279
39.0612
42.4118
50.8479
44.3213
49.5949
45.1663
39.2215
39.5289
39.8804
43.7705
40.2685
49.1427
45.9844
44.3146
41.8215
43.1878
51.0401
53.2522
50.5356
48.9494
51.3958
52.7611
58.9492
56.4293
60.0583
54.4660
44.4722
46.7413
55.2132
61.2980
49.9109
58.1748
49.6639
37.7108
37.7453
37.2149
45.4048
44.0246
45.0661
42.0633
43.3626
43.1118
40.2494
41.2515
40.5434
50.8127
43.2419
46.5276
41.0331
43.3182
41.9644
40.9244
43.9646
37.5950
36.7350
39.8604
35.4903
38.1553
38.6979
38.5605
37.9335
35.9822
39.0905
35.0596
38.5787
39.9642
40.2759
47.9608
43.9303
43.8431
42.7604
44.9842
42.4527
41.8527
41.2035
42.2531
41.8882
40.1158
49.9568
50.6888
47.7737
49.1592
53.7775
58.3736
45.8361
45.6192
46.0824
47.7678
41.1284
48.4543
43.8686
40.0259
50.3919
45.1761
43.5563
45.5653
44.4059
48.9428
43.1035
45.7633
42.3219
45.2554
45.2890
44.7211
45.2795
43.2581
42.1625
44.9228
48.0152
47.5184
47.7510
49.4504
48.0637
44.9962
43.9434
45.5783
42.6350
47.2606
43.9449
45.8569
46.3780
50.2315
49.8179
47.7276
54.5380
50.6578
44.6557
43.8437
41.9237
44.8315
53.7561
50.9578
53.5144
53.1052
48.8028
50.4281
49.8408
55.0959
43.4111
45.9918
48.8786
45.7133
40.1434
47.7176
44.7077
40.6494
52.0027
49.0708
46.0034
46.2389
44.4185
41.5046
36.6947
39.0004
44.7662
39.0620
40.3903
38.6615
42.6502
44.4943
49.3980
41.7309
39.6536
42.6693
39.2475
38.1678
39.9398
39.1791
39.5264
38.1796
40.2066
40.4290
39.2228
40.6057
45.1370
41.9280
39.2294
40.1928
36.9617
38.0630
38.7447
39.4165
37.1934
39.1792
39.2689
39.1996
37.5339
34.9784
35.9199
38.9674
37.4424
35.7992
41.8962
36.5811
38.6825
38.0698
36.4940
39.2839
48.0984
52.2903
64.2800
58.3658
42.1517
43.2107
42.7519
41.8249
37.2366
34.2727
34.5532
35.5813
37.4815
35.8816
37.3386
40.3211
42.2144
39.1758
36.8452
37.4138
44.8060
53.0515
52.3252
45.1077
53.1727
57.4541
66.4378
66.9142
66.4908
48.9311
41.9907
58.6529
63.9855
47.6517
48.8374
49.3593
42.5916
42.5241
56.6726
43.8490
41.3780
46.5630
37.6365
40.6541
48.9086
50.5330
54.4902
44.7103
49.9603
39.2346
49.2977
51.0716
54.4522
49.2388
47.0308
48.3914
50.1179
52.6829
48.0319
48.7973
50.9010
49.6491
41.7884
56.9650
59.0293
55.7747
48.6819
50.2713
52.0851
45.0274
54.2580
58.6000
54.7396
62.3738
48.8633
48.0058
49.9015
48.3422
49.3279
54.7817
54.8397
52.8727
58.0442
45.9384
53.1099
50.5636
47.0778
48.0722
56.3949
56.0426
54.7255
55.6263
45.3319
47.2095
46.3164
38.5079
40.9419
44.1645
47.2896
44.0030
43.3027
47.4325
53.7356
63.9602
57.9573
57.8702
54.4162
44.0046
44.3255
42.7692
41.7943
40.1022
38.5369
49.3567
48.5804
46.4578
41.7960
45.3363
47.5411
52.8957
50.7193
49.9964
46.1363
50.4796
39.7346
45.3382
41.0173
46.1365
48.1393
49.8158
48.0023
48.6588
43.7592
40.8610
43.3809
43.6261
48.2444
43.9153
38.9195
44.6207
47.3610
46.5685
56.2964
51.6693
35.6238
38.2643
37.5225
45.0856
38.6016
36.5477
35.7580
38.1524
39.2267
36.9645
36.3271
37.8162
36.3221
37.1693
50.8096
44.0161
43.1012
42.1996
44.7264
52.7575
41.8073
42.8720
40.5905
34.7210
35.2944
33.8037
33.9991
34.0628
35.2722
34.2529
35.9645
35.6102
35.6734
35.2405
34.5900
45.0724
37.2911
39.2793
38.6908
37.5303
36.5371
38.7153
39.2314
35.1302
40.5050
38.0665
41.1762
39.2890
36.2662
39.3736
38.4663
38.5671
41.8819
35.0089
34.4274
37.5780
36.7821
35.8725
36.7264
35.8007
35.2378
37.0599
39.3459
34.6419
34.2351
34.3142
35.4705
39.2878
38.2116
34.8253
31.0538
31.4280
31.9686
34.0865
33.8674
32.7904
33.5982
32.7434
33.2291
32.6188
32.6907
33.3956
33.1437
37.4489
35.2365
36.5367
33.5112
38.0446
34.1582
33.1000
32.0886
33.5978
32.1202
32.3448
34.4733
33.2228
31.7611
32.1404
33.9819
32.0486
35.3676
36.5768
34.0703
33.6937
34.2065
34.9945
34.6538
33.5286
35.9636
35.4934
32.5124
34.4508
37.6564
37.8404
40.9312
37.5881
35.2914
37.5718
40.3157
39.8333
39.8922
34.1907
33.3185
32.4241
37.3353
38.5503
40.0278
40.0522
40.2177
39.6971
34.9794
35.3345
33.0678
33.8888
34.1063
35.9446
37.4603
36.0938
36.3857
38.0219
41.6842
45.5865
43.7888
44.5384
43.7191
39.5172
42.8388
38.0508
41.1448
36.5599
37.7984
39.2931
41.1650
40.1076
41.3266
42.8925
49.4046
41.6610
54.6180
46.5293
46.6410
46.9371
47.6575
49.7714
51.8376
48.0460
39.9489
47.2231
51.2257
45.1364
47.1289
52.0426
59.5394
63.1849
57.9778
52.2384
53.7767
50.6259
51.3411
48.3377
47.8766
59.1318
47.4670
46.6811
49.7442
46.6310
50.0103
47.9494
38.1619
36.9438
37.9382
38.3240
36.4503
39.2579
36.8969
37.6311
37.5608
38.6478
37.5298
38.0372
40.5488
35.6120
38.7195
38.4482
36.5817
35.8216
39.6509
37.4094
37.1137
39.5915
38.9023
33.4926
36.5444
37.5637
35.8549
35.3075
36.4384
34.9710
36.9823
37.9970
38.2271
38.1496
41.0886
41.0365
38.6306
39.3287
35.6840
37.8072
38.6578
39.6211
42.0349
36.7793
43.8725
48.6636
48.6683
41.5786
41.7470
39.8514
37.8435
35.4058
35.9804
36.3925
34.7396
36.2729
35.5641
33.8641
37.6961
40.9280
31.7147
45.9862
44.4723
43.1142
49.0119
49.2652
46.4909
45.9874
48.3830
49.4789
52.6083
48.5587
46.6193
47.1969
44.8159
47.5642
36.6194
46.5641
45.5691
39.4756
41.9367
46.7058
49.4940
46.9394
51.3147
41.4099
43.4142
43.4497
44.2831
39.5693
38.3735
37.3366
43.9997
42.9182
52.6560
43.8880
39.0216
41.9954
44.8660
39.8116
44.9138
42.2638
40.4817
47.1239
45.2663
47.7093
42.0068
43.2183
44.9687
50.6708
41.4761
42.6630
41.2243
41.1532
40.3399
43.5950
42.8024
48.7304
44.6142
38.4110
51.2369
44.4189
40.3514
47.4145
38.3649
39.4244
42.3606
35.7317
36.7079
50.1193
54.0821
54.2606
52.7418
54.9606
55.7703
60.0344
58.7781
63.1698
53.2332
53.3356
56.4421
59.0562
54.1471
54.7409
56.5939
48.3986
43.4359
44.0683
44.0017
40.6544
45.5510
47.8186
40.3785
45.1811
43.2838
49.6599
46.3004
42.8639
43.3055
41.9156
44.1385
45.6712
46.3106
44.6095
45.6257
46.7802
47.5541
44.1156
46.3164
49.3428
53.7909
49.7988
45.8801
46.5992
45.1852
43.0524
44.4651
44.2820
42.9102
37.9724
42.9269
44.5542
44.2248
52.6423
53.4035
43.5959
48.6970
48.2580
46.2392
42.6569
48.0021
44.5018
36.8568
37.6066
40.0316
41.5318
39.3208
38.1984
43.1185
45.9944
40.8370
56.4408
50.7418
49.5926
45.3441
46.4208
46.7146
53.0807
65.0017
70.0347
68.0212
64.0538
60.3227
54.8552
54.9138
51.8868
51.2883
49.4798
49.8528
49.3013
49.1155
46.8243
53.5615
53.3071
59.0410
59.4374
64.1316
62.8011
48.9270
52.1446
44.6969
54.1109
43.1687
55.1615
58.1729
53.3682
58.8948
46.1328
41.8385
39.6229
38.6202
37.6342
37.0780
40.8410
46.5035
44.6394
49.3066
49.8102
43.6174
45.1725
40.3783
39.4362
37.8682
35.3770
34.7300
35.4395
38.7302
37.5487
37.2235
38.4836
39.5627
54.6360
52.8910
49.1599
47.3104
45.6191
45.4974
44.3879
45.0582
40.0518
42.6321
49.1434
50.7547
42.6861
45.6197
50.1733
52.6396
41.9272
47.1634
40.9025
42.3948
44.2051
48.7441
53.3263
49.7250
46.5287
35.0498
37.9543
39.1938
39.6489
39.8283
38.8169
37.5271
37.7684
35.9965
34.6502
35.7502
38.4540
39.2001
49.2386
50.7051
41.4189
41.3784
41.3002
39.7350
41.0667
43.9973
40.2473
43.3243
40.1400
40.5412
40.1777
37.2402
38.6897
31.0390
36.3816
36.2297
42.5517
36.9079
34.6816
37.6607
37.0775
35.6762
37.9988
39.3193
41.6162
40.0088
37.0540
39.3781
39.7267
40.4035
38.3525
43.3881
38.0174
38.6823
42.6091
38.9249
44.2017
43.8152
38.0509
35.7065
39.6599
42.2816
44.2664
38.6907
34.9965
33.1996
38.4776
38.7714
38.8432
39.2060
37.4139
38.6509
39.8488
36.3474
39.7138
42.2560
39.7151
41.5123
37.6544
39.3802
38.9960
43.4307
43.3745
47.4678
43.1639
44.0103
43.3608
46.8729
46.1023
43.1125
37.0217
39.1314
36.1177
39.7130
42.0347
41.3579
35.6819
34.5573
39.2350
37.1697
38.1679
37.4169
42.1702
42.4409
42.5900
41.7945
44.8289
45.2228
44.2365
38.2455
43.4092
42.6838
37.9753
42.0962
42.7623
43.3083
41.7459
41.8447
40.0462
43.6866
42.3289
42.4649
42.2478
39.7594
41.2680
43.4371
44.3228
41.7041
41.7217
39.3828
41.3009
42.9991
39.4168
39.6192
42.0721
40.2533
40.5493
39.1295
35.2693
38.8339
38.5447
38.8705
40.7651
43.5859
46.3237
39.5307
43.1615
39.7456
41.8859
44.5620
42.5602
44.0665
43.2504
41.3650
37.2449
37.5323
42.5394
47.9846
38.7680
41.0000
41.2933
39.4561
43.6697
50.4186
41.2456
45.9564
50.5747
53.0103
46.8151
47.1122
61.2506
62.5494
53.7615
57.5978
56.0022
51.2652
52.3804
62.9041
57.6159
51.8444
50.4942
54.0626
52.5437
53.0527
54.4658
46.0270
48.7677
51.1037
54.4118
55.1145
51.1588
53.7131
51.8099
46.3958
45.7030
41.3946
40.5023
55.3063
55.7523
50.9802
41.7939
48.5866
51.0336
49.3778
49.7248
49.5051
49.7215
43.0219
41.5951
43.5163
47.0101
59.5781
56.2751
44.4615
44.5281
42.8538
45.9643
43.9124
51.2208
56.6575
60.7632
55.2357
63.1893
62.1244
53.4796
55.2670
52.6649
46.2489
56.2649
56.7492
56.8282
40.7323
49.2491
49.0605
48.4798
43.2573
45.6107
48.7176
61.7525
65.6413
69.9756
64.0813
44.2263
57.1246
50.6214
60.0679
44.0069
57.5518
42.5010
57.8249
61.9189
62.6877
70.6366
59.9573
51.2826
68.2561
45.6139
52.9605
46.2138
53.1912
49.2905
44.7525
46.5147
49.4043
47.6384
52.7930
50.3466
49.4264
48.2258
54.2107
47.4168
52.3730
47.4663
58.0257
54.2940
55.7009
53.4742
52.4047
55.8841
48.3145
45.3948
45.4709
55.7295
48.5803
49.7780
46.1709
55.1357
55.8204
47.5578
43.5560
62.3072
53.9114
55.3830
62.3569
59.9792
54.2823
62.7689
56.5040
48.0956
44.9701
49.4203
49.7849
50.7168
53.6077
47.4548
46.7307
47.6011
39.3227
47.8420
55.6251
59.9388
62.0568
54.7897
52.5104
55.6869
56.2110
49.0264
42.7611
56.9274
48.6593
50.3861
49.7240
49.7425
50.9964
52.4973
50.5377
52.7666
60.1898
71.2093
61.5872
56.3506
63.2599
62.1919
58.4096
58.5349
61.7832
54.0469
52.7830
52.2236
51.2295
60.3590
53.0182
52.9823
51.0032
47.3341
46.6033
47.9557
47.6104
49.5891
51.6168
45.5838
49.4885
49.7654
44.5049
43.8440
39.2512
38.6663
41.5944
47.0296
43.8336
47.1485
40.0498
37.6728
38.6059
37.5018
43.0314
44.3123
40.8853
39.8167
40.5184
41.8886
44.9324
44.3778
44.1943
43.9776
50.3152
45.4126
44.3349
49.5504
44.9003
41.3010
42.7294
42.3085
38.9166
38.2352
35.3929
37.4517
40.6451
37.7661
36.6539
35.9391
39.4297
36.4650
36.6146
37.4212
35.4018
36.4527
34.8231
34.4179
35.2747
33.1191
32.7579
33.6589
33.6465
38.4351
36.6433
35.4399
34.1262
36.7621
34.9679
35.8143
36.8851
36.8127
35.6176
35.0792
35.0141
36.0898
35.6403
37.3198
35.1986
35.2766
35.1308
33.8108
34.7468
34.0984
33.8994
43.1773
41.9558
46.4881
44.1058
50.5741
47.8076
52.3609
58.7016
59.9164
47.4066
43.7583
51.2279
38.4961
34.8316
36.7613
38.3756
41.5059
40.0082
39.3702
42.8441
42.3924
42.9024
42.4311
38.9723
37.4741
39.4969
41.2762
41.3613
42.0603
39.7088
41.1012
41.8990
46.5465
43.1350
35.7939
40.8112
39.9947
39.6912
43.8321
46.5198
48.8184
44.1749
45.2108
40.9964
39.3991
40.7160
42.6029
44.6306
44.2119
42.3765
55.0828
56.0000
55.9511
52.9551
59.7704
54.7548
56.2956
48.6913
54.4695
49.7646
41.1827
38.6151
49.9216
44.6117
44.2565
50.6689
56.5021
56.1921
55.2559
52.2963
40.9377
42.7233
46.0858
42.2982
44.3617
42.3666
42.2134
44.8489
41.6298
43.1890
38.6459
51.4457
48.4594
46.3253
45.2142
40.9441
39.4357
42.8590
36.2571
37.5794
37.7323
37.5009
35.8965
41.1656
43.8228
48.7297
53.0598
47.3219
49.4342
48.4979
42.5018
44.3662
45.5489
48.2998
44.5672
47.6552
49.7691
48.5753
48.2034
44.9325
46.8216
44.9231
46.0899
39.8489
44.6402
48.0631
44.8381
58.2708
61.7619
48.7223
58.5474
57.6787
53.3890
49.3126
48.6381
48.1888
56.9393
50.0834
53.3552
49.5363
55.7542
62.9442
62.8523
62.2344
52.9614
52.4372
51.9697
48.4704
56.1221
51.7319
56.5538
54.7474
53.5914
52.6947
51.5933
48.6085
46.3577
50.4789
40.3775
41.2800
41.6357
43.8387
40.1080
42.7801
49.3032
48.6491
47.4423
46.5825
45.6296
43.4536
42.0176
41.9217
40.7223
40.3990
49.8293
40.8791
39.8569
42.0422
40.9843
42.7174
41.9158
44.6383
43.3153
41.4081
43.0888
40.6695
44.6785
39.5956
39.9492
38.0807
37.3188
36.8096
37.8432
39.9050
41.4039
38.2175
37.6018
36.6370
37.7306
40.5874
42.8555
37.9800
45.2253
46.4363
42.7731
43.8098
45.9986
45.1809
37.9243
41.2866
40.4805
40.3627
39.0293
37.7484
34.2688
32.4601
32.5993
36.8471
33.2129
32.5565
40.8238
38.2465
41.4456
58.7358
60.0515
47.4648
54.3610
50.1755
55.2848
55.7732
67.0046
61.2782
51.2553
52.3855
45.1126
47.2491
43.9174
46.2572
52.8316
57.0289
50.4735
56.8185
44.9393
41.7672
47.9199
48.2320
50.8289
45.7256
58.7537
43.7865
47.4142
44.1289
46.0900
42.0001
46.7327
40.3022
48.0571
49.3251
41.3715
41.5816
43.7720
49.7474
41.2228
42.3179
42.9772
44.2360
43.9262
40.2123
40.1935
36.4394
41.2161
40.0335
38.1460
37.5934
38.3593
36.3220
33.5394
35.0970
39.7312
44.2506
47.0465
42.7890
46.0339
40.4572
36.1679
36.0969
34.2528
37.2522
38.2214
41.3673
39.8620
43.8747
41.6840
40.5721
40.0332
39.7365
41.0338
37.6176
39.3629
38.7152
38.6672
39.7141
42.8752
43.9174
45.3968
44.9247
45.0188
43.6150
43.9256
42.2169
41.1943
40.0215
37.4620
39.6932
41.7421
41.5456
37.8764
41.4058
43.5508
43.3700
41.8599
37.6578
40.2415
38.5337
39.5077
38.6105
36.7608
49.3099
42.6100
47.8009
42.5964
54.2454
48.6598
40.4703
38.0847
45.1829
43.4062
50.6854
48.0365
44.5316
48.6423
51.5460
60.9814
62.5054
57.9919
54.7418
50.4446
48.8815
51.8409
57.0335
58.0417
56.4314
49.7224
60.6258
55.4073
49.9975
53.2461
60.7042
61.7822
64.7368
44.4776
40.4923
42.5521
43.9393
46.6662
48.3033
51.6840
50.7395
52.3118
48.8944
47.8873
47.7985
46.8587
49.2108
42.8267
51.9527
45.7787
40.8842
47.8443
46.0091
47.1487
53.0539
39.6077
50.3881
48.4324
47.6481
40.5796
41.3606
38.6791
51.8668
55.4052
57.8159
57.9019
50.8766
50.0965
54.1021
54.9306
52.2190
65.4061
59.2975
64.6926
57.6943
57.4318
58.0566
55.8580
55.9745
57.0182
37.2738
49.1728
59.7509
61.0889
54.5295
56.1792
56.9827
50.0483
51.8323
52.3164
45.1683
50.6245
55.6776
51.3042
50.7934
35.8136
35.8116
48.5689
48.6974
47.5888
42.9400
51.9500
42.7411
43.2752
45.7429
54.7380
55.3225
49.9798
48.4972
48.9116
47.5382
50.4200
51.0977
51.3155
47.6200
50.5880
47.5754
46.5159
44.7458
43.3181
39.9326
42.6694
44.8298
41.6453
42.5706
41.0353
43.5466
45.6139
39.3811
49.8144
46.1218
44.3331
46.3531
40.6097
40.3062
37.5079
41.1704
39.9552
39.3305
64.0834
60.4946
61.3817
63.3899
56.9215
56.4167
57.3101
45.8498
50.3131
43.1181
45.2701
44.2863
49.5402
49.9133
44.6074
40.9200
40.0103
39.8911
41.0664
39.3246
38.7236
46.5567
43.0940
41.0234
50.2783
60.6463
64.3277
62.5914
54.4453
53.9698
53.0125
52.7881
59.7646
49.1996
53.2304
51.7748
46.9023
41.2212
40.0422
42.4195
40.5784
45.1457
49.8691
53.2368
51.5860
52.5559
52.6656
49.0176
44.9366
46.1797
50.1611
46.9642
52.6974
49.4671
42.0740
43.4717
52.3705
54.0208
57.0627
47.7845
39.7730
47.7698
43.4852
46.3230
40.4686
52.3322
56.1612
53.0737
59.9139
49.6580
60.4667
60.4282
52.5236
54.3827
54.4995
59.6256
60.1736
57.0760
56.7264
66.8195
62.4421
60.2905
50.0108
47.6130
49.4984
58.6906
54.2335
59.5551
52.0305
49.2581
45.5122
48.6072
50.2172
41.0084
40.5000
45.0647
39.3161
40.6747
39.3546
41.8906
37.8178
36.9935
37.5767
37.1819
36.9403
36.4920
38.2574
43.1286
35.5341
36.1612
34.1951
36.1715
41.4104
41.0054
37.1386
36.1858
35.4451
36.0760
38.6551
41.8939
41.3526
51.8253
52.1006
57.2559
53.5778
53.2335
56.4428
49.5182
51.1009
55.7178
56.4905
53.1835
58.3260
48.6670
45.0482
39.7291
39.8835
39.7776
36.8708
36.8972
38.9221
44.1924
61.1518
49.5195
53.5563
49.6728
54.8107
48.1478
50.5527
51.4411
49.3466
56.0319
56.5452
55.7920
54.6606
36.8892
40.7821
38.4945
38.1068
33.0336
45.6707
42.0023
47.1230
41.7619
48.8835
42.7720
44.3751
40.3615
46.6448
48.8261
49.0380
40.0395
47.9439
56.6556
53.1069
54.6436
58.1503
54.9518
47.6782
59.6648
57.8443
60.5173
58.5794
52.4139
48.9343
55.4557
49.6556
51.1147
51.2364
47.3261
48.2373
54.7252
51.0588
50.3431
50.6466
49.1291
53.9650
49.8773
43.3800
49.2710
46.1655
45.3244
53.0871
45.3093
54.2394
46.7925
46.3688
49.5382
51.5531
39.6348
51.9420
49.7432
47.5522
60.4905
53.2263
49.8381
52.7558
54.2800
46.5662
47.8457
55.4208
53.7804
50.7585
60.7959
50.2264
60.7885
53.0032
56.3339
56.5074
55.3057
55.7267
51.5598
56.2849
63.8943
56.7693
62.3700
58.9761
60.4367
49.1281
53.9730
57.0787
58.8011
64.4492
58.2764
55.4957
54.3064
53.8052
52.1988
55.6401
47.1625
55.4273
49.3180
44.8268
56.2111
46.8002
50.8372
70.8009
66.5465
70.5910
65.4398
64.0117
68.9208
51.4330
55.7398
63.9315
61.4080
57.4515
57.5342
59.3808
53.8376
53.4061
53.4978
54.1026
62.3826
55.1863
64.1478
62.2298
63.8606
55.4090
58.0323
46.7220
43.4249
49.1114
49.1043
49.4149
44.8922
38.6296
40.5387
41.0654
46.2199
44.0411
43.7557
45.8482
45.9185
44.7261
48.3120
46.2827
51.8315
58.0863
47.5596
48.0115
47.9848
49.5405
52.1577
55.8817
54.3097
52.7203
48.5621
42.9275
36.5325
40.2314
39.8272
42.0109
41.9984
46.4958
47.3073
42.1862
46.2038
56.9370
45.5934
39.7659
49.3257
55.2855
46.4958
58.3475
53.5662
52.7422
47.7053
51.0925
44.4032
49.0010
45.3550
44.0453
52.4135
53.0452
43.4438
39.8592
52.4291
44.7733
50.8255
51.3944
50.3137
48.6239
52.7483
57.8904
56.4574
60.2338
53.8415
58.2670
61.7430
62.2751
51.0117
56.5918
52.1580
59.9700
42.1195
39.0679
46.2954
53.1573
46.7201
55.9794
58.2792
53.8315
65.8922
61.1781
64.6005
65.3686
70.6093
64.3167
65.9488
56.9977
49.2645
63.4211
50.2079
59.5628
64.5209
65.4436
48.0827
58.8996
64.5760
65.5306
58.2438
62.0165
63.2185
60.2858
58.0599
63.1219
53.5668
61.3742
49.8590
47.9369
56.5980
52.9032
49.2874
52.8854
47.5119
45.8660
54.4124
58.2233
53.8868
43.7693
48.8368
52.8877
54.5724
52.8624
52.9218
59.4452
43.6199
45.9946
45.5056
41.8687
38.6546
45.3597
50.0796
46.4683
48.1879
50.9923
48.7741
53.6742
49.9493
54.0617
52.3903
42.6889
47.0282
53.3284
50.0176
51.8794
55.7996
56.1108
48.5103
44.9026
45.2103
47.6160
42.6715
42.3979
39.5675
43.9466
48.2077
46.0525
55.8882
47.4832
47.9559
53.7548
53.4550
52.7004
44.8397
48.5239
43.3661
50.3206
45.8445
41.1747
44.3831
36.6308
50.4159
46.4692
40.6708
46.4349
42.6812
39.4707
48.2955
46.6835
40.8959
45.6986
55.2784
56.1425
52.1411
52.5530
47.3422
41.0823
51.2008
49.9371
48.3145
46.1660
43.7303
44.6639
41.4489
50.6694
46.2302
46.0338
45.1136
43.5011
57.2521
50.3420
44.1137
40.8265
40.7322
42.6928
44.0951
37.8250
42.3957
42.5955
45.2943
46.4403
37.0407
45.3318
40.2415
42.7311
46.7682
38.9049
42.8177
38.4099
46.2449
54.4964
46.8976
43.0435
41.2719
41.5748
35.7721
38.7200
40.2658
44.9098
46.1901
42.9690
35.9200
50.0712
40.3312
41.9004
39.8196
40.8132
37.5626
36.5935
35.7510
35.7600
36.6968
36.7789
44.9633
47.6605
48.6043
38.1668
42.8054
49.9015
46.0798
54.4119
61.8713
60.7286
59.0763
42.0747
46.0340
50.0080
47.2402
51.6270
52.7512
45.1334
44.8184
41.1165
42.5710
46.9162
45.5948
44.0266
46.1765
39.1605
37.9096
36.4113
34.9463
33.8057
40.2364
36.9282
40.2732
43.0444
39.8545
39.1521
40.5330
47.8591
42.7918
39.2495
44.4715
48.3122
54.4285
56.4934
50.7978
52.7162
51.2784
50.9416
54.7764
51.8533
57.9814
54.7142
51.5930
50.1294
54.4819
45.6170
48.4234
51.9987
50.9286
49.9402
47.3736
48.1541
37.4751
35.9187
35.6227
44.2196
34.2027
35.6679
41.2255
44.6862
45.5056
47.9301
42.8879
44.1913
57.6232
53.2864
57.6026
58.2835
62.7982
58.2739
52.6136
49.7396
50.8813
59.5464
45.7310
42.3915
47.1365
41.5423
39.9029
42.6232
43.9964
49.6661
50.5161
49.1505
49.3732
54.5828
44.0112
38.4714
36.1627
41.1249
43.8698
46.7786
43.9629
45.9905
47.2304
51.2790
48.3781
52.7662
53.4498
40.1415
50.1979
54.5903
41.9960
47.6768
51.0062
48.7412
46.7857
46.8907
48.4653
52.0224
56.4600
49.8290
54.3795
47.7626
56.4229
52.2906
55.1080
50.5667
47.7681
50.4027
45.1207
46.0990
44.8890
48.2552
48.5299
51.5008
53.0628
51.5975
58.5137
57.7197
56.1038
51.6943
41.7686
49.3669
50.9369
51.9681
51.1261
56.3495
65.9082
51.6493
51.7436
54.0312
55.8336
56.8350
57.9485
66.2712
55.8809
58.3135
42.3885
58.2072
52.5401
47.9313
52.3411
52.8402
53.9432
53.5202
47.1514
46.4932
50.8540
45.6894
44.9948
47.3768
43.7506
41.2482
54.7999
45.8712
39.0216
46.8732
53.8957
45.7109
55.1422
48.6927
46.4814
49.8791
48.0249
43.0521
50.3685
51.4389
49.5543
50.8354
50.7982
45.8406
51.1949
54.3452
52.0408
45.1195
47.6971
48.9800
52.5959
52.5656
51.5708
58.4956
57.8884
60.0734
54.6871
51.9846
46.4638
57.6948
53.7642
47.0380
48.0392
56.1029
51.4974
57.1658
54.8235
57.8584
68.7798
46.5697
44.7928
46.9380
47.8657
45.6424
44.7216
45.8790
46.0536
49.3003
48.0679
50.6187
44.7400
43.4674
49.3481
50.6358
48.2890
44.2486
42.0194
45.4160
40.8204
46.7897
48.3754
42.3922
37.9557
38.1981
40.7583
42.8969
42.1318
46.5907
51.5642
53.9132
54.1081
42.7701
40.4015
39.6463
41.5783
41.4340
42.9660
40.0690
40.2928
43.0668
37.5413
42.8739
43.1177
42.7387
39.2816
38.3139
37.3914
39.8637
41.7652
39.4428
38.0263
37.4047
34.8224
36.6779
39.3484
42.8855
42.4039
43.6640
37.3445
37.0572
43.9273
42.4052
39.4572
42.0901
38.0808
38.9124
41.6533
48.5541
43.1225
43.8586
40.6749
38.2098
40.2867
42.1149
40.5705
37.2095
34.9185
37.1574
40.5925
40.0022
40.2562
40.0054
39.8478
37.8055
40.2240
42.0486
41.2370
38.3297
37.9092
37.1577
36.0973
36.0516
40.0884
38.8700
40.3732
40.0754
38.5615
35.7595
35.6941
42.4723
38.1516
39.9011
37.9963
38.3302
38.2396
38.9738
37.1442
36.7741
40.9298
37.9031
36.8938
37.4185
38.8086
36.5512
37.5844
37.7051
37.3295
36.4858
37.8192
35.7780
43.9460
40.8781
39.2985
41.4379
35.9005
40.2057
36.6465
40.4334
39.6471
39.3618
43.2380
41.6355
37.8614
37.7231
43.1722
41.8879
39.4880
38.2838
43.3756
45.7799
45.4040
48.4032
44.4817
37.0676
36.9922
35.3725
35.0824
33.8638
34.1590
37.0354
36.9223
37.7656
43.9956
50.0299
46.4168
38.4900
48.5619
37.3462
38.4071
37.6218
36.9025
35.7809
35.5436
33.3447
34.5653
36.3861
36.3817
36.1498
36.7897
37.0140
36.4092
35.5692
35.9661
35.9500
35.6321
37.7428
37.6727
37.7826
39.0919
46.7563
41.2218
46.7508
38.6689
40.7759
37.0177
39.3006
38.5355
37.6123
43.0902
42.8462
45.4634
41.4093
50.0622
61.4352
44.9762
54.0816
56.3269
59.1500
49.3481
52.7412
48.4026
49.0334
47.0753
54.5748
50.9611
52.3178
45.2185
44.2038
60.2180
54.1273
56.8404
52.2028
51.3697
58.8915
55.7073
54.5906
55.6262
52.5031
53.4772
64.3944
57.3166
53.2607
57.8776
50.1297
50.1671
51.8986
57.3534
51.4350
50.9611
56.6707
57.5525
54.0420
55.1940
49.8797
49.6338
52.4143
54.6251
55.6495
51.5164
43.3435
42.6633
42.6824
46.3066
45.3845
59.5298
41.7807
40.9417
40.8390
38.3419
39.4540
35.8490
34.8357
34.9332
35.1589
36.5801
38.0693
35.1063
47.2976
43.9470
41.3542
43.8796
40.6030
43.9247
42.3542
45.6907
40.9430
37.2167
36.1371
38.8824
40.4244
44.3706
38.2382
39.2857
38.2427
41.6056
48.9311
56.0679
54.7252
49.3589
44.5162
58.9724
55.7930
58.3197
45.1555
56.4304
41.7112
53.2111
64.8613
53.9474
52.9197
58.9737
58.6767
62.0482
58.2221
60.9655
57.5432
47.2058
44.4057
47.8758
44.2945
47.0562
41.4517
41.6083
48.8622
37.6796
43.5731
39.3032
49.7322
59.0419
62.5201
54.8150
43.4102
57.8626
54.2160
54.6020
53.5300
54.8920
50.2655
50.7890
56.7091
52.9654
54.1098
55.7967
58.4139
56.6491
58.0246
50.3541
52.7734
52.4833
49.4203
50.7606
47.0204
48.0832
55.4998
55.1878
56.5437
48.0647
48.6842
48.3984
43.1258
47.9211
43.1309
40.4263
42.6414
48.9839
39.1698
40.8723
45.3009
40.8663
38.8844
39.2802
46.9053
53.0561
44.8799
39.8102
40.5037
42.8157
38.5709
35.2830
35.4540
38.9922
39.5742
43.9272
40.2517
47.2997
40.0522
45.3519
38.8742
56.4518
47.7378
55.9542
55.8691
56.9632
55.9199
54.0321
54.6969
50.3794
52.8259
57.8228
60.3603
64.9969
61.0813
70.9622
71.2423
50.8107
48.6807
43.7630
47.5982
49.5411
44.5973
41.3833
43.8823
47.9782
50.7923
50.6064
45.9744
50.5999
55.8626
50.3658
52.8867
49.3855
50.5292
52.5042
41.2309
35.9705
42.1817
42.0632
43.5467
40.1915
40.3884
41.5169
51.1825
44.9641
49.7649
56.2780
64.1766
54.2406
57.3226
46.7025
50.2882
50.3779
51.8190
52.8189
50.8231
52.9183
46.5989
38.8195
40.7364
39.3957
51.6913
49.7142
43.9038
48.2868
52.2286
60.0394
50.6713
48.8980
45.9078
44.5211
47.7216
48.3814
49.2023
46.7641
51.8562
45.8430
50.6512
54.4422
47.5080
57.1821
51.8396
44.7412
47.3538
49.0816
53.8392
54.1788
55.3775
47.0080
50.2383
52.5991
54.4773
53.2417
47.0302
44.7385
40.6147
47.7265
48.9172
47.7078
44.3502
46.9258
54.1549
52.8312
59.9059
57.5181
55.6475
55.9914
58.1021
61.5919
64.9547
67.0874
67.6057
40.8170
43.3167
42.0071
45.1897
45.9047
50.4699
51.7139
57.8717
59.1442
55.6056
60.0356
49.0726
52.0240
52.0342
41.9774
43.7978
51.7842
54.3203
47.6654
52.1518
48.8040
51.0273
52.4208
53.4141
51.1831
42.9230
45.3013
44.9750
40.7140
41.5352
42.7328
51.3936
56.9410
44.7174
47.3592
41.8766
45.5732
49.4750
42.3657
43.4798
46.8136
45.5493
42.9196
42.0251
48.4063
51.1244
47.2911
51.9925
52.7363
52.9574
55.4552
49.9372
42.7780
41.3863
45.3588
40.5929
43.4443
48.8987
40.6069
41.3359
42.1970
41.5962
39.3867
39.6202
42.7800
45.1257
41.8257
39.4673
40.4419
43.5864
48.7870
50.8476
47.6873
47.9668
51.7155
55.7808
53.8974
50.2216
46.0156
49.6421
47.8737
46.5585
50.1506
50.8651
49.7841
48.8928
46.7087
47.8688
48.8255
50.5872
47.2042
50.8243
51.6340
50.5199
49.2802
47.5398
41.9667
38.1885
43.7843
41.6519
43.2598
42.4022
40.8476
40.3122
40.2603
39.4504
41.2718
44.1359
40.0138
40.2481
42.2576
44.4929
46.2912
38.7311
40.9461
39.7115
37.7560
38.1717
39.3814
39.4208
37.7501
36.5242
35.8746
38.2607
41.2652
44.4805
44.0941
44.2346
52.9451
55.2408
54.3147
49.7726
54.8347
53.3197
50.5545
46.5362
42.3903
37.5220
53.4512
47.8382
44.5262
47.1609
39.7890
47.4566
46.6975
44.6972
49.0411
49.1159
41.6336
46.0804
42.4810
43.3334
48.5040
38.8571
46.2813
47.4989
48.3282
50.1523
44.1051
42.0746
40.4979
41.0832
38.9341
39.2377
41.4770
45.0859
48.8832
48.2794
49.0103
51.3147
52.1137
51.4076
48.3861
47.2711
51.1966
47.8487
48.5537
46.3430
47.4610
47.7701
50.7821
50.5754
49.0174
46.9834
47.1070
51.4833
44.2872
38.6878
44.9559
45.7414
46.3321
49.1811
49.9086
48.4013
44.3172
49.4866
46.2406
42.9168
43.8208
45.6803
39.6702
46.2334
42.4413
43.0578
40.6466
39.8876
42.1196
40.6383
43.7514
49.0173
38.8303
40.1346
45.5713
36.8597
42.6051
43.6942
43.5358
42.7199
42.5511
47.3085
43.9506
44.5124
42.0165
40.5588
44.0960
45.1267
42.1426
48.7994
38.5215
43.9823
41.7263
44.5137
42.4917
43.6777
39.8695
40.7934
47.1845
44.0048
37.8258
39.4651
43.5244
39.2944
38.2154
39.0840
39.3907
39.0970
37.3523
39.6764
39.0117
39.6249
37.1842
40.5867
42.2522
44.2364
45.7163
41.9346
40.4376
42.0239
40.5016
42.0041
42.1261
41.7206
38.5757
39.5447
38.7810
40.2314
40.0476
42.5811
42.4257
41.4432
42.7799
41.9052
43.5349
50.9471
50.8460
44.6839
43.6327
38.0503
43.4375
39.6022
43.7056
44.3334
39.6917
43.3908
43.4318
42.4592
42.9594
45.6144
45.1909
48.2172
50.5461
48.9849
47.5955
41.6020
43.5307
44.5682
47.7629
46.3011
52.8158
55.0392
57.3522
46.4831
48.7203
44.4539
49.3950
46.4330
49.9550
49.3231
52.7858
48.0471
49.3530
48.4539
45.7302
43.8949
39.0802
43.1032
41.9572
44.1498
42.0129
41.4071
39.3645
46.8871
38.4947
37.7507
39.0410
37.7850
38.9625
35.3875
48.9655
47.2741
46.9953
53.6105
56.9880
48.5288
41.1489
43.6694
41.4526
43.0830
43.1495
41.8977
43.7266
38.5465
36.8987
37.3385
41.8618
37.3763
42.3768
43.3372
42.0911
44.4268
40.6227
44.2486
42.2267
38.4752
41.8114
46.3768
47.0536
45.2321
47.6292
45.4484
40.7541
46.6626
58.2727
50.6332
43.2052
37.0968
37.9955
36.6149
36.7200
37.0973
37.1927
46.1943
48.5868
41.3067
42.1582
38.4646
38.7120
40.1674
41.2863
43.1176
42.2728
46.8985
48.4856
40.9851
41.2439
36.7674
37.0388
35.9305
37.2231
37.4599
45.7508
44.9026
44.1337
42.1219
45.4902
46.4963
47.9910
40.4511
41.5649
41.2909
48.4584
44.9615
44.3134
44.9013
45.0107
44.2914
51.2614
39.6078
41.2331
39.7430
44.4068
39.9167
35.5116
39.0057
42.9549
47.0964
51.1213
43.4780
49.0131
48.6143
48.3384
46.7253
53.1410
48.4363
42.3294
38.7802
36.2564
45.5147
47.7889
44.9538
50.4592
45.6836
43.9167
36.1114
33.1901
36.9043
37.3403
38.1080
38.1849
36.6295
35.5066
37.2129
37.8900
35.1072
46.0183
41.8368
43.5819
39.6038
44.0507
35.4789
42.6179
37.6205
43.4166
43.1379
47.5669
40.5436
35.7497
36.0626
37.5916
41.5821
44.7459
44.8926
39.2615
41.5622
37.4743
43.7392
39.5698
40.1957
39.9683
41.8797
36.5980
40.2304
44.3775
40.6415
40.2681
36.3766
38.9239
38.1075
40.2369
39.6548
35.8073
36.5239
38.8344
35.7037
38.3208
38.6775
39.9423
37.8290
36.8465
37.7282
39.8205
41.6309
41.2558
38.5548
40.8422
44.4945
41.7323
39.4621
51.3609
45.4346
46.2152
46.3462
48.2930
47.3021
50.2187
46.4553
47.3255
42.7248
43.8093
42.8001
42.7429
46.4744
47.3717
51.3808
46.4852
39.9197
45.7771
41.1699
40.4250
39.4449
43.2763
46.5190
51.1539
44.5665
44.3622
47.1804
49.4721
47.3961
49.6776
47.4301
40.5977
42.9783
44.6078
42.4035
43.3609
41.5506
38.2389
46.7513
44.3884
41.2663
45.4676
44.5595
41.6363
46.5584
47.3055
45.3947
43.6822
48.5776
48.1652
46.8436
51.1245
49.2261
45.6912
45.7910
39.5689
41.9027
37.9115
42.5588
48.1581
43.0088
44.4438
42.6732
41.9393
44.6171
44.0824
42.7342
47.9974
41.2855
48.0895
44.4082
44.5980
47.6013
47.8316
48.0391
45.3419
47.3245
39.1474
39.6664
50.1763
38.7605
39.3623
38.4531
39.6082
41.3834
40.2478
53.4652
43.3490
38.0771
44.5110
33.8809
35.0592
46.2663
43.9188
47.5056
49.7547
52.5578
45.4216
45.9428
54.9367
49.7461
46.9650
47.0615
38.4840
39.2558
42.0269
38.4906
50.5936
51.0592
48.4475
50.5234
51.5690
43.1453
38.8650
43.3154
39.5583
42.1183
34.3591
35.0425
37.8406
34.1005
37.8506
37.5261
37.6545
40.0938
42.7345
44.9092
42.7103
44.2441
45.2788
43.4611
43.2383
43.1914
42.2261
41.9198
48.2841
44.1161
47.4483
36.2386
40.6223
52.3408
53.4793
52.9041
48.3071
44.4740
50.7838
40.0588
43.7587
45.5512
49.7057
41.8741
51.5248
38.0840
39.3106
41.2755
37.2527
41.0557
39.9191
36.3905
37.0949
36.6953
46.2119
43.6563
45.3795
42.3657
49.8581
44.3449
40.7980
41.8223
37.6138
42.3933
40.6715
38.9494
39.3738
41.1669
39.0961
38.8312
41.7413
39.6340
39.9397
42.1243
40.0548
48.8275
40.0882
45.5071
49.4954
48.6137
46.6030
49.0169
41.4758
44.7822
42.7760
41.5111
38.8926
38.2779
41.8451
40.9251
44.2330
49.6598
40.8149
42.1427
46.6220
40.7041
46.5762
47.0238
36.9297
40.8265
38.5994
38.6828
38.7412
37.9943
41.9605
43.5487
38.9796
42.4838
39.1023
39.3061
41.3585
42.2533
44.7081
49.0319
46.0470
46.8886
51.2166
51.8380
54.7721
53.0957
55.3269
57.1354
52.6011
49.1929
46.5801
38.2481
46.1113
46.0036
48.0528
49.4804
48.3566
49.6727
44.3806
44.3370
44.9191
49.6310
46.4750
36.9312
44.1713
39.2362
39.2383
41.0049
39.8668
39.1328
37.2877
54.2465
56.8569
58.9031
60.2418
50.8292
50.3332
54.4479
59.0574
54.0056
56.3136
45.5579
50.2656
54.1056
53.9850
50.3031
49.0990
39.7567
44.9666
47.9669
41.7553
42.7334
45.3049
43.4598
47.5425
42.1685
42.7051
46.9804
37.4333
39.8732
40.3103
42.9215
38.7068
45.2186
46.2182
40.3722
44.1371
39.3560
41.3313
42.2241
36.9877
35.4522
42.9308
37.5923
40.4318
40.5304
40.0436
38.6063
43.0898
42.8697
40.1853
40.7588
40.2236
43.1120
41.7109
46.1623
46.2730
50.2654
50.7250
50.1099
49.7270
44.0106
43.2784
45.8124
46.5396
44.0024
43.9024
43.1629
47.8316
42.7152
43.1219
44.2312
45.3753
42.5200
42.6131
44.3609
40.5163
40.6677
38.8843
37.7920
37.6171
39.5848
37.5375
36.5281
42.7322
38.7258
36.0954
40.2152
43.5680
40.5287
42.2079
41.9118
42.2525
44.8394
51.1022
41.9035
43.9490
45.5310
47.7883
50.4240
41.0445
40.9957
42.1709
44.1345
49.0176
47.0446
45.2539
41.5742
47.4778
53.0432
41.3821
53.1244
52.7150
53.3319
49.5440
48.0584
43.5168
48.2689
43.7668
49.5969
52.3479
48.5803
46.3687
48.8217
44.2071
46.7913
46.1439
52.3514
49.1516
42.4293
40.8345
42.8980
41.5746
41.4282
44.1863
44.0562
43.9463
49.0491
44.1122
47.2655
42.7131
42.8597
47.1689
43.0556
44.5600
46.1241
52.1806
47.2410
49.6935
46.4061
44.4570
45.3704
43.3057
44.4279
41.4987
41.6124
39.1478
43.0675
44.2498
36.8456
39.9875
37.1798
42.4253
37.0645
48.4619
66.4220
51.7624
43.0400
52.9616
57.5121
50.4960
47.8508
48.3165
51.2560
51.2333
45.5649
46.0167
40.4629
45.8539
42.7526
39.4291
43.0265
40.8081
38.0244
37.8165
42.4603
51.6297
46.5600
45.8676
40.8736
38.2505
38.2408
34.6758
49.1999
42.8256
41.7355
47.1833
42.8290
39.1463
47.1029
40.6500
39.5030
40.6381
34.8048
34.1397
32.7341
34.1645
36.2541
35.8992
37.5936
39.6802
41.1888
52.2843
50.4916
53.4607
54.0224
54.6070
55.5895
52.5123
57.8172
50.8174
55.0885
50.0438
52.0501
54.5356
49.0224
49.5484
43.0303
45.4667
45.0225
46.1161
51.5909
61.5010
54.7500
57.8339
50.6188
56.1482
46.1716
46.8951
42.2171
51.8988
59.3748
51.5102
47.7298
55.5980
47.2502
51.0957
48.7134
44.5004
55.4731
49.6031
61.1840
49.3014
58.1854
64.9321
48.5704
55.4792
61.5194
53.8228
57.2561
60.3154
60.7220
57.3311
52.4779
50.5603
48.6143
51.6230
46.6797
52.5906
51.3235
50.2607
48.7272
53.6512
56.1766
52.3279
46.4462
50.8884
51.4417
48.2929
44.9383
43.4220
48.7248
37.5395
37.8386
43.0260
40.2141
39.2948
42.0965
47.5260
51.3274
47.0422
45.9600
46.0078
45.9702
43.5386
41.7212
41.1662
41.0966
40.5878
39.8626
38.4601
37.5678
39.1481
39.7599
35.8770
35.6073
36.1532
35.5912
34.1807
33.9549
42.9576
43.0908
44.5239
47.0618
49.7393
48.9958
46.1473
45.6624
46.6810
45.3683
48.4050
48.1003
53.3892
47.7753
50.2056
44.1620
50.8914
46.5324
48.7592
50.9593
45.6353
49.8851
45.2155
40.0321
46.2803
44.4647
47.3043
45.0034
45.2299
42.6772
49.1000
48.2642
58.2557
58.6630
53.5282
67.1150
60.6025
57.6085
61.1759
58.1355
54.7936
61.9029
52.0867
49.6336
50.8364
53.3131
55.4144
61.1238
50.1299
48.3832
55.5594
55.5069
65.0935
66.2906
64.2979
64.2959
47.9965
50.4329
40.7624
47.1704
46.0594
45.8653
64.8571
47.7270
59.2291
56.1400
48.2571
48.9980
52.8397
44.0161
55.6856
50.1504
50.3457
45.6547
43.3647
42.6373
40.2857
50.4660
55.2462
52.5327
43.7349
42.4923
40.7110
42.8181
50.4791
51.5894
58.9934
60.1192
52.4444
49.1486
51.5225
38.1920
46.1693
50.0261
44.2821
47.2197
55.7906
59.5718
52.2046
49.9312
52.8002
55.2380
52.1718
61.2631
47.9152
52.4281
52.8375
48.3958
47.2835
39.7694
47.0609
45.5630
46.3322
52.0914
44.4882
46.8431
50.0642
58.9793
52.7291
48.4826
50.5314
55.2877
49.5288
45.2466
45.0762
44.2122
45.4644
55.8697
64.2910
63.3539
41.9342
43.6557
42.1472
45.2319
45.5650
48.1698
49.0811
47.2597
48.8547
42.4824
40.4470
51.8671
57.8020
39.6005
47.8351
45.9678
59.7417
52.0526
48.0892
44.1076
42.3917
53.6434
44.9232
38.6083
45.1758
42.6353
42.5199
40.8212
45.1522
57.2880
38.4287
36.3058
35.9803
40.6097
34.2763
38.5393
36.6741
36.9521
35.6455
39.5490
38.5107
41.2292
39.6923
46.5084
40.5436
48.9513
57.5331
62.6313
58.8192
45.8195
39.4795
40.6395
54.3728
54.0670
43.9422
42.5020
50.2231
50.9631
51.0129
54.3074
46.6153
40.9739
47.9199
40.5756
41.9808
39.8853
40.5443
40.9490
42.9241
47.9139
48.3454
56.6789
55.3962
53.2372
52.6778
52.1475
57.2866
58.2594
54.2388
60.4774
47.3916
48.9294
46.2899
39.9271
42.6648
44.3035
47.7488
38.2585
38.2907
38.8903
38.0902
44.3276
42.2624
40.5771
40.1799
40.4493
39.5893
41.8793
36.3591
35.9542
37.9817
35.0751
34.2353
37.0004
39.3330
42.7934
41.1738
39.0357
39.5463
44.5067
43.3600
40.3388
48.8481
47.5798
47.6958
41.8384
58.4830
53.7090
54.6282
60.0021
51.6792
37.1346
40.4000
37.8465
40.2776
39.2957
49.3044
49.4329
53.3147
46.9007
46.7542
44.6578
43.6446
62.2292
45.5803
52.9295
43.7677
52.2043
42.5428
45.1418
48.8324
46.0181
45.2790
44.0650
47.6440
51.5143
52.5435
61.5459
50.0903
54.9489
49.6960
43.1261
43.8517
40.6911
45.0015
49.9085
45.1080
46.6737
47.4979
41.2496
43.3608
55.8078
54.7736
54.5750
50.6801
56.1307
50.9725
46.9085
47.0281
50.4287
43.6781
53.4675
58.2428
56.1139
51.4038
58.9071
50.6540
47.1548
48.0185
46.9566
49.7864
48.0110
45.3755
50.7874
53.3911
59.1791
57.4235
69.6516
49.2895
51.2776
47.3814
48.9521
58.3874
48.2383
58.0778
50.6190
47.8278
58.5797
51.5588
48.5576
58.7828
56.8617
45.4311
39.3766
44.7167
44.7264
46.9667
48.9351
39.1525
43.6036
49.9745
42.7776
50.3807
44.6825
41.3150
42.8153
39.6896
42.1675
39.7041
44.7730
40.0800
38.8282
37.0310
43.3020
39.8629
42.9455
41.7713
38.7064
44.2424
42.9688
38.0129
40.9284
36.5012
43.7366
43.3658
39.2738
50.2363
46.0376
41.9083
50.4494
57.3869
56.7156
48.5807
49.5238
52.9030
56.2842
62.4984
46.1488
40.0493
42.7818
41.6334
59.8335
57.0050
58.4540
51.6671
57.9273
56.0414
57.2264
56.1894
47.3824
58.6076
43.3100
41.8819
49.2154
55.0707
49.2770
49.0835
52.4675
51.3138
48.2053
50.4189
47.1243
43.1300
48.2200
46.6306
52.4821
50.0667
42.4326
51.5399
55.7324
40.6985
38.2270
42.4210
38.5130
47.4821
43.6599
46.8386
48.2871
43.4782
40.4610
45.9783
51.2350
49.3232
51.3690
45.2688
48.1520
61.6455
60.8883
49.5910
61.9277
37.3804
44.8043
43.5452
43.6102
36.8987
40.9604
40.0417
43.2818
43.1866
43.2164
44.2358
41.1155
42.4693
43.2232
40.7750
45.1573
44.3778
45.8122
39.2378
38.6013
38.9307
40.1585
42.3297
45.1806
40.7693
40.2472
44.0123
41.8998
36.6042
35.8895
36.1308
35.5863
37.8767
36.7283
37.4633
37.7352
38.3726
36.2464
37.1541
40.8900
41.2244
42.6675
39.8723
39.9715
40.5839
40.4786
39.7218
39.7743
40.6612
39.8330
40.0083
41.0765
41.7255
38.8021
39.6537
40.9083
41.9067
40.2954
40.4040
39.5511
40.5293
40.5799
40.7562
39.2026
36.9289
38.7901
40.4146
39.5799
41.9187
41.7181
37.4035
38.8979
40.0414
40.8317
40.6713
41.6546
43.4533
41.4929
44.7728
46.4861
47.2978
47.9258
46.2683
44.0326
44.6864
41.7234
41.3585
42.2533
43.9496
45.5704
44.7002
42.3436
40.3653
35.1814
38.8806
39.0835
38.4484
37.5228
40.1333
39.5726
38.1130
36.7579
40.0863
34.3765
37.0260
34.9334
35.1676
37.3680
37.1487
36.8518
38.6406
41.4012
46.8226
48.0059
40.6812
44.0451
42.6430
45.3179
48.5329
51.2971
46.4310
40.1112
38.9805
40.3568
42.2146
52.8368
43.4296
37.4378
39.2479
36.3593
46.0414
42.9568
37.6632
42.3146
38.2348
42.6950
47.1939
38.7352
44.5385
63.6229
59.6497
61.9731
57.1447
58.0187
53.0196
53.7016
59.6699
48.5464
55.5500
57.1319
48.7502
64.8832
50.2205
58.5947
44.1195
50.1565
50.5157
41.1905
36.6214
56.1603
44.7681
49.9999
46.1835
39.4891
46.7235
51.8784
47.6639
52.0343
40.5653
36.9894
37.9621
45.1064
43.9153
34.0512
37.4571
44.3809
51.3999
43.5165
49.0043
46.4285
58.8399
56.7728
35.6651
37.5604
36.4732
38.5639
44.2257
40.0430
41.3083
46.4695
36.9844
37.9415
34.9728
38.8542
38.0274
40.0824
44.3438
41.0078
47.3092
33.6798
36.4920
38.4435
51.3569
50.7535
52.1738
49.5953
50.9714
50.7424
63.1943
63.5901
58.3979
51.3446
54.2892
47.9455
47.1797
46.0793
49.2930
61.5332
50.5497
50.0371
43.0873
52.8067
55.4812
50.7274
38.4101
54.6127
49.7375
50.7471
54.8378
50.6239
54.9625
54.0871
58.0530
40.9268
45.9703
41.8378
44.6943
43.5353
44.5505
41.7965
52.6158
47.3692
47.6927
54.7000
49.1578
51.9850
53.3531
54.5307
39.4278
47.3967
46.9934
45.9607
44.2201
55.0783
46.8868
42.7282
50.3216
54.1637
56.5903
63.4690
63.5653
53.0903
52.9414
45.2653
48.0376
49.2679
39.9887
42.9243
43.6089
45.8795
39.3849
46.7870
57.7037
48.0219
52.2014
65.4425
64.6480
54.3591
49.2359
58.8963
61.2548
58.8506
52.7172
57.4657
55.0118
42.0630
51.3649
57.3176
46.2300
51.7168
52.1192
42.4112
38.1189
36.8627
54.1690
49.3865
51.9719
43.1590
43.2056
48.4482
45.6515
49.9830
60.2768
51.3352
55.3920
51.0527
55.6499
58.7328
62.8243
48.2735
53.1678
48.3475
45.7865
51.4270
46.8752
51.1639
62.3845
61.7682
48.5717
51.1167
49.1540
45.8098
49.9309
54.1903
45.6211
52.2488
47.4924
54.2561
49.0018
56.8637
49.1466
58.4245
59.1952
54.5489
47.0833
41.1253
45.8689
50.0032
44.0517
44.7870
44.7423
43.1168
38.7990
38.6415
45.5326
41.3526
35.9641
37.6086
41.6645
53.8848
57.0952
54.5735
54.6016
42.8881
47.2790
53.7227
45.2579
43.3199
62.9590
72.7199
66.8372
57.1534
57.8210
53.5821
55.9659
45.0903
46.1491
44.8077
55.9055
63.0536
53.4193
58.1351
54.1185
58.0691
66.6348
58.2056
80.3956
60.6575
54.0445
38.0997
41.0344
49.8355
51.3901
49.2411
42.1757
43.2388
50.1298
51.3609
49.1804
49.9161
43.4780
46.4070
46.4826
58.4881
50.0597
55.5199
60.1748
57.1314
59.9315
57.9445
59.1357
65.6620
60.7354
63.9269
61.6986
58.3295
57.5444
50.1601
52.0433
53.0206
55.6636
55.2253
51.9748
47.6446
48.2388
53.7976
55.8178
51.4946
51.9131
63.4113
54.8399
50.0225
56.2256
56.2475
46.9373
52.7701
63.9714
53.0208
51.0188
42.8094
37.8949
38.2484
41.4627
39.3957
37.7014
38.6820
44.2587
43.8016
44.9787
51.9404
50.4465
44.1927
52.5489
45.7508
61.1993
57.3657
53.4552
55.5273
45.2804
51.6787
58.0560
58.0950
58.6555
51.7380
45.9556
37.8654
48.7629
44.3177
39.4514
44.6266
40.1735
37.0888
38.7308
39.3274
38.0555
39.2118
42.5660
39.8591
41.3868
41.5016
42.3355
41.9281
41.0719
38.9674
36.8028
40.6704
38.6444
41.1010
41.4391
41.6040
45.3493
49.2179
42.3870
42.4583
39.2757
45.0423
45.2248
43.4756
46.7299
43.7186
47.2242
47.8805
37.3117
44.3104
49.8878
44.9911
45.5419
47.1339
43.1308
51.1682
43.7402
43.3812
47.7970
47.0047
50.0807
46.5585
44.7901
50.5015
55.5289
48.2703
51.6835
56.4762
58.7680
53.6819
53.5902
53.6914
49.7249
42.4873
43.6727
46.7748
45.6477
39.1272
42.2445
41.7466
48.4184
46.6546
52.7012
62.8054
39.7500
43.0163
60.5875
51.5724
48.2082
44.5937
42.6812
43.7781
38.5346
38.7287
43.0342
43.3058
43.1709
42.9626
42.7677
40.9532
38.5759
38.2262
41.2428
40.5378
44.7479
48.2202
39.5994
37.5428
39.2218
40.9008
41.9861
47.6119
64.0823
65.3448
46.3179
60.5071
60.9925
72.5371
65.9269
60.9546
55.7530
45.6729
47.1613
55.8706
49.2031
62.4157
61.1821
65.5338
63.8637
62.0164
61.1589
61.1884
65.0436
57.4285
70.8619
54.8981
48.8608
51.7602
44.7695
43.6093
50.2458
38.6985
41.3241
46.1959
46.8467
48.7941
45.1594
45.2590
46.7324
46.5348
44.5536
45.4773
46.1760
43.2846
43.0645
43.8402
46.0003
44.4745
47.6985
46.2390
45.4004
44.1483
45.2599
42.3884
45.3253
49.7579
47.5235
55.2235
59.5282
64.0072
56.1481
66.7776
47.8465
50.6376
50.1109
53.2261
45.9688
40.7013
49.2616
58.2059
61.0119
58.7609
48.2987
50.1085
62.3838
58.5892
55.1788
60.6324
45.5869
44.1986
55.9707
61.3703
47.3413
47.1604
57.0623
50.4438
51.8884
63.8553
62.5638
51.0529
55.2594
59.7285
41.8917
49.9815
51.6145
55.1433
51.9889
50.2796
48.2857
51.6417
62.5460
52.8408
54.2245
53.8935
40.1680
38.0541
43.5041
49.0507
49.8638
58.0793
59.1816
60.3028
52.1258
43.9096
49.5255
51.8224
54.1110
49.4590
46.9868
53.3796
57.3356
53.2384
56.2914
62.4530
50.9060
50.5031
55.3129
45.2022
58.1353
46.2283
55.0779
57.6511
69.4945
57.2728
55.0945
51.8593
58.4066
61.1117
59.8127
66.0407
53.0467
71.0135
64.0812
65.8298
51.1445
51.2356
54.9417
54.6172
54.8503
55.8507
40.2514
47.1660
46.9828
48.6151
45.1530
47.4108
48.9660
44.9809
42.9363
52.8417
58.6049
48.8342
53.4227
51.9905
64.8200
53.6277
54.7310
62.6809
68.5676
68.4554
65.5127
60.1578
53.1828
39.4285
39.5733
46.5150
53.2443
42.5744
46.2668
54.0019
46.0401
51.0646
45.7851
61.1921
54.7242
60.5776
52.5493
55.8913
54.2628
58.5524
63.0467
51.7670
43.2969
53.6002
47.0018
52.6362
45.0942
46.4939
35.9670
41.6414
40.4045
53.8677
58.7973
61.0548
48.8392
44.8280
56.3652
50.7704
57.2493
57.2773
49.4469
48.6315
44.2837
52.6310
45.9784
54.9024
59.4038
57.8257
46.4001
38.3357
54.3758
56.7018
56.9049
54.5310
51.5087
63.1079
55.7092
56.4870
55.7866
57.0189
57.2623
57.7921
59.7214
62.0324
59.6771
59.8347
61.3660
58.8631
60.7740
67.0447
73.8782
80.3014
76.2045
70.8768
71.7213
72.8331
68.5830
60.1233
58.7929
56.0035
63.9423
67.0119
65.3289
60.0967
63.7100
53.4644
55.3165
55.6173
52.0312
52.3542
55.2853
58.7577
60.9692
55.9925
61.0141
61.5208
61.2294
59.8166
53.3643
56.6707
57.7034
62.0987
61.1477
63.8641
62.7888
56.9994
59.2967
46.1556
53.8150
48.8236
50.8282
45.4890
49.3279
55.1229
55.1689
58.6365
57.5924
58.7665
55.0810
51.4805
60.6932
59.6616
63.2947
58.2183
55.1310
55.7326
47.3774
52.6534
51.2687
54.4121
54.4746
53.8141
62.4666
54.9846
48.4489
49.0820
60.8688
44.2714
56.4650
52.9702
41.5610
42.5632
41.9208
46.9246
46.3958
45.9279
38.7395
33.9955
39.0765
39.1221
42.7882
39.4395
38.0217
37.4830
42.5867
41.8202
41.6696
42.3515
52.3559
43.8918
44.5547
47.8421
49.0952
54.5891
52.7652
57.9517
46.5996
51.1514
46.6246
49.6504
43.0559
52.4643
50.4451
46.1325
51.8087
50.2419
46.3613
57.3749
51.6360
60.3876
71.0058
63.4635
57.7641
69.1423
58.4443
56.0068
53.0418
55.2565
53.6623
44.6394
43.6609
64.2312
49.0691
52.3014
54.3558
51.0438
45.3065
46.2598
48.9130
46.1324
46.4589
48.1725
57.2376
49.9204
61.2854
56.8262
55.7724
37.4472
53.7253
53.5311
56.0794
54.6125
59.3074
40.2100
43.7881
44.8867
39.1160
38.3997
40.1376
38.3261
39.8021
41.2270
46.7802
39.4191
38.8819
39.3866
39.3480
39.3650
41.0558
40.0735
45.6103
45.1090
41.4748
43.3494
44.9227
47.1858
52.9107
50.3131
51.6226
48.4357
51.4109
52.3646
52.2268
47.9471
47.3183
48.7558
46.4860
45.9518
51.5906
43.9691
44.3402
46.2837
47.4401
45.7475
44.1212
46.6594
48.4045
44.2095
43.0030
43.7559
44.3837
36.9126
38.7843
47.7281
39.9288
51.0470
51.0687
48.3809
48.1118
41.0820
48.4185
50.2990
46.3989
43.4770
42.6134
50.9416
48.8594
50.8619
53.9003
51.4214
46.6708
51.8985
51.4067
49.5719
41.9043
50.3128
52.1936
52.5866
52.6466
55.2006
58.0468
60.1345
59.0511
51.1661
46.1809
48.3447
45.4976
46.7077
48.1094
44.2398
44.4724
39.8242
45.5578
48.2533
42.8293
46.5113
44.4361
47.8662
47.1302
45.9182
55.1542
44.0800
42.8882
53.6191
45.9000
48.6321
54.4179
52.9139
53.0664
51.5744
54.4637
57.9055
54.3003
51.5949
65.3215
59.0838
50.8707
60.5877
56.9105
54.6694
54.2090
59.3235
40.4116
46.2637
46.2771
37.4352
38.9821
38.6915
39.0101
40.8615
36.8057
53.2063
50.6129
54.4619
51.8293
53.7214
52.4741
48.4987
41.5074
38.5292
41.7018
37.6497
49.6909
55.1537
40.1424
43.3501
38.7207
42.7069
41.9494
41.6033
47.5207
42.1501
40.5708
45.8580
43.2495
44.2995
49.2663
45.6544
43.7983
41.8568
42.3910
38.5383
36.9760
36.3916
34.2005
35.7664
35.5394
43.0573
43.0049
39.7051
41.8339
44.4820
41.5140
40.9513
43.2868
45.5854
50.2484
47.4338
46.3186
46.8510
44.0897
42.3603
41.1436
42.2181
41.9435
40.8184
43.9236
44.9512
43.3311
44.3656
41.1984
39.6596
39.0418
44.4780
48.6931
44.9119
46.7317
39.3865
52.7447
48.2027
50.2019
50.7983
49.2157
51.1016
46.5529
46.4418
46.2335
49.7893
52.2493
45.9341
45.1751
44.1216
44.3585
45.2463
42.3062
47.5223
50.7523
52.0189
59.0409
55.9742
61.2313
55.3800
45.8423
58.2954
52.3061
55.6588
49.0194
46.2634
44.1978
45.8456
49.0301
48.7836
48.0862
52.2173
52.1610
46.2987
48.2818
46.4748
47.2290
48.1479
40.4219
36.9495
39.2624
39.1311
37.2881
36.2523
35.8596
38.6513
37.8714
40.2543
37.9286
38.0113
40.3980
39.6101
37.1271
38.2370
44.4001
44.9691
43.4164
42.1084
50.1489
46.0370
45.5735
48.3493
49.4708
49.7069
47.1066
47.7665
49.1047
43.1671
45.6126
46.4368
46.2932
46.4662
43.3354
49.8527
51.5415
46.5694
44.4502
40.4055
42.4815
46.3175
43.5637
40.0583
40.3337
42.4721
36.8486
37.6354
39.3155
38.6911
47.5548
44.0983
43.5510
41.7338
44.2880
40.9881
39.1931
40.9418
37.7963
42.2385
42.0732
41.2240
40.7564
51.4353
47.6804
48.0731
42.1518
43.6230
43.4706
49.3494
48.2781
51.3486
51.0181
44.9989
41.5064
43.6151
51.1969
50.1277
54.2009
41.9279
52.5830
51.3738
46.9059
38.9894
38.1440
45.0314
41.1064
39.1028
43.8403
50.4598
55.2214
53.2519
40.2358
39.3835
39.1030
36.2705
41.0993
38.8531
38.8668
39.8177
40.6718
41.1557
40.7474
40.5063
40.1838
41.8153
44.5478
42.5644
47.1375
44.7081
55.5370
50.7990
49.1716
59.5859
46.2721
47.3551
54.4596
49.7256
46.0848
51.3886
48.1157
49.7125
53.0193
50.1030
60.2117
58.7905
53.5126
58.4051
46.9159
40.7185
42.0173
48.9727
51.2186
45.8010
44.5137
41.8983
41.4891
42.5459
44.1355
45.5288
39.2406
39.6416
40.2564
42.0673
36.2903
39.8360
40.1182
40.9380
43.0650
37.4258
40.9358
37.6367
38.0443
40.9996
37.5922
36.8316
36.8082
35.4358
36.7006
36.0762
42.5038
41.6793
41.8838
40.7233
43.2675
42.9665
43.6278
46.6437
46.8031
46.7228
52.8238
49.6171
46.0851
51.2900
55.5673
52.5723
54.5651
54.0069
48.0919
43.0930
44.7917
44.0390
46.3728
44.8526
46.9718
43.7384
44.0791
51.6425
54.1530
52.7118
46.3432
51.0821
46.0811
47.1445
46.5492
44.5352
49.4172
46.4393
51.0099
53.0529
52.0674
49.4565
45.3532
48.1358
44.1512
44.9650
44.2356
43.8481
45.0816
41.7390
39.3250
43.3917
36.9609
40.7998
42.8005
41.4783
46.2593
47.5859
42.3518
45.2891
45.8616
44.7621
40.6225
41.2559
44.2786
43.2872
43.0608
44.6173
45.6476
45.0920
46.9063
43.6084
44.0098
47.6483
41.6813
38.6482
36.3708
38.1694
36.3166
36.5413
41.0547
43.7235
41.1335
41.8240
42.5802
40.3390
41.1312
40.6054
40.7765
37.9047
44.1662
39.0283
39.3545
39.2354
38.2861
38.2163
37.2717
37.6540
39.9543
38.9305
37.9911
37.2214
39.8327
41.3123
40.5725
42.3456
41.6838
41.6014
45.7346
43.9323
42.0883
45.3377
47.2290
43.6504
45.1270
48.0799
44.5703
45.3847
48.8864
48.0612
46.4951
47.5195
45.8802
38.3476
40.7367
38.1595
37.7006
41.2303
40.0515
43.3582
43.5876
42.5629
40.1480
38.8789
37.3882
37.5495
39.1834
41.7748
38.4042
40.3897
38.8756
38.6045
38.6334
40.4714
37.7076
38.3557
39.7340
41.1168
42.0733
39.5464
41.1238
39.1352
40.5646
39.2063
39.8108
37.8674
38.4599
42.8980
42.2178
41.3823
40.0847
40.2668
40.1398
39.5485
39.8965
37.7345
39.2960
41.2447
38.2896
37.6686
37.9174
38.5315
37.7127
53.6502
42.4352
43.7711
41.6670
38.5736
39.8502
41.1906
34.1181
34.8305
45.6312
41.2842
42.2167
39.2456
35.7767
34.1638
44.0803
40.7341
52.6981
46.6872
49.2508
49.7151
53.3882
51.4149
60.7794
55.1322
47.6457
52.4237
57.4465
54.6382
58.2720
53.0397
55.8700
50.3681
49.5617
41.4819
38.4583
42.6211
50.9325
57.1084
58.8287
44.6550
48.2045
45.8072
45.0192
41.3375
44.5991
48.2254
44.4451
44.9191
44.1409
35.9596
40.5621
40.6996
39.0270
41.8419
38.6598
40.6871
39.3837
37.6434
39.7297
39.0200
42.6719
41.3083
35.7668
37.8171
39.1798
36.0438
33.8704
36.1675
34.8570
34.9215
33.4394
35.8667
40.1887
37.9046
37.5945
33.3554
34.3933
35.7808
42.4813
36.3538
37.2394
39.1666
42.2078
42.5726
40.2329
41.1941
43.3712
39.8088
37.9971
38.0707
37.9854
39.5036
37.7577
61.6133
56.7202
62.8165
60.8109
62.4916
42.3522
46.4523
50.2001
41.9839
53.0360
50.6633
51.7817
55.7669
55.1641
49.5307
51.5209
53.0561
49.3901
45.2124
42.0214
45.0980
41.1080
50.6601
41.2726
47.9365
44.3690
50.4204
49.2260
47.8373
44.4984
47.8157
45.1078
37.6504
47.0521
42.5848
45.1790
51.5840
48.8158
48.9620
45.6287
47.2588
45.6458
47.1370
42.2107
44.0790
48.1091
49.4070
51.1192
42.8773
45.8821
42.7404
45.6685
47.6382
43.1216
46.5309
43.2167
49.1364
54.5861
47.6065
52.8877
48.3393
42.6572
53.6824
51.4219
57.1256
58.7459
49.9815
45.1304
45.0707
47.2607
50.7267
49.0675
51.5267
52.5623
50.1617
43.1268
55.2100
54.7446
56.5848
48.4596
59.1600
51.0647
38.5154
37.5707
36.3736
36.3064
41.1794
39.4697
37.4628
47.1728
45.4386
39.6277
51.4619
53.9613
58.3720
49.2685
46.8173
46.6161
50.5524
51.2436
51.7226
56.4209
47.9991
43.9771
43.2498
47.4069
48.9271
39.8907
39.9763
53.6281
56.1205
39.2746
40.6395
43.6704
46.5428
39.9372
43.4453
39.0177
41.3411
37.6427
40.7684
42.0209
47.0497
35.2139
53.3518
57.1349
48.3687
44.0569
53.0052
45.4929
48.4830
56.6293
54.6197
48.1985
40.5362
44.3632
42.1177
47.8980
45.4946
50.1413
37.6269
60.9833
63.1561
53.6591
60.8698
65.7254
67.1716
59.0470
58.0476
51.8808
62.6405
44.8712
55.0640
51.9301
58.7899
54.4075
49.2727
46.6791
46.6389
40.7576
38.1799
37.4105
31.5720
40.9153
36.9112
38.7330
40.6718
39.5655
38.9125
39.1245
37.8842
38.8167
41.7260
39.2882
38.7798
40.7159
43.0169
41.8255
45.2831
39.7661
41.9911
38.4924
40.7494
43.2811
45.5910
42.2075
46.8899
44.6299
49.2939
47.1084
44.7763
44.9759
46.1142
43.3939
42.1307
41.6314
36.4625
39.5622
40.8972
40.5007
39.9640
39.5878
36.5597
37.9749
36.7345
36.5728
36.3662
37.6778
36.7590
36.9310
36.0911
39.5970
39.6392
39.7681
37.1522
35.3996
34.2696
37.0311
35.3218
36.6452
37.0479
41.3081
38.8257
39.4939
46.0033
42.5111
40.8564
42.1844
43.1903
41.9738
48.5535
39.3874
38.4868
39.8296
41.8114
41.8932
39.9092
37.7400
44.5361
48.9646
38.6258
47.3312
45.0845
43.2176
45.4577
48.6202
43.3934
47.8294
58.6126
54.1358
53.4119
53.0542
49.3022
48.3849
47.5762
46.6430
45.0217
54.1398
55.4560
53.7740
50.6934
43.1895
42.7551
43.3897
43.8887
38.2171
39.4134
40.4618
42.0830
39.7384
40.9705
41.2636
42.8134
42.6126
39.8252
46.2252
41.3059
45.0768
46.3227
43.2972
43.8521
47.0716
43.1541
36.8073
41.5302
43.7038
39.8222
42.2034
41.2798
42.3484
41.0701
41.6986
42.4291
44.0676
41.5483
40.8516
39.9943
50.0683
52.7896
48.9521
37.5143
46.8206
45.1461
41.9315
41.7795
45.5578
44.2571
42.4958
44.7546
51.6056
42.0890
44.4405
40.3065
45.3630
46.9772
44.7821
41.8758
41.4016
41.3933
41.9478
48.3064
44.8443
41.8594
41.3428
36.8044
41.9727
42.7688
45.1160
39.1738
39.3155
43.3489
40.6277
41.5054
42.3057
41.0710
43.4519
41.5461
37.8316
43.0388
41.0959
49.8650
50.8418
54.7919
49.5927
52.1889
54.2440
48.1552
52.6055
49.8453
45.0705
52.5338
62.6937
56.9351
53.6744
51.6384
55.5035
55.4358
60.0759
61.8019
59.7024
63.1740
58.9117
54.8137
62.9974
56.5437
57.3259
57.2224
58.0311
49.5507
48.4482
51.4982
57.1910
57.6093
62.2574
49.9147
51.2739
43.7474
43.4984
46.3681
40.9146
53.7405
48.0950
47.0158
46.3177
40.2809
38.8067
42.1249
45.8793
48.0452
42.2804
50.1204
47.1990
44.0220
46.8156
53.5490
44.3567
41.7797
41.7580
41.8323
39.8409
44.5670
40.9427
42.8443
41.2248
47.3404
44.9794
44.7366
48.6768
49.1776
54.8623
50.7376
41.3656
43.9149
42.6215
46.5437
45.8337
43.0770
44.7224
43.4703
38.2826
48.9979
49.2781
47.2568
56.5276
45.2205
43.4808
45.8949
49.2121
50.3224
42.1807
42.8136
42.6270
43.8856
51.2732
55.9018
53.3785
53.7611
52.6983
46.1286
45.3737
41.1945
44.3914
51.1199
42.6323
52.7082
51.7784
51.7056
49.5586
64.4745
70.7813
62.2227
56.1935
52.0620
50.3152
56.4650
53.8790
43.6788
52.5464
49.3337
50.4985
44.5262
47.5292
54.5332
54.9876
59.9413
57.3640
51.3395
51.7108
42.3359
41.2006
41.5140
43.2325
45.3466
43.5512
42.9885
44.6865
50.2273
42.0550
39.6046
42.3462
38.8973
42.9721
43.0818
38.5136
52.5467
56.7705
47.8401
44.2955
45.5286
43.4533
43.9599
43.5042
42.5546
41.0420
44.5869
41.3226
47.3391
46.0075
43.5055
41.1047
44.7518
40.8932
38.4695
38.6448
41.4370
37.3748
41.3317
39.7756
42.9132
41.5805
47.4113
57.1132
55.9056
53.2205
56.2584
59.7154
54.2187
58.4240
57.3724
56.8727
54.8836
58.6122
59.7116
59.2575
56.0323
53.9431
56.3217
55.6805
51.7992
58.3127
57.9249
59.6061
53.9542
52.8201
59.4437
57.9149
51.9964
48.4470
46.3875
48.6426
46.1297
48.5626
43.4341
48.7911
43.4471
44.4364
43.1659
45.2248
42.4898
46.0776
44.3831
46.6476
45.3539
45.5141
46.0979
45.3303
43.5611
44.6682
49.3232
59.1925
61.9798
55.1900
50.5436
48.0288
47.1362
53.9576
55.3376
52.7164
47.9087
42.9318
51.6907
50.9008
49.2379
49.0004
45.5171
48.3030
50.7002
47.8679
59.7487
56.3337
48.1252
52.5352
53.1983
42.4346
48.3432
49.9297
49.9095
55.8167
52.3529
56.8832
68.4406
68.8654
65.5464
60.8775
55.2180
54.6411
57.1226
51.1438
52.7907
48.8402
47.2746
48.0622
50.1496
50.5945
63.2299
51.2903
56.7822
58.4422
65.7460
52.0792
58.3087
55.1361
59.1467
66.8977
61.4959
60.2672
55.5346
55.2381
44.2107
45.3845
38.8372
45.5355
37.3377
40.0707
50.6333
50.0826
47.2625
51.8532
53.9935
45.1220
52.6699
66.6483
50.8164
49.8754
52.1229
47.7885
44.0741
45.9601
40.6154
39.3313
43.2694
62.6359
66.3601
58.9279
67.6595
60.3410
70.9230
67.5291
51.6655
64.8550
65.5638
63.1765
64.6727
60.8218
66.7169
72.2538
54.4390
57.3662
52.0418
57.3607
59.7814
68.9100
69.3714
64.1465
72.4062
62.4290
61.6646
43.0921
47.3827
54.5609
44.7372
50.0032
49.6443
50.9931
50.1014
46.9388
42.7538
37.0687
41.4717
43.5285
41.1757
39.5915
38.9844
43.9837
46.4296
45.9548
43.8134
44.3961
47.8396
47.4208
52.8832
61.0294
68.4267
52.0641
61.5548
64.4152
64.8530
58.6592
62.3228
55.4175
62.0036
58.3242
48.9407
45.6930
42.2447
41.0119
48.9344
44.2311
42.6229
43.2808
43.0165
47.3830
44.8016
45.0890
39.8219
42.3727
40.3674
43.1844
44.6751
49.7442
48.7301
44.7158
40.2073
47.8437
50.2349
58.8603
56.8453
50.2508
48.2592
50.6803
50.7597
54.3930
59.8669
48.7749
42.8347
53.5576
50.4937
47.8656
49.2214
41.2422
42.2765
41.6220
41.8345
45.8992
33.1872
40.8583
38.6176
40.1625
41.3264
41.1596
43.2515
42.5384
39.7521
38.2152
40.0573
38.5028
38.7064
38.7025
41.7631
46.0005
46.7322
51.1852
49.0918
38.9705
44.9692
45.2772
58.6473
52.8811
57.0436
42.3659
42.9993
41.0999
39.1363
41.0168
42.6624
38.6416
39.2675
36.9954
38.6491
41.6003
41.6446
38.7345
47.8090
51.7815
49.5144
59.8750
58.0175
65.2694
64.5554
49.5970
38.5325
44.3115
48.9198
47.7708
34.6183
47.3708
51.4515
48.4389
46.4178
54.0386
52.4436
46.5480
46.2396
40.7769
43.1871
42.7187
39.6881
41.4692
39.7212
40.6330
43.9403
41.9004
36.0384
40.8676
39.0720
40.9545
42.6560
37.3119
41.6158
43.2038
41.7600
41.5364
42.1087
39.2104
36.6884
35.6699
37.4579
37.6400
38.1356
36.5638
40.3956
37.7019
36.8988
38.2981
41.9058
36.0437
37.3763
38.4572
38.6247
37.9279
39.2261
41.8067
42.4457
41.5388
37.2114
40.4186
39.9005
40.2606
40.2566
45.8440
40.7317
46.3156
46.2107
48.3197
45.7108
44.1539
45.5371
45.4560
43.7289
44.4669
43.9608
39.7984
42.4048
48.1447
44.7042
39.0698
49.8221
47.8619
53.4478
43.4957
39.9442
45.9103
41.0320
43.3384
42.9438
47.5022
55.0075
54.8405
56.0296
59.3547
49.9371
49.5382
48.3026
53.2269
58.8753
57.7539
63.3069
62.6874
67.4099
68.3876
60.0813
52.8958
64.2271
56.4310
64.9946
59.1050
56.0797
60.0589
62.5298
67.8070
62.8947
55.4077
68.1067
67.5634
71.5355
59.1993
64.4404
64.9416
63.5241
54.4769
47.4364
54.4132
60.6815
53.4788
68.0261
64.6734
54.3240
52.6806
54.1173
73.4873
53.5350
67.1377
53.1659
53.1156
64.3288
49.4588
62.2774
58.8066
68.1206
67.8124
59.2719
56.9707
51.1265
55.3035
58.6305
55.7136
48.8795
50.1628
59.2225
56.3238
59.3294
56.2501
51.1853
48.9398
49.9844
45.6949
56.4716
53.3238
57.2393
48.2242
47.0708
54.4974
53.7436
53.3759
48.8812
53.2223
62.5596
59.9001
57.7850
52.4868
56.6589
59.5678
62.2685
44.1931
51.3246
43.0796
45.2724
45.5242
35.8359
37.4404
42.7276
44.2358
58.1922
50.7180
53.5033
62.2803
62.0020
43.0020
50.1696
51.7651
57.4569
55.4027
55.2787
52.5086
56.3457
50.4492
41.5371
50.3098
48.1448
42.4990
44.4621
44.8259
47.9840
48.3874
54.6207
55.8902
60.6608
57.0312
55.3207
57.5042
65.1067
62.8482
60.1643
55.9167
50.6627
58.6010
45.9594
47.9705
44.2008
51.6529
46.5051
47.6144
53.0907
46.9969
53.6033
50.6549
58.8620
58.8449
59.7298
54.1847
52.9938
47.9220
47.1785
51.1690
58.5602
53.2816
41.5665
43.6345
39.3649
42.3844
41.0027
40.2851
39.7435
41.9343
44.9177
51.5145
42.5160
36.1268
38.1070
35.5414
44.8020
57.7788
52.5486
53.3806
51.7950
54.5918
50.5531
46.6932
50.7573
46.5077
43.2807
39.4294
49.8701
47.6671
50.1063
47.9651
51.9310
46.7009
43.7027
39.9760
42.9253
46.3139
42.5191
46.6006
53.4890
47.5920
43.7444
46.7352
53.8239
55.2691
58.0161
50.3151
48.7719
45.3758
51.2974
56.2848
53.9721
41.1115
45.7946
48.1224
57.4096
50.1307
54.9344
53.1342
44.6779
48.6705
46.7716
53.5685
50.9594
43.8762
41.9364
45.5585
44.7133
40.1478
42.9708
47.5655
47.1575
46.6855
51.1053
49.4381
47.3260
37.9846
39.6860
35.3397
37.7514
47.1879
44.1624
43.8717
45.8628
55.2764
49.5374
50.3090
53.6313
45.5296
37.0993
36.0569
36.3271
43.5990
46.6451
45.8487
39.1497
36.7216
38.4380
35.5905
33.3820
33.8316
35.6137
36.1740
37.6256
38.1734
52.6605
40.2924
39.6320
39.9125
38.9708
50.6965
50.6085
37.6475
44.6703
45.8316
38.1421
37.1894
34.7666
34.6816
37.3691
39.8928
49.8447
41.7932
51.6309
49.0887
47.3468
49.0479
46.5948
46.2221
46.0166
38.9031
39.6673
44.0808
45.7692
48.0568
48.2091
39.9954
41.8326
43.6737
56.6620
51.9787
50.2911
49.5645
52.0964
44.6720
41.9054
56.0264
55.1056
62.7806
49.3981
51.7911
40.8028
51.8804
42.2448
45.7203
52.9317
50.4598
51.6103
46.8585
42.3628
48.8720
54.2820
49.3333
55.6556
54.3884
55.2780
59.0335
54.4126
59.3049
50.5715
52.2020
47.7344
46.0524
46.4163
49.3754
48.3839
55.3429
39.0277
46.2306
44.6834
39.1551
47.5888
47.1939
48.3001
44.9083
50.1502
43.3618
43.3287
40.6448
41.6750
35.6127
36.5972
37.9021
36.8266
34.8891
38.3055
39.1721
36.0691
37.5070
41.3383
38.3865
45.9051
44.5595
41.9368
45.3200
44.0165
44.2362
43.5902
45.0144
50.3381
44.8330
54.6964
58.0530
57.6281
55.6859
60.4775
50.9923
52.9897
50.4653
42.5565
40.4326
37.2334
41.6402
45.4001
46.6181
44.8343
51.7029
40.9299
43.5660
41.0748
39.4161
40.1557
40.1391
40.0123
41.1295
43.7556
40.3134
42.9995
41.8522
50.9128
47.3752
43.6960
49.8269
48.4869
44.4396
43.5454
46.9029
46.8980
42.2838
51.7862
58.4612
38.6245
44.5906
45.8623
51.0971
54.5550
49.0243
55.3236
48.6980
43.9099
52.1193
46.1115
53.3569
58.6990
37.8152
37.2631
42.0534
39.2030
37.9245
41.2110
38.0417
36.8559
40.7674
43.4390
45.1216
51.5427
55.4672
46.3666
47.4538
39.5086
44.7550
52.5366
45.3554
52.0152
43.2248
51.3452
51.5546
50.6864
56.4392
46.5322
47.0602
43.5503
46.7722
50.1462
51.5725
43.2637
43.9244
44.4903
45.3927
43.5527
48.3670
45.2577
32.6924
37.2181
44.6491
41.5276
43.3925
49.5263
49.8110
48.0658
45.6495
45.0345
45.3007
45.4968
44.7071
50.8473
50.2157
48.3544
44.6408
45.0876
53.1555
52.6845
49.2647
47.5795
46.3050
49.8802
47.7889
47.2711
48.7102
44.1837
39.6572
38.9768
38.5864
40.2499
42.3323
41.2174
42.2166
43.2628
43.6982
42.4345
39.6683
46.5426
46.1204
44.6393
51.1347
54.4607
54.2063
48.1892
50.6794
54.3181
48.1413
52.1161
34.3801
48.6772
53.3564
44.6928
43.1513
43.0755
44.4925
46.0803
42.7568
37.2673
36.7641
37.9950
37.6002
37.9050
35.7066
36.3046
39.4846
37.3335
36.7393
40.3407
40.4737
44.6647
46.5370
43.9674
41.4069
47.0318
46.1883
46.3541
47.9237
48.8744
48.1328
52.2355
50.7016
47.4587
42.8964
42.7596
38.7145
40.3092
37.1064
37.4246
37.1466
34.1488
36.0109
44.3693
55.6677
50.6659
50.8063
42.1448
39.8774
46.6337
41.9860
46.0488
41.3327
45.6120
45.0855
40.7824
43.2064
43.8407
44.7154
44.0204
47.5838
41.3897
37.7608
39.5727
39.9631
43.9423
42.7557
44.3026
44.5897
50.8544
55.9652
46.6142
50.1156
50.2929
38.7474
40.7600
44.1875
44.8561
50.8182
43.3637
44.3273
39.0645
41.0674
42.5852
46.8772
45.8202
40.6342
44.8655
49.8211
47.8815
50.5318
47.9519
50.2127
56.2761
52.1138
51.6955
44.9416
45.4964
43.2272
41.9189
46.1173
46.2366
44.2245
39.3603
39.2443
46.3164
43.0856
38.7830
40.8134
40.1706
46.1585
42.1193
39.1840
41.8610
46.4016
43.4802
42.9894
44.7485
44.0352
49.1777
44.0361
48.2540
46.0341
50.1007
49.8984
40.6718
41.7220
44.0075
46.2754
40.2971
46.1259
46.2710
50.8537
47.4148
57.0438
60.1255
54.4656
56.1986
50.2365
54.0110
51.4170
48.6682
46.5906
51.7264
56.7139
56.0030
52.9248
53.9021
55.1203
44.7599
47.1495
49.4933
47.4526
49.7541
57.5745
55.9330
61.2216
57.2662
56.3122
49.5611
52.6014
66.7016
55.2361
52.3132
49.9750
48.3381
48.8210
49.3593
51.0034
49.1571
44.8432
50.7446
40.9729
43.9855
40.8550
47.3020
47.1590
51.8188
45.2177
46.8789
42.5988
45.8812
54.2299
53.3259
43.4484
45.4076
47.8601
60.8657
53.0709
47.1617
59.4868
58.9125
48.4347
47.5705
44.4484
44.0880
42.6303
47.2946
53.5963
56.5994
59.8577
55.1181
56.0038
53.3174
55.9997
54.1543
54.8283
56.0698
54.1445
57.7985
56.6030
55.9772
52.3380
49.3805
53.9556
53.5399
51.6054
48.6913
52.1623
53.7197
52.1147
46.5004
44.2023
49.3852
43.2587
41.6273
43.4619
45.2030
41.4603
38.2934
48.9291
53.2437
44.9535
50.8536
47.6673
48.5407
46.3099
47.1493
51.5238
48.8575
43.2344
47.7526
49.6283
50.9655
48.0452
45.4577
39.5958
46.7628
49.2507
43.5310
41.9797
48.3361
51.8797
42.8862
44.5915
43.3577
36.1251
40.3306
41.5926
36.4734
38.7860
54.0437
48.4520
45.1407
44.6613
48.8815
59.1468
55.5774
57.9172
61.5524
57.2022
54.3446
50.4534
53.7953
57.7531
53.8066
54.6174
55.6415
47.3661
55.9059
57.9568
51.8676
60.2342
55.6305
57.8503
51.3236
54.0675
45.7864
52.5142
47.8711
49.5133
51.7916
52.6776
51.1227
57.0424
49.4019
49.3644
48.1603
51.8409
50.4623
50.1838
56.3814
55.3709
46.0489
51.7237
53.9861
47.3618
48.7160
54.8536
42.6275
51.2929
50.5140
50.2689
47.4701
45.0218
50.7889
56.6395
52.2657
43.8098
45.8863
41.8147
39.0688
44.0245
49.5073
47.2564
47.9998
46.7904
43.9903
43.0662
41.8766
40.2004
45.8176
42.6026
43.0423
41.3657
45.3100
40.9917
43.0930
42.4437
42.0453
46.9104
42.9593
43.4377
42.9152
49.5916
51.8774
45.3502
47.7089
49.5693
50.4207
49.6991
53.4919
50.8463
49.4599
45.0051
50.1886
46.8325
47.9840
50.5862
45.8984
44.8435
38.9556
52.4577
53.6119
47.3724
57.2037
44.4880
37.4990
37.8168
38.2453
39.4914
38.2907
39.1687
40.3384
43.0265
40.0867
41.5233
38.3835
37.0346
44.0205
42.1565
40.1359
36.3454
38.0908
39.4509
42.6245
43.4620
42.5156
47.3673
42.1055
42.1794
43.2751
40.8064
41.8626
35.8147
39.6375
41.3958
41.1684
41.9949
35.8292
36.8207
35.5945
34.4294
33.7925
34.5350
36.2595
39.6995
34.6610
33.9849
33.5779
40.8011
40.7662
40.8917
36.6696
37.8983
33.6228
37.6618
38.4498
36.7893
37.7591
37.6364
34.6245
35.1957
36.5938
35.1842
36.9782
38.5673
34.1409
36.4135
35.3576
34.6551
36.8729
36.6254
38.9242
34.1854
35.6415
39.1277
37.1749
37.4381
38.1041
36.9236
38.0500
39.4920
38.2922
39.1870
39.7873
39.2294
38.2205
39.5919
41.7714
41.7455
43.2872
41.9289
40.6922
40.7384
40.9700
41.7049
44.6247
45.3235
45.0930
44.0142
40.1138
41.2408
36.5774
36.5451
39.3902
40.8167
37.0428
35.8398
35.1455
36.8385
37.4639
36.8154
35.5946
34.1590
37.8634
36.7979
37.0131
36.0855
38.3025
36.8691
36.8259
36.1385
38.0820
38.3853
37.0009
37.1947
39.1823
40.1019
39.5519
42.4858
40.1323
41.4459
43.6870
40.6196
46.1397
41.6353
40.8314
39.8422
38.9592
40.2230
41.5740
40.7803
43.0593
43.4833
45.3242
44.0670
47.4642
54.6118
38.5705
43.9611
40.3875
37.0271
37.8313
38.5096
36.0369
40.7000
43.5843
40.8324
50.3723
50.1975
46.9813
45.5128
44.4774
47.5273
47.7739
44.9363
43.9081
42.9714
44.1838
42.7395
41.2885
41.3361
47.5492
48.2040
48.1425
46.6574
46.1435
44.7851
45.5332
42.8648
39.9872
43.6865
44.4021
47.4079
45.8166
42.1939
46.8790
44.1600
47.0210
41.9875
43.9342
49.3851
45.9418
49.0533
57.1261
51.2785
52.1652
46.6942
43.0331
45.4249
49.4636
50.3908
36.3777
40.4117
38.8059
32.7652
32.4766
38.2775
39.8284
42.3022
43.5729
50.6537
53.7778
54.0162
49.3442
54.9363
52.4500
54.0130
50.4133
55.6143
59.4235
54.6490
50.4722
43.1042
45.4045
40.4605
36.7055
39.9516
37.4078
44.9463
45.7089
41.5137
43.6344
40.2400
41.4915
37.6537
35.5697
37.4937
38.6899
35.1018
39.8930
47.6753
45.4250
43.4626
39.5547
41.0629
38.7544
42.2063
44.4503
45.9849
44.6838
39.9221
38.9788
36.8382
39.6226
43.8477
43.6609
39.4331
38.4056
37.4779
38.6770
42.2540
43.0223
48.1321
38.7899
36.6478
36.6931
40.9651
42.8200
41.6650
35.5462
34.8545
35.1842
42.3576
36.3248
35.3073
37.1958
36.2016
37.1928
36.1033
40.6662
37.2461
37.4612
36.9513
37.4202
37.5351
38.0438
37.7486
37.3417
38.9074
38.9260
39.4167
38.0104
40.1338
39.2777
41.2161
40.8140
36.0702
39.6383
46.8760
44.1076
42.9519
37.7518
44.3373
43.2338
61.4807
49.7060
49.5328
34.9143
37.4526
43.0212
40.0090
40.6516
48.4000
60.0690
57.2855
49.9702
53.3628
46.5015
38.2461
38.0447
46.0986
48.3751
42.1184
41.9530
38.6427
40.4667
41.5759
42.8057
52.8221
52.7678
53.3934
58.5458
50.6887
61.4605
61.3562
63.1229
66.2176
67.1508
60.0391
66.2762
60.7663
50.6000
39.9091
44.2534
45.3186
44.7966
41.6394
41.2998
38.1993
40.9456
52.4394
39.5111
39.8017
40.7239
40.6212
36.1824
37.5903
38.0596
40.9177
43.4056
45.9993
44.9918
42.9487
45.9875
46.9424
44.4487
44.9022
45.0473
48.3243
49.5381
50.5627
45.8093
46.4522
57.6761
47.9064
47.8499
49.8289
43.0516
51.7698
57.5533
49.6650
52.4388
41.1519
39.7987
39.5910
40.9456
44.5555
56.1445
57.4405
54.5159
51.4056
51.6796
44.9653
48.4715
52.1631
51.6758
50.2015
51.6454
56.3303
48.7163
36.6192
34.5295
32.7746
35.7481
37.1440
36.5159
38.9069
46.1617
38.8806
48.2517
45.6490
43.3121
49.3690
42.4604
40.9757
46.0617
40.6337
38.3798
41.5955
43.5266
42.1072
40.1196
42.6055
41.4111
39.1380
43.2273
37.1883
42.1891
40.4573
40.8748
43.0334
40.8463
40.0653
34.2452
38.1451
42.1042
38.0274
42.8520
40.6200
42.7575
45.4708
45.6832
47.2008
44.6751
38.2921
39.1718
45.4670
39.9601
38.8364
44.6153
42.2049
46.7146
53.7918
51.8316
43.3943
49.8280
46.1808
59.0091
54.7015
55.7449
49.9675
55.1878
59.7997
54.8184
44.1268
39.3986
43.7712
41.5471
39.4124
40.1907
46.5418
41.3507
43.8969
43.3603
35.6266
39.3925
49.0966
52.7639
65.0848
47.5613
48.7314
38.6389
39.6634
43.8275
45.6087
45.1944
47.6054
50.6514
47.6661
52.7278
47.9597
51.1929
57.9951
56.1650
51.5153
59.5921
57.9973
56.0324
56.1855
48.6556
52.1171
52.5886
50.2543
51.8524
54.0271
51.4970
49.0538
47.2869
49.3741
47.6761
57.2008
52.3508
61.3016
58.5879
58.7617
59.9374
57.5588
58.6736
58.7821
49.2903
63.6659
63.1059
62.1237
55.9431
57.9204
65.3568
66.0022
60.2327
60.9688
65.1268
58.0620
50.4416
51.6793
44.6436
52.0169
55.5740
56.5151
46.8561
46.6208
42.2743
41.3672
58.2884
41.3986
40.8769
51.8138
54.6353
55.0508
46.9898
51.9052
60.4556
56.8404
64.9611
62.0648
59.4717
59.1669
61.2801
57.1846
54.6493
58.2161
49.8899
46.6653
55.0530
58.0005
62.2197
55.2493
58.8570
57.5553
52.5483
47.7179
47.9782
45.8346
49.0551
53.1676
46.2805
42.9501
42.2852
42.6114
48.2651
50.3651
49.1999
55.0354
52.6772
59.7561
54.6442
57.7981
55.9797
60.6323
68.9108
54.7670
59.8911
52.7295
47.1596
43.6245
48.5470
61.0468
49.7334
54.2484
57.2650
64.1769
74.7870
70.5891
62.1325
57.9092
49.3335
42.6620
41.5148
46.4718
48.6751
52.8408
52.7018
54.1313
52.9309
49.2607
45.7992
46.0188
50.7020
50.6034
47.0654
46.9077
49.3190
42.4073
47.0571
44.3141
44.6184
40.1604
44.9992
42.6543
41.7015
36.1328
37.7002
39.8903
39.9575
38.6552
39.3324
37.0753
40.6114
44.7935
44.4477
47.4290
48.3529
44.0500
44.7790
45.2702
45.7270
47.2221
43.7742
44.5004
41.2680
43.3958
41.1981
44.0641
47.1466
46.1681
38.5494
41.5729
41.3781
44.6052
44.2173
42.3533
44.3841
40.5414
40.3596
41.6576
38.1271
43.4105
42.4801
52.8515
50.6859
47.9152
51.3199
54.1550
59.5808
45.4602
55.8200
51.8388
44.0722
51.6992
44.6824
49.9375
52.5698
50.8627
57.5205
57.4959
57.6516
62.1087
58.4285
51.2909
59.2802
53.1472
60.1417
54.2249
54.3841
60.7966
60.3360
58.5524
52.7675
49.8594
56.3465
53.0410
50.1161
45.3546
45.2819
42.4718
42.5700
58.2680
55.1642
56.7819
57.8775
50.9353
51.4942
49.7872
37.2433
43.8223
39.1893
44.3370
45.6258
47.1223
47.1824
48.2097
49.0015
49.4122
49.2662
47.2870
51.9426
49.1369
52.5216
47.1675
57.5607
52.6360
60.0664
58.2210
43.7211
48.2834
58.9892
51.6144
51.9846
59.9412
53.0272
42.3394
46.8629
57.7622
58.4297
48.1470
54.4310
61.0719
56.0200
53.8169
59.3177
57.3447
59.2051
62.3096
45.7405
51.3929
47.7998
57.0656
51.9348
43.8030
55.3927
56.8027
53.6676
51.4360
53.9593
52.6140
50.5113
51.0057
47.1188
46.0797
66.5406
58.2591
61.6941
52.5002
51.0382
49.8096
44.2782
44.7667
41.9512
40.8528
45.4765
41.9648
41.9994
49.6655
57.8389
63.7824
69.9417
65.8075
67.3823
48.8619
46.7014
55.0195
55.2092
55.9430
55.3013
56.0994
58.5311
67.9588
54.8596
59.3560
62.3791
61.2178
69.5172
63.9886
58.7765
46.5148
44.4606
63.4933
76.6692
72.8779
44.9497
59.4639
57.9882
68.9850
60.7080
55.6317
42.3218
43.8071
48.4340
49.9180
56.2864
47.2526
49.9796
54.3714
56.3046
46.8530
48.8283
42.6037
42.0304
49.2767
49.2286
45.8056
48.6700
42.2735
48.0750
42.8989
39.7725
43.2605
47.0682
46.3333
44.9968
48.3588
43.7376
37.5418
41.3379
37.7733
36.7570
39.7218
37.6418
40.3850
44.7408
44.3992
46.2625
46.8933
46.9780
46.9481
41.7233
39.7462
39.8606
43.3802
40.6751
43.8050
41.2316
43.2284
41.9604
43.5697
36.3787
36.3583
39.7334
38.2093
40.0220
40.6420
36.4879
38.2540
40.3290
39.7004
41.9279
52.8899
40.4888
38.5900
38.8572
40.5966
43.7071
37.2506
36.2456
42.0987
43.3186
44.7009
42.3426
44.3757
42.7531
39.0730
39.5743
41.0933
41.9537
42.0932
40.3951
39.3407
44.3882
38.4098
50.5418
42.6106
45.3089
39.8642
42.3220
44.3015
43.3856
41.3043
56.6548
48.2150
55.0975
51.5851
50.1200
60.5757
47.4924
48.9602
43.6459
47.4288
50.5580
46.4723
44.1196
39.3922
41.6292
50.6790
54.7268
45.4397
48.4918
45.6289
45.9462
50.6555
47.4596
55.5645
53.3080
43.7037
55.8900
50.6160
54.7073
42.8781
38.6300
40.0803
36.5837
39.3656
42.0556
45.5708
43.1848
43.3272
40.8568
39.9382
41.7262
42.0504
45.3113
38.7392
39.7597
40.4437
39.9108
40.2630
35.4889
44.1635
33.6443
36.5386
37.7275
38.3214
38.9355
43.4627
41.3618
43.5115
40.7414
39.1018
34.4070
35.6187
40.9518
40.4047
41.0826
41.1447
42.4669
37.8841
36.5639
38.2811
40.0614
41.7769
37.5164
39.6966
36.1626
36.3842
36.6931
35.7211
34.4851
35.0101
32.9601
36.9560
43.2788
39.8665
42.2355
38.0768
43.5719
43.1312
41.5660
40.8534
41.1278
36.4672
43.0401
42.3948
43.8147
37.0673
43.2410
37.5912
39.8366
41.2119
44.7000
45.3570
42.0876
43.0033
33.1046
58.0383
42.7802
52.3593
55.4005
58.2428
46.0778
58.4583
56.7868
54.4284
53.9388
48.8592
50.6404
38.4635
42.1065
52.6605
48.6210
42.6072
51.7099
64.4080
65.5227
52.5191
61.4992
63.5424
57.7882
64.7610
61.0275
66.9238
55.4835
60.4492
54.2206
56.9988
62.3142
62.7852
52.0057
49.2159
60.2160
63.0901
59.8165
56.4750
49.1959
43.3358
43.3387
46.8267
43.1084
40.7054
40.1608
51.9650
43.8765
46.8308
44.0039
44.4080
46.1020
49.0595
53.5082
46.3454
40.1144
41.4388
43.5431
39.9852
41.8737
40.3683
46.1172
47.6287
42.3306
46.0515
45.3250
46.9345
48.6279
51.9026
43.5282
52.2870
45.5572
45.5860
46.8225
48.7644
46.0990
51.8186
37.9548
42.9607
44.5352
48.8236
45.7420
52.9254
47.6113
46.0565
40.9982
41.6239
50.5297
41.7675
43.6441
47.5918
49.1138
57.2768
56.7191
62.1833
64.3021
68.9269
58.6547
62.3956
61.2463
68.6869
52.5747
42.9645
41.6213
38.2781
38.4580
45.1527
46.3062
43.1074
47.1028
46.5927
46.5298
44.9067
48.7413
48.4872
35.8610
37.3144
48.2909
44.1519
41.8429
42.3855
44.1396
41.7522
39.5580
50.0009
54.6154
54.1129
49.7924
51.4130
43.8137
50.0499
49.5383
46.2874
44.6328
49.9431
51.8650
56.0882
58.1367
61.7108
52.8116
47.8544
48.4882
39.9493
48.9901
53.4034
43.1990
44.7540
42.8127
41.1981
42.0402
40.6196
44.4112
47.5493
47.5718
45.4389
48.9194
48.4546
49.6461
49.9094
37.7701
36.9250
37.1914
40.8149
44.1298
45.1765
37.9514
39.9511
43.7703
44.5269
41.5047
36.0648
35.9596
38.5759
40.6039
41.0660
36.3847
37.3571
42.1735
34.9585
40.8120
43.9225
51.3709
49.5271
50.7067
49.6363
47.3360
41.1748
45.8041
39.1458
52.4184
49.3703
57.6598
59.0309
54.0920
46.5937
53.6540
48.7396
55.5293
61.8897
49.7642
48.6671
46.3214
48.7706
43.8059
51.4915
51.3868
48.4288
46.6609
48.8643
46.4702
47.5661
47.7099
59.9111
46.0713
45.7512
46.4048
42.5294
49.0243
53.2297
57.7178
57.2149
56.5630
66.0759
65.4142
76.3345
71.0374
72.2435
77.6452
66.2199
62.4070
63.4169
69.0223
76.6828
67.1148
48.8417
46.9579
41.9739
49.5647
57.1431
51.3839
49.5097
72.4426
48.6670
60.5758
55.3733
65.9026
57.7694
58.2510
43.2899
38.0676
53.0121
56.1924
45.1387
54.5780
54.2758
46.9880
42.6248
36.9925
40.5468
37.4352
40.1711
37.0419
43.4104
41.1252
42.4084
41.6598
44.5033
46.1549
46.0871
55.9875
50.1600
49.0470
38.8809
42.6958
51.1714
49.2644
53.3953
60.9554
57.3448
55.2765
56.2531
55.3480
62.1195
60.7885
59.9652
54.9459
59.2364
54.0042
55.3419
45.5292
42.0299
39.1467
60.9659
62.5336
50.2288
51.3778
51.6622
52.2341
58.1273
60.8652
56.9861
57.4763
51.4449
57.7674
52.9745
48.1800
39.0161
45.1445
49.2703
44.2359
55.0526
52.0485
37.7767
38.3474
36.8472
55.5104
46.4734
44.9253
55.0486
53.2085
57.0874
50.8428
57.9760
43.0384
50.2435
51.0273
61.6507
60.4257
47.4127
43.8252
46.3891
42.9692
43.9093
55.7433
43.4580
45.5197
45.9861
51.9943
49.2206
51.0976
50.6817
50.2688
53.2484
38.6066
44.0398
43.0092
44.4324
43.5841
39.2937
44.0614
39.3265
45.5928
39.3946
43.3800
38.5798
39.7530
37.1101
46.1051
44.1263
42.1602
41.6608
34.6843
34.6471
34.0001
36.5411
34.2757
36.6257
35.0641
39.2737
38.7517
36.1705
37.7861
39.4578
44.1194
42.4942
39.8005
41.2274
37.7325
41.4265
38.8232
36.0998
37.6598
38.5894
35.1022
36.3882
35.6797
35.7521
36.1093
35.2522
35.1743
36.7951
39.5371
34.9215
33.4853
35.0967
34.5073
35.8325
36.4291
32.3182
33.5528
30.3973
35.6722
38.6554
39.8151
37.8446
41.0453
39.7660
40.7117
37.2783
40.2711
39.2304
42.3471
36.6266
37.6045
40.0945
36.9254
39.8930
38.4190
39.3667
38.6305
43.7535
36.9593
35.4653
38.1934
35.2266
40.2764
41.5621
36.6777
37.2332
39.1935
39.5878
40.8252
38.0586
42.8602
42.6541
43.3568
43.9023
39.4449
39.9184
35.7086
35.4730
36.2869
38.2931
35.5934
41.3221
49.4006
49.3872
52.5537
47.9158
45.9296
42.8653
48.9471
44.6653
46.1537
46.1090
50.6030
56.3031
50.8790
44.7699
47.0576
41.4247
46.2360
46.5539
44.9195
38.9140
43.4482
42.9350
51.9451
48.6397
48.5299
48.5398
46.0085
43.6167
48.1449
47.8228
44.8634
51.8550
46.6439
42.6993
52.6058
58.0846
50.4127
44.2013
46.3284
35.6852
40.9579
36.7751
35.9550
36.9010
35.8444
35.0287
35.9780
34.6478
33.7411
36.3251
34.8654
34.8517
38.5043
39.7064
40.5633
51.7871
47.6769
40.0785
43.7265
41.7237
41.5158
43.2800
42.2860
41.9853
52.5352
45.0759
41.8855
47.4216
42.9859
54.3155
50.7312
53.3479
45.8673
41.6775
40.8568
42.8224
41.9042
43.6000
47.0003
44.6974
48.0148
51.7623
45.5345
47.8722
48.7640
39.9175
41.6118
44.0120
44.4493
44.5673
43.5625
48.6087
51.6978
48.5401
43.4669
47.2201
49.8362
47.6790
47.5034
54.0556
46.3491
48.2965
45.7145
42.7122
43.4714
44.0906
39.7811
39.7142
39.7680
39.8104
41.4451
42.2066
39.1510
40.1065
44.0499
43.8900
43.5411
43.1765
42.7413
49.2684
46.7870
42.7357
42.9732
48.0637
42.0150
43.9902
50.0584
50.0212
48.3806
48.5484
45.9700
50.8205
46.2305
42.8038
43.6954
45.0232
45.6354
40.3250
47.1778
42.3787
42.0823
45.8278
43.7667
43.7391
43.6907
42.4410
50.2559
49.1246
51.0622
42.0617
45.3955
39.2693
45.4045
45.1278
42.0299
41.2292
38.1416
41.7279
46.1894
48.4434
49.9940
47.3815
41.5239
49.4321
52.7454
47.5778
57.9648
47.6517
53.5834
49.5045
48.5195
48.3670
48.2645
46.8916
41.9587
42.8287
40.7832
46.9822
47.8674
39.7199
37.0836
40.9717
45.6432
45.3912
50.0486
49.2401
48.8026
45.1404
50.9935
44.3344
46.7281
47.5934
52.2055
45.3547
45.9544
49.9129
47.2220
40.8106
42.2361
44.3869
46.5650
47.2380
45.6145
44.3082
39.2813
35.8811
44.9988
46.0586
45.0422
42.2103
40.8095
40.9233
41.3545
43.5708
44.0011
55.6407
52.2779
52.9033
53.9214
58.6396
58.6385
59.9352
55.7803
58.8423
56.9794
53.1285
50.5549
60.0589
57.8226
55.0313
43.0697
50.4584
45.3150
48.8617
46.6701
49.4492
49.3915
49.6183
49.3894
52.5409
52.6151
49.0108
53.4456
49.7933
49.5399
52.9442
53.5668
51.7282
52.0041
49.7386
55.4393
51.0159
46.5926
48.8737
42.5249
45.5803
45.4571
44.7769
47.4113
46.0465
48.0094
45.2149
45.0051
45.9965
46.8662
45.1733
42.5689
52.3472
44.8082
44.3963
38.5445
38.4122
40.0090
46.1669
44.2533
40.4168
42.8740
45.7337
42.4772
40.3061
40.5603
39.9769
40.7961
40.3191
42.0771
41.6460
43.3327
39.6744
39.4583
39.0647
40.6960
41.8909
41.3234
45.0669
44.8511
42.6620
45.9311
46.0880
41.1799
42.1055
41.9909
44.9004
44.5968
44.5379
45.5005
46.0663
45.5178
40.9104
40.5289
39.7996
37.8407
38.9399
41.6684
42.7300
44.1418
45.5061
46.4560
39.1052
38.6321
46.8808
45.7920
45.8164
44.9938
46.5248
46.2230
45.4204
42.5425
46.3292
51.6056
46.7916
48.5986
46.4429
45.4028
44.8247
44.8301
45.9938
46.0945
39.5531
44.9064
47.4374
42.4768
43.7870
44.5290
48.7591
46.8697
52.1704
40.8668
38.1808
39.5410
50.4740
43.7003
58.3041
50.0818
56.4668
48.3679
50.5947
46.6603
51.4603
46.0687
46.4999
40.3209
50.1583
45.4222
47.8896
48.4351
50.8417
48.0984
46.0188
52.5449
46.3065
46.7283
53.8527
56.7698
51.9300
49.2287
62.2513
57.2470
54.7144
58.2489
58.7193
60.9434
53.3024
52.8388
69.6290
51.2687
60.7831
58.0690
45.8269
41.6557
53.3075
34.2976
34.3320
39.0467
46.3574
41.4754
47.6380
53.6256
46.7812
52.7214
51.6813
52.1896
52.3202
52.7823
51.4346
55.7457
56.9949
53.4902
49.1310
53.1281
54.1179
48.9146
50.8213
50.2626
50.5867
52.3259
49.4981
50.1436
