sp|P00579|RPOD_ECOLI	CDD:428000	43.810	210	77	2	138	347	1	169	2.38e-65	206
sp|P00579|RPOD_ECOLI	CDD:427997	47.436	78	41	0	458	535	1	78	1.47e-30	108
sp|P00579|RPOD_ECOLI	CDD:427998	42.254	71	41	0	379	449	1	71	5.44e-25	93.0
sp|P00579|RPOD_ECOLI	CDD:427999	50.000	54	23	1	547	600	1	50	1.11e-15	65.5
sp|P00579|RPOD_ECOLI	CDD:100119	32.203	59	36	1	541	599	1	55	1.82e-13	59.4
sp|P00582|DPO1_ECOLI	CDD:176474	61.905	378	143	1	548	925	1	377	0.0	667
sp|P00582|DPO1_ECOLI	CDD:176475	40.394	406	181	5	544	924	1	370	8.95e-129	387
sp|P00582|DPO1_ECOLI	CDD:176477	35.580	371	188	4	605	925	1	370	3.29e-93	294
sp|P00582|DPO1_ECOLI	CDD:176473	36.212	359	193	9	588	924	2	346	9.62e-91	286
sp|P00582|DPO1_ECOLI	CDD:176476	39.506	324	168	8	611	924	18	323	3.50e-88	279
sp|P00582|DPO1_ECOLI	CDD:176480	25.707	389	231	11	576	928	63	429	4.33e-40	148
sp|P00582|DPO1_ECOLI	CDD:188618	53.750	80	30	1	173	252	1	73	3.40e-31	110
sp|P00582|DPO1_ECOLI	CDD:188616	43.038	79	36	3	174	251	1	71	4.91e-17	70.9
sp|P00582|DPO1_ECOLI	CDD:176479	23.969	388	204	20	564	905	14	356	3.15e-16	75.7
sp|P00582|DPO1_ECOLI	CDD:176478	23.372	261	138	17	695	909	139	383	5.24e-06	43.8
sp|P00582|DPO1_ECOLI	CDD:188619	47.368	38	20	0	173	210	2	39	4.00e-05	37.1
sp|P00968|CARB_ECOLI	CDD:426982	42.500	80	45	1	426	505	1	79	7.44e-33	116
sp|P03004|DNAA_ECOLI	CDD:429906	61.194	67	26	0	378	444	1	67	5.03e-41	135
sp|P03014|PINE_ECOLI	CDD:239737	61.111	126	48	1	2	126	1	126	3.62e-69	201
sp|P03014|PINE_ECOLI	CDD:397088	31.111	45	31	0	138	182	1	45	2.00e-13	56.6
sp|P03014|PINE_ECOLI	CDD:259851	55.000	40	18	0	138	177	1	40	5.30e-13	55.0
sp|P03018|UVRD_ECOLI	CDD:350194	21.791	335	72	3	285	614	1	150	2.21e-37	131
sp|P03018|UVRD_ECOLI	CDD:350173	22.581	62	34	1	552	613	41	88	1.39e-11	55.5
sp|P03018|UVRD_ECOLI	CDD:350196	29.167	72	34	3	544	612	21	78	6.49e-07	42.2
sp|P03023|LACI_ECOLI	CDD:306791	67.391	46	15	0	5	50	1	46	5.60e-22	82.3
sp|P03023|LACI_ECOLI	CDD:143331	51.923	52	25	0	7	58	1	52	1.49e-19	75.5
sp|P03024|GALR_ECOLI	CDD:306791	65.217	46	16	0	3	48	1	46	7.81e-22	81.5
sp|P03024|GALR_ECOLI	CDD:143331	59.615	52	21	0	5	56	1	52	4.43e-20	77.1
sp|P03024|GALR_ECOLI	CDD:238045	34.286	35	21	1	3	35	14	48	6.33e-05	34.8
sp|P03030|LYSR_ECOLI	CDD:425479	44.068	59	33	0	6	64	1	59	1.27e-17	70.1
sp|P04152|UMUC_ECOLI	CDD:176454	58.501	347	141	2	3	349	1	344	0.0	550
sp|P04152|UMUC_ECOLI	CDD:176459	30.952	336	209	11	5	335	3	320	4.33e-69	217
sp|P04152|UMUC_ECOLI	CDD:176453	28.531	354	228	10	6	348	4	343	1.76e-64	205
sp|P04152|UMUC_ECOLI	CDD:176455	25.507	345	223	17	6	330	53	383	5.52e-25	100
sp|P04152|UMUC_ECOLI	CDD:176456	23.140	363	229	17	3	337	1	341	2.44e-22	92.0
sp|P04152|UMUC_ECOLI	CDD:176457	30.043	233	136	10	6	226	4	221	3.12e-16	74.0
sp|P04152|UMUC_ECOLI	CDD:176458	23.016	252	166	10	19	259	17	251	4.49e-12	60.9
sp|P04152|UMUC_ECOLI	CDD:432081	32.258	31	21	0	170	200	2	32	1.22e-07	42.0
sp|P04395|3MG2_ECOLI	CDD:428728	42.241	116	61	1	3	112	3	118	2.41e-35	118
sp|P04395|3MG2_ECOLI	CDD:425841	27.389	157	85	6	118	262	1	140	1.36e-18	74.6
sp|P04993|RECD_ECOLI	CDD:350196	54.167	48	21	1	534	581	34	80	2.89e-20	79.5
sp|P04993|RECD_ECOLI	CDD:350173	41.667	48	26	1	534	581	44	89	4.34e-11	54.0
sp|P04993|RECD_ECOLI	CDD:350194	30.000	60	26	2	536	579	89	148	3.70e-05	38.4
sp|P05052|APPY_ECOLI	CDD:432818	28.395	81	56	2	158	236	1	81	6.07e-18	70.7
sp|P05052|APPY_ECOLI	CDD:425497	45.946	37	19	1	197	233	5	40	1.55e-05	35.6
sp|P05055|PNP_ECOLI	CDD:411826	37.736	53	28	3	568	615	14	66	1.34e-06	40.7
sp|P05523|FPG_ECOLI	CDD:176800	51.695	118	54	2	2	116	1	118	5.02e-55	168
sp|P05523|FPG_ECOLI	CDD:399664	60.674	89	35	0	129	217	1	89	1.36e-45	143
sp|P05523|FPG_ECOLI	CDD:176798	46.154	117	61	2	2	116	1	117	1.00e-44	142
sp|P05523|FPG_ECOLI	CDD:176810	32.174	115	76	2	2	114	1	115	7.93e-20	77.4
sp|P05523|FPG_ECOLI	CDD:176806	28.030	132	75	4	1	112	1	132	1.19e-18	74.7
sp|P05523|FPG_ECOLI	CDD:176807	30.000	110	74	3	1	107	1	110	5.82e-15	64.2
sp|P05523|FPG_ECOLI	CDD:176801	28.777	139	62	9	1	114	1	127	3.68e-09	48.2
sp|P05523|FPG_ECOLI	CDD:176805	26.882	93	61	3	1	92	1	87	9.30e-08	44.1
sp|P05523|FPG_ECOLI	CDD:176808	28.302	106	65	4	1	106	1	95	1.66e-06	40.0
sp|P05523|FPG_ECOLI	CDD:176804	20.000	90	66	3	1	89	1	85	1.19e-05	38.0
sp|P05719|T1SK_ECOLI	CDD:341141	46.561	189	101	0	10	198	1	189	1.54e-84	252
sp|P05719|T1SK_ECOLI	CDD:341141	25.000	176	106	7	239	404	23	182	4.20e-15	68.0
sp|P05719|T1SK_ECOLI	CDD:341150	36.979	192	117	4	224	413	2	191	3.28e-73	223
sp|P05719|T1SK_ECOLI	CDD:341150	34.694	98	51	4	111	200	99	191	1.34e-15	69.5
sp|P05719|T1SK_ECOLI	CDD:341198	35.450	189	119	3	227	413	5	192	1.31e-60	191
sp|P05719|T1SK_ECOLI	CDD:341198	27.363	201	127	7	10	200	1	192	6.20e-26	98.8
sp|P05719|T1SK_ECOLI	CDD:341204	34.031	191	123	2	224	413	2	190	6.03e-45	150
sp|P05719|T1SK_ECOLI	CDD:341204	25.595	168	106	8	44	200	31	190	4.79e-13	61.9
sp|P05719|T1SK_ECOLI	CDD:341142	29.282	181	117	4	239	414	19	193	5.56e-34	121
sp|P05719|T1SK_ECOLI	CDD:341142	24.883	213	120	11	9	201	1	193	2.00e-11	57.1
sp|P05719|T1SK_ECOLI	CDD:341205	29.648	199	122	4	223	413	1	189	1.10e-33	119
sp|P05719|T1SK_ECOLI	CDD:341205	32.544	169	96	9	42	200	29	189	8.48e-17	72.9
sp|P05719|T1SK_ECOLI	CDD:341206	27.604	192	134	5	224	413	2	190	8.76e-29	106
sp|P05719|T1SK_ECOLI	CDD:341206	18.627	204	135	8	10	198	1	188	3.97e-13	62.3
sp|P05719|T1SK_ECOLI	CDD:341203	27.320	194	126	6	228	416	6	189	3.60e-24	93.8
sp|P05719|T1SK_ECOLI	CDD:341203	25.366	205	124	10	10	200	1	190	2.12e-18	77.6
sp|P05719|T1SK_ECOLI	CDD:341202	28.743	167	101	8	43	200	30	187	7.01e-24	92.9
sp|P05719|T1SK_ECOLI	CDD:341202	28.395	162	110	4	253	413	31	187	1.70e-22	89.1
sp|P05719|T1SK_ECOLI	CDD:341207	24.365	197	127	9	229	414	7	192	2.17e-12	59.9
sp|P05719|T1SK_ECOLI	CDD:341207	24.706	170	111	8	42	201	30	192	7.75e-12	58.4
sp|P05827|ILVY_ECOLI	CDD:425479	51.667	60	29	0	3	62	1	60	1.49e-26	93.6
sp|P06134|ADA_ECOLI	CDD:426006	52.500	80	38	0	270	349	1	80	3.63e-46	146
sp|P06134|ADA_ECOLI	CDD:119438	58.974	78	32	0	271	348	1	78	1.93e-42	137
sp|P06134|ADA_ECOLI	CDD:432818	36.709	79	48	1	105	181	1	79	9.05e-16	66.1
sp|P06134|ADA_ECOLI	CDD:432818	25.000	56	38	2	80	134	29	81	1.12e-06	40.3
sp|P06134|ADA_ECOLI	CDD:425497	36.111	36	23	0	98	133	7	42	1.08e-11	53.3
sp|P06134|ADA_ECOLI	CDD:425497	30.233	43	29	1	140	182	1	42	6.83e-05	34.4
sp|P06612|TOP1_ECOLI	CDD:238110	43.026	423	193	4	159	575	1	381	2.60e-173	500
sp|P06709|BIRA_ECOLI	CDD:429896	40.816	49	29	0	10	58	4	52	1.35e-12	56.3
sp|P06722|MUTH_ECOLI	CDD:411704	68.750	208	65	0	18	225	1	208	4.96e-144	395
sp|P06846|EBGR_ECOLI	CDD:143331	57.407	54	20	2	5	57	1	52	7.39e-18	70.9
sp|P06846|EBGR_ECOLI	CDD:306791	47.917	48	23	1	3	50	1	46	2.12e-16	66.5
sp|P06965|DICC_ECOLI	CDD:405268	32.143	56	37	1	3	58	2	56	1.61e-12	51.2
sp|P06966|DICA_ECOLI	CDD:238045	34.483	58	38	0	9	66	1	58	6.10e-16	61.8
sp|P06966|DICA_ECOLI	CDD:396104	29.091	55	39	0	12	66	1	55	2.71e-15	60.2
sp|P06966|DICA_ECOLI	CDD:403907	33.898	59	39	0	9	67	1	59	1.77e-09	45.4
sp|P06966|DICA_ECOLI	CDD:311152	24.528	53	39	1	22	74	14	65	3.36e-05	34.2
sp|P06993|MALT_ECOLI	CDD:425517	38.596	57	35	0	834	890	1	57	5.07e-20	78.8
sp|P06993|MALT_ECOLI	CDD:99777	43.860	57	32	0	836	892	1	57	7.66e-18	72.6
sp|P07013|PRIB_ECOLI	CDD:239942	19.192	99	76	2	6	100	2	100	1.15e-15	61.5
sp|P07026|SDIA_ECOLI	CDD:425517	42.105	57	33	0	178	234	1	57	2.86e-24	86.5
sp|P07026|SDIA_ECOLI	CDD:99777	49.091	55	28	0	180	234	1	55	6.76e-22	80.3
sp|P07395|SYFB_ECOLI	CDD:427328	47.761	67	34	1	406	471	1	67	1.42e-26	97.5
sp|P07604|TYRR_ECOLI	CDD:407862	54.000	50	23	0	458	507	1	50	3.40e-18	72.8
sp|P07648|RECC_ECOLI	CDD:411757	57.244	283	120	1	834	1116	2	283	1.20e-150	446
sp|P08365|CHPS_ECOLI	CDD:397909	34.091	44	29	0	6	49	1	44	1.53e-10	46.0
sp|P08368|CREB_ECOLI	CDD:294013	40.000	90	53	1	137	226	1	89	7.11e-30	101
sp|P08368|CREB_ECOLI	CDD:425712	46.753	77	41	0	150	226	1	77	1.96e-28	97.6
sp|P08394|RECB_ECOLI	CDD:350194	27.559	127	62	3	690	816	53	149	7.73e-24	93.1
sp|P08394|RECB_ECOLI	CDD:350173	21.505	93	38	1	725	817	32	89	8.39e-15	65.5
sp|P08956|T1RK_ECOLI	CDD:350786	25.532	141	81	7	455	583	9	137	1.58e-05	41.2
sp|P08956|T1RK_ECOLI	CDD:350678	23.500	200	91	15	445	620	13	174	3.22e-05	40.2
sp|P09030|EX3_ECOLI	CDD:197320	44.361	266	136	4	1	266	1	254	4.36e-141	391
sp|P09030|EX3_ECOLI	CDD:197307	36.567	268	150	7	2	266	1	251	6.63e-123	345
sp|P09030|EX3_ECOLI	CDD:197321	31.599	269	157	9	1	262	1	249	2.60e-62	191
sp|P09030|EX3_ECOLI	CDD:197319	31.579	266	162	7	1	263	1	249	2.43e-61	189
sp|P09030|EX3_ECOLI	CDD:197336	31.343	268	161	10	1	263	1	250	1.28e-57	179
sp|P09030|EX3_ECOLI	CDD:197322	25.155	322	171	12	2	266	1	309	4.25e-36	125
sp|P09377|RHAS_ECOLI	CDD:432818	46.250	80	42	1	193	271	1	80	1.33e-27	96.9
sp|P09377|RHAS_ECOLI	CDD:425497	26.190	42	31	0	180	221	1	42	3.18e-09	46.0
sp|P09377|RHAS_ECOLI	CDD:425497	31.579	38	25	1	234	271	6	42	2.08e-08	44.1
sp|P09378|RHAR_ECOLI	CDD:432818	33.333	78	51	1	199	275	2	79	2.11e-24	88.4
sp|P09378|RHAR_ECOLI	CDD:425497	50.000	38	18	1	239	276	6	42	1.47e-09	47.1
sp|P09378|RHAR_ECOLI	CDD:425497	26.190	42	31	0	185	226	1	42	1.04e-07	41.8
sp|P09546|PUTA_ECOLI	CDD:409023	46.512	43	23	0	4	46	1	43	1.22e-11	55.1
sp|P09546|PUTA_ECOLI	CDD:409020	35.714	42	27	0	4	45	1	42	5.75e-11	52.9
sp|P09980|REP_ECOLI	CDD:350194	19.881	337	77	2	279	610	1	149	2.94e-31	113
sp|P09980|REP_ECOLI	CDD:350173	21.591	88	50	2	529	610	14	88	1.08e-18	75.6
sp|P09980|REP_ECOLI	CDD:350196	32.727	55	25	1	555	609	36	78	3.26e-07	42.9
sp|P09996|YIDB_ECOLI	CDD:437991	31.429	105	68	2	7	111	36	136	1.42e-16	65.5
sp|P0A6D0|ARGR_ECOLI	CDD:396056	44.286	70	38	1	5	74	1	69	2.71e-29	97.0
sp|P0A6K6|DEOB_ECOLI	CDD:259854	27.907	43	29	1	260	302	5	45	4.55e-05	36.3
sp|P0A6R3|FIS_ECOLI	CDD:427077	47.500	40	21	0	55	94	1	40	3.34e-13	53.2
sp|P0A6X7|IHFA_ECOLI	CDD:259857	63.636	88	32	0	4	91	1	88	7.16e-52	152
sp|P0A6X7|IHFA_ECOLI	CDD:425532	50.000	88	44	0	4	91	1	88	3.34e-35	110
sp|P0A6X7|IHFA_ECOLI	CDD:259853	47.059	85	45	0	4	88	1	85	1.49e-32	103
sp|P0A6X7|IHFA_ECOLI	CDD:259852	44.048	84	47	0	5	88	1	84	1.98e-32	103
sp|P0A6X7|IHFA_ECOLI	CDD:259854	52.381	84	40	0	5	88	1	84	9.78e-32	101
sp|P0A6X7|IHFA_ECOLI	CDD:259858	42.045	88	50	1	4	90	2	89	1.15e-27	91.4
sp|P0A6X7|IHFA_ECOLI	CDD:259859	35.294	85	55	0	4	88	1	85	1.37e-20	73.5
sp|P0A6X7|IHFA_ECOLI	CDD:259856	35.106	94	51	4	4	88	1	93	8.80e-10	46.1
sp|P0A6X7|IHFA_ECOLI	CDD:259855	21.333	75	55	2	17	91	27	97	2.10e-05	34.6
sp|P0A6Y1|IHFB_ECOLI	CDD:259858	59.551	89	36	0	1	89	1	89	4.44e-51	150
sp|P0A6Y1|IHFB_ECOLI	CDD:425532	44.318	88	48	1	2	89	1	87	1.17e-35	111
sp|P0A6Y1|IHFB_ECOLI	CDD:259854	40.698	86	50	1	3	88	1	85	1.06e-34	108
sp|P0A6Y1|IHFB_ECOLI	CDD:259853	42.529	87	49	1	2	88	1	86	1.26e-31	100
sp|P0A6Y1|IHFB_ECOLI	CDD:259852	39.535	86	51	1	3	88	1	85	8.05e-31	98.8
sp|P0A6Y1|IHFB_ECOLI	CDD:259857	34.091	88	57	1	2	89	1	87	4.40e-26	87.1
sp|P0A6Y1|IHFB_ECOLI	CDD:259859	28.736	87	61	1	2	88	1	86	8.95e-21	73.5
sp|P0A6Y1|IHFB_ECOLI	CDD:436389	20.879	91	65	3	1	89	32	117	9.41e-06	35.6
sp|P0A6Z6|NIKR_ECOLI	CDD:409021	52.000	25	12	0	19	43	18	42	1.71e-07	39.7
sp|P0A705|IF2_ECOLI	CDD:428110	45.098	51	28	0	314	364	2	52	1.41e-16	68.6
sp|P0A705|IF2_ECOLI	CDD:370664	28.571	70	50	0	125	194	1	70	8.07e-06	41.6
sp|P0A7C2|LEXA_ECOLI	CDD:396335	61.905	63	24	0	3	65	1	63	2.70e-33	108
sp|P0A7F6|SPED_ECOLI	CDD:426918	25.954	131	61	3	40	169	12	107	2.48e-16	67.5
sp|P0A7G6|RECA_ECOLI	CDD:410868	27.619	210	123	12	41	228	1	203	1.18e-15	69.9
sp|P0A7G6|RECA_ECOLI	CDD:410921	28.063	253	140	16	41	270	1	234	8.31e-12	58.5
sp|P0A7S9|RS13_ECOLI	CDD:425669	59.813	107	42	1	3	108	1	107	1.99e-48	145
sp|P0A7T7|RS18_ECOLI	CDD:426036	61.538	52	20	0	17	68	1	52	2.55e-25	83.2
sp|P0A7V3|RS3_ECOLI	CDD:411943	41.667	48	22	1	63	110	3	44	2.71e-05	35.8
sp|P0A7Z4|RPOA_ECOLI	CDD:427148	44.444	63	35	0	246	308	1	63	1.52e-24	89.1
sp|P0A809|RUVA_ECOLI	CDD:434010	44.068	59	31	1	72	130	1	57	9.71e-14	57.9
sp|P0A812|RUVB_ECOLI	CDD:398896	46.479	71	38	0	259	329	2	72	4.60e-31	106
sp|P0A823|SFSA_ECOLI	CDD:411762	30.263	228	151	6	7	233	1	221	3.78e-48	152
sp|P0A881|TRPR_ECOLI	CDD:426227	41.860	86	50	0	17	102	1	86	4.27e-27	90.0
sp|P0A8B5|YBAB_ECOLI	CDD:426844	56.180	89	38	1	12	99	1	89	1.38e-39	121
sp|P0A8F8|UVRB_ECOLI	CDD:350674	50.976	410	90	5	5	414	1	299	0.0	526
sp|P0A8F8|UVRB_ECOLI	CDD:350181	22.400	125	85	4	424	544	7	123	9.68e-08	45.7
sp|P0A8F8|UVRB_ECOLI	CDD:350189	27.193	114	70	3	446	552	33	140	1.51e-07	45.3
sp|P0A8F8|UVRB_ECOLI	CDD:350183	20.690	145	100	3	411	549	7	142	1.75e-06	42.6
sp|P0A8F8|UVRB_ECOLI	CDD:350180	23.529	85	53	3	430	505	14	95	4.08e-06	40.9
sp|P0A8G0|UVRC_ECOLI	CDD:198381	57.692	78	33	0	17	94	4	81	1.84e-40	136
sp|P0A8G0|UVRC_ECOLI	CDD:426314	32.051	78	52	1	17	93	1	78	3.81e-12	56.6
sp|P0A8G0|UVRC_ECOLI	CDD:434010	37.736	53	32	1	558	609	4	56	1.52e-08	45.6
sp|P0A8G0|UVRC_ECOLI	CDD:425789	46.429	28	15	0	579	606	2	29	7.37e-07	40.1
sp|P0A8G0|UVRC_ECOLI	CDD:198383	22.222	99	52	5	18	94	1	96	1.02e-06	42.0
sp|P0A8G0|UVRC_ECOLI	CDD:432812	34.091	44	29	0	561	604	8	51	7.75e-05	35.6
sp|P0A8J8|RHLB_ECOLI	CDD:350189	27.612	134	74	5	244	357	10	140	1.73e-15	67.6
sp|P0A8J8|RHLB_ECOLI	CDD:350180	26.724	116	69	5	243	345	12	124	1.21e-14	64.8
sp|P0A8J8|RHLB_ECOLI	CDD:350181	25.385	130	88	4	235	357	4	131	1.78e-12	58.8
sp|P0A8J8|RHLB_ECOLI	CDD:350183	22.018	109	74	3	260	361	42	146	6.68e-08	46.1
sp|P0A8J8|RHLB_ECOLI	CDD:350182	26.316	152	93	8	217	357	7	150	6.48e-05	37.1
sp|P0A8N0|MATP_ECOLI	CDD:435905	66.667	60	20	0	88	147	1	60	4.74e-30	98.7
sp|P0A8P6|XERC_ECOLI	CDD:271193	36.872	179	99	4	110	278	2	176	7.44e-45	145
sp|P0A8P6|XERC_ECOLI	CDD:271175	36.686	169	95	4	118	276	1	167	1.58e-38	128
sp|P0A8P6|XERC_ECOLI	CDD:271180	23.837	172	108	6	124	276	7	174	8.72e-12	57.3
sp|P0A8P8|XERD_ECOLI	CDD:271193	42.857	182	91	4	108	282	1	176	1.45e-50	159
sp|P0A8P8|XERD_ECOLI	CDD:271175	42.941	170	88	3	117	280	1	167	6.31e-46	147
sp|P0A8P8|XERD_ECOLI	CDD:271180	23.737	198	115	7	118	294	1	183	1.35e-16	70.8
sp|P0A8R9|HDFR_ECOLI	CDD:425479	49.153	59	30	0	4	62	2	60	5.30e-23	84.0
sp|P0A8S1|ARGP_ECOLI	CDD:425479	42.373	59	33	1	7	64	2	60	9.63e-19	72.8
sp|P0A8T7|RPOC_ECOLI	CDD:132721	29.412	459	67	4	907	1363	1	204	9.52e-85	269
sp|P0A8T7|RPOC_ECOLI	CDD:132719	31.081	148	60	2	1217	1362	50	157	1.06e-28	107
sp|P0A8T7|RPOC_ECOLI	CDD:132719	78.571	28	6	0	912	939	1	28	8.34e-12	59.4
sp|P0A8T7|RPOC_ECOLI	CDD:132725	22.246	463	207	20	909	1362	37	355	1.47e-15	74.2
sp|P0A8T7|RPOC_ECOLI	CDD:132720	22.245	490	237	27	908	1362	23	403	1.06e-12	65.7
sp|P0A8T7|RPOC_ECOLI	CDD:132723	62.500	32	12	0	908	939	6	37	1.11e-10	58.4
sp|P0A8T7|RPOC_ECOLI	CDD:132723	40.625	64	36	1	1301	1362	235	298	6.35e-10	56.1
sp|P0A8T7|RPOC_ECOLI	CDD:132722	61.290	31	12	0	909	939	7	37	3.31e-10	57.2
sp|P0A8T7|RPOC_ECOLI	CDD:132722	20.465	215	114	8	1152	1362	143	304	2.89e-08	51.0
sp|P0A8U6|METJ_ECOLI	CDD:119402	97.087	103	3	0	2	104	1	103	5.20e-75	211
sp|P0A8U6|METJ_ECOLI	CDD:426211	89.691	97	10	0	3	99	1	97	2.66e-74	209
sp|P0A8V2|RPOB_ECOLI	CDD:438827	37.500	64	32	3	972	1029	12	73	2.91e-06	41.0
sp|P0A8V6|FADR_ECOLI	CDD:306822	39.062	64	39	0	8	71	1	64	3.33e-22	81.1
sp|P0A8V6|FADR_ECOLI	CDD:153418	40.678	59	35	0	14	72	8	66	4.63e-19	72.9
sp|P0A8V6|FADR_ECOLI	CDD:396525	36.111	36	23	0	35	70	26	61	1.08e-06	39.4
sp|P0A8W0|NANR_ECOLI	CDD:306822	43.750	64	36	0	32	95	1	64	1.61e-21	80.0
sp|P0A8W0|NANR_ECOLI	CDD:153418	39.394	66	40	0	31	96	1	66	2.25e-18	71.7
sp|P0A8W2|SLYA_ECOLI	CDD:426012	35.000	60	38	1	29	88	1	59	2.85e-14	57.9
sp|P0A8W2|SLYA_ECOLI	CDD:432797	32.203	59	39	1	29	87	3	60	3.90e-11	49.9
sp|P0A8W2|SLYA_ECOLI	CDD:433228	27.941	68	49	0	29	96	1	68	3.93e-09	45.0
sp|P0A968|CSPD_ECOLI	CDD:239905	48.438	64	33	0	3	66	2	65	4.61e-29	93.0
sp|P0A972|CSPE_ECOLI	CDD:239905	61.905	63	24	0	4	66	1	63	1.45e-33	104
sp|P0A978|CSPG_ECOLI	CDD:239905	58.730	63	26	0	5	67	1	63	2.42e-33	103
sp|P0A982|CSPH_ECOLI	CDD:239905	49.231	65	33	0	5	69	1	65	9.74e-21	71.8
sp|P0A986|CSPI_ECOLI	CDD:239905	60.317	63	25	0	5	67	1	63	2.28e-31	98.8
sp|P0A988|DPO3B_ECOLI	CDD:238082	45.355	366	198	2	1	365	1	365	4.53e-172	478
sp|P0A988|DPO3B_ECOLI	CDD:397061	46.957	115	60	1	130	243	1	115	1.63e-58	180
sp|P0A988|DPO3B_ECOLI	CDD:395580	53.719	121	55	1	1	120	1	121	3.53e-56	174
sp|P0A988|DPO3B_ECOLI	CDD:426968	47.458	118	62	0	247	364	1	118	1.34e-55	172
sp|P0A9A9|FUR_ECOLI	CDD:426280	61.983	121	46	0	10	130	1	121	8.44e-61	178
sp|P0A9A9|FUR_ECOLI	CDD:133478	49.138	116	58	1	18	133	2	116	1.05e-45	140
sp|P0A9E0|ARAC_ECOLI	CDD:432818	36.250	80	50	1	200	278	1	80	2.33e-24	88.4
sp|P0A9E0|ARAC_ECOLI	CDD:425497	28.571	42	29	1	186	227	1	41	1.06e-08	44.8
sp|P0A9E0|ARAC_ECOLI	CDD:425497	45.946	37	19	1	241	277	6	41	1.81e-07	41.4
sp|P0A9E2|SOXS_ECOLI	CDD:432818	37.037	81	50	1	27	106	1	81	1.37e-24	83.8
sp|P0A9E2|SOXS_ECOLI	CDD:425497	47.368	38	19	1	68	105	6	42	1.37e-09	44.5
sp|P0A9E2|SOXS_ECOLI	CDD:425497	28.571	42	30	0	14	55	1	42	8.55e-05	32.1
sp|P0A9E5|FNR_ECOLI	CDD:238044	37.681	69	38	2	166	233	1	65	9.76e-17	66.9
sp|P0A9E5|FNR_ECOLI	CDD:433295	32.000	75	44	2	168	242	1	68	1.33e-15	64.0
sp|P0A9E5|FNR_ECOLI	CDD:425608	59.375	32	13	0	193	224	1	32	4.00e-11	51.1
sp|P0A9E9|YEIL_ECOLI	CDD:433295	21.212	66	45	3	141	201	2	65	3.27e-05	35.1
sp|P0A9F1|MNTR_ECOLI	CDD:426954	38.182	55	33	1	95	148	1	55	2.29e-14	58.6
sp|P0A9F1|MNTR_ECOLI	CDD:396062	42.105	57	33	0	36	92	1	57	2.75e-12	53.1
sp|P0A9F1|MNTR_ECOLI	CDD:153418	45.714	35	19	0	59	93	30	64	1.00e-06	38.6
sp|P0A9F1|MNTR_ECOLI	CDD:426012	42.105	38	22	0	48	85	11	48	4.20e-06	36.8
sp|P0A9F1|MNTR_ECOLI	CDD:432797	35.000	40	26	0	49	88	14	53	3.39e-05	34.5
sp|P0A9F1|MNTR_ECOLI	CDD:404317	42.500	40	23	0	45	84	6	45	5.75e-05	33.2
sp|P0A9F3|CYSB_ECOLI	CDD:425479	38.710	62	36	2	3	64	1	60	1.35e-15	64.7
sp|P0A9F6|GCVA_ECOLI	CDD:425479	53.333	60	28	0	8	67	1	60	6.51e-26	92.1
sp|P0A9F9|METR_ECOLI	CDD:425479	38.983	59	36	0	5	63	2	60	7.28e-19	73.6
sp|P0A9G2|NHAR_ECOLI	CDD:425479	40.678	59	35	0	9	67	2	60	8.83e-20	75.9
sp|P0A9G4|CUER_ECOLI	CDD:133383	56.693	127	55	0	1	127	1	127	5.24e-75	213
sp|P0A9G4|CUER_ECOLI	CDD:133398	44.715	123	68	0	1	123	1	123	2.98e-56	166
sp|P0A9G4|CUER_ECOLI	CDD:133412	35.714	126	81	0	1	126	1	126	9.62e-38	119
sp|P0A9G4|CUER_ECOLI	CDD:133411	37.008	127	79	1	1	126	1	127	2.50e-32	105
sp|P0A9G4|CUER_ECOLI	CDD:133378	39.806	103	58	3	1	102	1	100	8.22e-32	103
sp|P0A9G4|CUER_ECOLI	CDD:133410	32.812	128	83	2	1	127	1	126	1.30e-30	101
sp|P0A9G4|CUER_ECOLI	CDD:133397	40.367	109	63	2	1	108	1	108	2.24e-27	92.8
sp|P0A9G4|CUER_ECOLI	CDD:133408	32.787	122	76	4	1	122	1	116	3.30e-26	90.0
sp|P0A9G4|CUER_ECOLI	CDD:133413	36.697	109	66	2	1	108	1	107	1.05e-22	81.4
sp|P0A9G4|CUER_ECOLI	CDD:133384	28.302	106	69	2	1	99	1	106	7.62e-22	78.7
sp|P0A9G4|CUER_ECOLI	CDD:433186	37.097	62	38	1	1	62	1	61	2.51e-20	73.4
sp|P0A9G4|CUER_ECOLI	CDD:430498	49.231	65	33	0	44	108	1	65	6.44e-19	69.8
sp|P0A9G4|CUER_ECOLI	CDD:133381	30.476	105	67	1	1	105	1	99	8.27e-19	70.6
sp|P0A9G4|CUER_ECOLI	CDD:133389	40.000	50	29	1	1	50	1	49	1.34e-18	68.4
sp|P0A9G4|CUER_ECOLI	CDD:133388	32.407	108	69	2	1	105	1	107	1.41e-18	70.3
sp|P0A9G4|CUER_ECOLI	CDD:133409	27.000	100	68	2	3	102	3	97	3.35e-18	68.8
sp|P0A9G4|CUER_ECOLI	CDD:133414	35.514	107	65	2	1	105	1	105	7.87e-18	68.9
sp|P0A9G4|CUER_ECOLI	CDD:133399	28.431	102	63	3	4	105	4	95	6.20e-17	65.5
sp|P0A9G4|CUER_ECOLI	CDD:133403	32.110	109	66	3	1	108	1	102	7.45e-17	66.0
sp|P0A9G4|CUER_ECOLI	CDD:133396	31.313	99	62	1	3	101	3	95	1.02e-16	65.1
sp|P0A9G4|CUER_ECOLI	CDD:133401	31.633	98	62	4	1	97	1	94	1.18e-16	64.8
sp|P0A9G4|CUER_ECOLI	CDD:425647	47.368	38	20	0	2	39	1	38	1.28e-16	63.2
sp|P0A9G4|CUER_ECOLI	CDD:133382	32.075	106	69	3	3	105	3	108	3.59e-16	64.1
sp|P0A9G4|CUER_ECOLI	CDD:133380	29.268	82	54	1	2	83	3	80	5.72e-15	60.3
sp|P0A9G4|CUER_ECOLI	CDD:133385	28.829	111	67	5	1	105	2	106	6.44e-15	61.4
sp|P0A9G4|CUER_ECOLI	CDD:133417	33.019	106	65	2	3	108	4	103	8.88e-15	61.7
sp|P0A9G4|CUER_ECOLI	CDD:133415	28.431	102	67	2	1	102	1	96	1.78e-14	59.3
sp|P0A9G4|CUER_ECOLI	CDD:133402	26.415	106	69	3	3	108	4	100	1.38e-13	57.2
sp|P0A9G4|CUER_ECOLI	CDD:133400	29.851	67	47	0	1	67	1	67	1.12e-12	55.1
sp|P0A9G4|CUER_ECOLI	CDD:133416	29.091	110	67	3	1	109	2	101	1.93e-12	54.0
sp|P0A9G4|CUER_ECOLI	CDD:133392	31.343	67	43	2	3	68	3	67	8.00e-12	51.6
sp|P0A9G4|CUER_ECOLI	CDD:133379	28.070	57	41	0	2	58	2	58	9.77e-10	46.1
sp|P0A9G4|CUER_ECOLI	CDD:133386	26.852	108	75	2	3	109	3	107	5.51e-09	45.1
sp|P0A9G4|CUER_ECOLI	CDD:133406	24.074	108	78	3	3	107	3	109	3.29e-08	43.6
sp|P0A9G4|CUER_ECOLI	CDD:133394	30.000	100	51	5	3	100	4	86	5.31e-08	42.3
sp|P0A9G4|CUER_ECOLI	CDD:133393	22.807	114	60	4	3	105	3	99	1.48e-07	41.1
sp|P0A9G4|CUER_ECOLI	CDD:133405	33.846	65	42	1	3	67	4	67	6.60e-07	40.8
sp|P0A9G4|CUER_ECOLI	CDD:133391	34.091	44	27	2	3	45	3	45	2.40e-06	37.5
sp|P0A9G4|CUER_ECOLI	CDD:133387	38.710	62	30	3	3	60	4	61	6.73e-06	36.8
sp|P0A9G4|CUER_ECOLI	CDD:133407	27.586	58	42	0	1	58	1	58	9.77e-06	36.2
sp|P0A9G4|CUER_ECOLI	CDD:133390	19.149	47	37	1	1	47	1	46	1.14e-05	34.9
sp|P0A9P6|DEAD_ECOLI	CDD:350189	27.132	129	74	4	230	339	6	133	2.24e-15	68.0
sp|P0A9P6|DEAD_ECOLI	CDD:350181	25.243	103	77	0	246	348	31	133	4.31e-14	63.8
sp|P0A9P6|DEAD_ECOLI	CDD:350678	25.472	212	107	10	25	209	9	196	4.38e-13	62.9
sp|P0A9P6|DEAD_ECOLI	CDD:350180	26.316	114	72	5	232	334	12	124	2.93e-09	50.2
sp|P0A9P6|DEAD_ECOLI	CDD:350183	24.771	109	75	3	249	350	42	150	1.27e-08	48.8
sp|P0A9P6|DEAD_ECOLI	CDD:350680	29.365	126	83	4	43	163	1	125	7.31e-08	46.8
sp|P0A9Q1|ARCA_ECOLI	CDD:294013	40.659	91	52	2	142	232	1	89	1.02e-23	86.0
sp|P0A9Q1|ARCA_ECOLI	CDD:425712	41.558	77	45	0	156	232	1	77	1.15e-21	80.2
sp|P0A9T6|YBAQ_ECOLI	CDD:396104	34.545	55	36	0	16	70	1	55	9.39e-10	45.2
sp|P0A9T6|YBAQ_ECOLI	CDD:238045	32.727	55	37	0	16	70	4	58	5.23e-09	43.3
sp|P0A9T6|YBAQ_ECOLI	CDD:403907	25.862	58	43	0	16	73	4	61	9.79e-05	32.7
sp|P0A9U6|PUUR_ECOLI	CDD:238045	46.552	58	31	0	9	66	1	58	1.41e-17	67.6
sp|P0A9U6|PUUR_ECOLI	CDD:396104	45.455	55	30	0	12	66	1	55	1.81e-15	62.2
sp|P0A9U6|PUUR_ECOLI	CDD:433309	29.310	58	40	1	9	65	3	60	8.96e-11	49.8
sp|P0A9U6|PUUR_ECOLI	CDD:403907	32.203	59	40	0	9	67	1	59	1.61e-09	46.5
sp|P0A9U6|PUUR_ECOLI	CDD:433211	18.966	58	46	1	11	67	1	58	1.37e-06	38.7
sp|P0A9U6|PUUR_ECOLI	CDD:433449	27.500	40	29	0	7	46	18	57	3.96e-05	34.9
sp|P0A9V5|YIAG_ECOLI	CDD:238045	31.818	44	30	0	38	81	4	47	1.25e-06	36.8
sp|P0A9V5|YIAG_ECOLI	CDD:396104	31.818	44	30	0	38	81	1	44	4.57e-06	35.2
sp|P0A9V5|YIAG_ECOLI	CDD:292359	28.814	59	42	0	36	94	72	130	3.29e-05	34.3
sp|P0A9V5|YIAG_ECOLI	CDD:433309	33.929	56	35	2	37	90	5	60	4.33e-05	32.9
sp|P0A9W0|ULAR_ECOLI	CDD:285436	42.105	57	33	0	6	62	1	57	9.90e-21	77.3
sp|P0A9W0|ULAR_ECOLI	CDD:429896	42.500	40	23	0	8	47	2	41	2.08e-05	35.5
sp|P0A9W0|ULAR_ECOLI	CDD:396062	35.484	31	20	0	17	47	17	47	7.85e-05	34.3
sp|P0A9X9|CSPA_ECOLI	CDD:239905	62.500	64	24	0	5	68	1	64	3.24e-34	105
sp|P0A9Y6|CSPC_ECOLI	CDD:239905	62.500	64	24	0	4	67	1	64	9.66e-33	102
sp|P0AA16|OMPR_ECOLI	CDD:294013	38.889	90	54	1	143	232	1	89	9.68e-31	104
sp|P0AA16|OMPR_ECOLI	CDD:425712	40.260	77	46	0	156	232	1	77	7.28e-29	98.7
sp|P0AAB6|GALF_ECOLI	CDD:277319	31.818	44	30	0	240	283	29	72	4.47e-05	37.6
sp|P0AAP5|YAIV_ECOLI	CDD:435049	57.353	68	29	0	138	205	1	68	1.09e-34	112
sp|P0AAR8|YBAV_ECOLI	CDD:432821	49.153	59	29	1	59	117	1	58	2.27e-19	70.2
sp|P0AAU7|YBFE_ECOLI	CDD:409020	53.659	41	19	0	51	91	1	41	1.12e-10	46.7
sp|P0AAU7|YBFE_ECOLI	CDD:426244	50.000	38	19	0	52	89	1	38	8.54e-07	36.7
sp|P0AAW1|YBHP_ECOLI	CDD:197320	19.030	268	143	16	30	251	15	254	1.25e-07	45.6
sp|P0AB18|TUSE_ECOLI	CDD:427893	59.434	106	43	0	4	109	2	107	8.87e-69	196
sp|P0AB83|END3_ECOLI	CDD:425841	37.857	140	82	4	34	168	1	140	7.61e-44	138
sp|P0AB83|END3_ECOLI	CDD:425789	48.148	27	14	0	100	126	2	28	2.99e-07	40.1
sp|P0AC51|ZUR_ECOLI	CDD:133478	32.203	118	78	1	26	143	1	116	1.46e-26	91.9
sp|P0AC51|ZUR_ECOLI	CDD:426280	30.400	125	80	4	19	140	1	121	1.01e-11	53.8
sp|P0ACB0|DNAB_ECOLI	CDD:410864	63.424	257	93	1	206	462	1	256	1.85e-160	448
sp|P0ACF0|DBHA_ECOLI	CDD:259853	63.953	86	31	0	2	87	1	86	5.45e-43	129
sp|P0ACF0|DBHA_ECOLI	CDD:425532	53.409	88	41	0	2	89	1	88	2.64e-36	112
sp|P0ACF0|DBHA_ECOLI	CDD:259852	54.118	85	39	0	3	87	1	85	4.75e-32	101
sp|P0ACF0|DBHA_ECOLI	CDD:259858	42.697	89	50	1	1	88	1	89	1.94e-31	100
sp|P0ACF0|DBHA_ECOLI	CDD:259854	48.235	85	44	0	3	87	1	85	2.37e-29	95.3
sp|P0ACF0|DBHA_ECOLI	CDD:259859	43.678	87	49	0	2	88	1	87	1.75e-28	93.1
sp|P0ACF0|DBHA_ECOLI	CDD:259857	39.773	88	53	0	2	89	1	88	7.81e-27	88.7
sp|P0ACF0|DBHA_ECOLI	CDD:259856	36.364	77	44	1	2	73	1	77	9.43e-12	50.7
sp|P0ACF4|DBHB_ECOLI	CDD:259853	62.791	86	32	0	2	87	1	86	5.73e-45	134
sp|P0ACF4|DBHB_ECOLI	CDD:425532	55.682	88	39	0	2	89	1	88	2.94e-38	117
sp|P0ACF4|DBHB_ECOLI	CDD:259852	54.118	85	39	0	3	87	1	85	7.96e-33	103
sp|P0ACF4|DBHB_ECOLI	CDD:259858	42.697	89	50	1	1	88	1	89	5.94e-32	101
sp|P0ACF4|DBHB_ECOLI	CDD:259854	48.235	85	44	0	3	87	1	85	7.49e-30	96.4
sp|P0ACF4|DBHB_ECOLI	CDD:259857	36.364	88	56	0	2	89	1	88	1.75e-29	95.6
sp|P0ACF4|DBHB_ECOLI	CDD:259859	45.977	87	47	0	2	88	1	87	5.25e-29	94.3
sp|P0ACF4|DBHB_ECOLI	CDD:259856	34.043	94	54	2	2	87	1	94	2.43e-10	46.8
sp|P0ACF4|DBHB_ECOLI	CDD:436389	23.913	92	64	2	1	90	32	119	5.34e-07	39.1
sp|P0ACH1|SFSB_ECOLI	CDD:433408	70.588	68	20	0	7	74	1	68	2.60e-42	127
sp|P0ACH5|MARA_ECOLI	CDD:432818	26.582	79	57	1	31	108	1	79	5.53e-19	69.9
sp|P0ACH5|MARA_ECOLI	CDD:425497	30.952	42	29	0	18	59	1	42	6.03e-07	37.9
sp|P0ACH8|MELR_ECOLI	CDD:432818	31.250	80	54	1	213	291	1	80	5.52e-20	77.2
sp|P0ACH8|MELR_ECOLI	CDD:425497	47.368	38	19	1	254	291	6	42	8.80e-09	45.2
sp|P0ACH8|MELR_ECOLI	CDD:425497	28.571	42	30	0	200	241	1	42	1.69e-08	44.1
sp|P0ACI0|ROB_ECOLI	CDD:432818	35.802	81	51	1	27	106	1	81	2.24e-21	80.7
sp|P0ACI0|ROB_ECOLI	CDD:425497	45.455	33	17	1	73	105	11	42	1.17e-06	39.1
sp|P0ACI0|ROB_ECOLI	CDD:425497	28.571	42	30	0	14	55	1	42	3.30e-06	37.9
sp|P0ACI3|XYLR_ECOLI	CDD:432818	35.065	77	49	1	309	384	3	79	7.40e-21	80.3
sp|P0ACI3|XYLR_ECOLI	CDD:425497	42.105	38	21	1	347	384	5	41	9.38e-10	48.3
sp|P0ACI3|XYLR_ECOLI	CDD:425497	26.190	42	31	0	294	335	1	42	9.57e-10	47.9
sp|P0ACI6|ASNC_ECOLI	CDD:433180	39.024	41	25	0	7	47	1	41	8.16e-15	58.9
sp|P0ACI6|ASNC_ECOLI	CDD:404317	38.636	44	27	0	9	52	2	45	2.60e-12	52.8
sp|P0ACI6|ASNC_ECOLI	CDD:238042	30.769	52	35	1	5	56	4	54	6.31e-09	44.6
sp|P0ACI6|ASNC_ECOLI	CDD:432824	30.435	46	32	0	11	56	13	58	2.52e-08	42.5
sp|P0ACJ0|LRP_ECOLI	CDD:433180	60.976	41	16	0	13	53	1	41	6.21e-20	72.8
sp|P0ACJ0|LRP_ECOLI	CDD:404317	51.111	45	22	0	14	58	1	45	2.74e-19	70.9
sp|P0ACJ0|LRP_ECOLI	CDD:238042	28.571	49	34	1	13	61	6	53	3.12e-08	43.1
sp|P0ACJ5|YBAO_ECOLI	CDD:433180	48.780	41	21	0	3	43	1	41	3.46e-18	67.8
sp|P0ACJ5|YBAO_ECOLI	CDD:404317	42.222	45	26	0	4	48	1	45	4.80e-16	62.5
sp|P0ACJ5|YBAO_ECOLI	CDD:238042	29.167	48	33	1	1	48	4	50	4.26e-07	40.0
sp|P0ACJ8|CRP_ECOLI	CDD:238044	42.029	69	36	2	140	207	1	66	5.29e-17	66.9
sp|P0ACJ8|CRP_ECOLI	CDD:433295	29.825	57	36	1	142	198	1	53	1.28e-11	52.8
sp|P0ACJ8|CRP_ECOLI	CDD:425608	40.625	32	19	0	166	197	1	32	4.37e-07	39.6
sp|P0ACK2|AGAR_ECOLI	CDD:285436	49.123	57	29	0	18	74	1	57	4.91e-20	75.8
sp|P0ACK2|AGAR_ECOLI	CDD:429896	34.783	46	29	1	20	64	1	46	8.56e-07	39.7
sp|P0ACK5|DEOR_ECOLI	CDD:285436	43.860	57	29	1	8	61	1	57	1.49e-17	68.8
sp|P0ACK8|FUCR_ECOLI	CDD:285436	47.368	57	30	0	5	61	1	57	1.10e-20	77.3
sp|P0ACK8|FUCR_ECOLI	CDD:429896	36.364	44	27	1	7	49	1	44	2.80e-06	37.8
sp|P0ACK8|FUCR_ECOLI	CDD:306822	24.138	58	38	2	7	58	7	64	4.45e-06	37.6
sp|P0ACK8|FUCR_ECOLI	CDD:153418	43.243	37	20	1	19	54	25	61	2.44e-05	35.9
sp|P0ACL0|GLPR_ECOLI	CDD:285436	60.714	56	22	0	6	61	1	56	2.72e-25	89.2
sp|P0ACL0|GLPR_ECOLI	CDD:429896	41.176	34	20	0	10	43	4	37	2.57e-06	38.2
sp|P0ACL0|GLPR_ECOLI	CDD:153418	41.176	34	20	0	21	54	27	60	4.40e-06	37.8
sp|P0ACL0|GLPR_ECOLI	CDD:306822	34.286	35	23	0	23	57	28	62	6.90e-06	37.2
sp|P0ACL2|EXUR_ECOLI	CDD:306822	54.688	64	29	0	9	72	1	64	6.26e-26	91.5
sp|P0ACL2|EXUR_ECOLI	CDD:153418	54.098	61	28	0	9	69	2	62	9.56e-26	91.0
sp|P0ACL5|GLCC_ECOLI	CDD:153418	43.939	66	37	0	7	72	1	66	4.88e-18	70.6
sp|P0ACL5|GLCC_ECOLI	CDD:306822	40.323	62	37	0	10	71	3	64	8.77e-14	59.2
sp|P0ACL7|LLDR_ECOLI	CDD:306822	46.875	64	34	0	8	71	1	64	3.37e-23	84.2
sp|P0ACL7|LLDR_ECOLI	CDD:153418	46.154	65	35	0	8	72	2	66	2.33e-22	82.1
sp|P0ACL9|PDHR_ECOLI	CDD:306822	59.375	64	26	0	11	74	1	64	1.73e-25	90.0
sp|P0ACL9|PDHR_ECOLI	CDD:153418	53.846	65	30	0	10	74	1	65	2.46e-25	89.8
sp|P0ACM2|RSPR_ECOLI	CDD:153418	41.270	63	36	1	15	76	4	66	2.08e-17	68.2
sp|P0ACM2|RSPR_ECOLI	CDD:306822	43.548	62	34	1	15	75	3	64	5.89e-17	67.3
sp|P0ACM5|YEGW_ECOLI	CDD:153418	46.970	66	35	0	23	88	1	66	4.62e-20	75.9
sp|P0ACM5|YEGW_ECOLI	CDD:306822	45.161	62	34	0	24	85	1	62	7.13e-15	61.9
sp|P0ACM5|YEGW_ECOLI	CDD:429896	38.298	47	25	2	40	83	7	52	5.40e-06	37.0
sp|P0ACM5|YEGW_ECOLI	CDD:433295	41.935	31	18	0	51	81	26	56	4.63e-05	35.1
sp|P0ACM9|YIHL_ECOLI	CDD:306822	42.188	64	37	0	7	70	1	64	4.89e-22	80.7
sp|P0ACM9|YIHL_ECOLI	CDD:153418	45.000	60	33	0	12	71	7	66	5.42e-17	67.5
sp|P0ACN2|YTFH_ECOLI	CDD:396282	47.191	89	47	0	29	117	2	90	7.18e-42	128
sp|P0ACN4|ALLR_ECOLI	CDD:430539	36.538	52	33	0	23	74	1	52	9.58e-12	53.2
sp|P0ACN7|CYTR_ECOLI	CDD:306791	56.522	46	20	0	11	56	1	46	4.39e-21	79.6
sp|P0ACN7|CYTR_ECOLI	CDD:143331	48.077	52	27	0	13	64	1	52	3.40e-20	77.1
sp|P0ACP1|CRA_ECOLI	CDD:143331	51.852	54	23	1	5	58	2	52	1.87e-18	72.4
sp|P0ACP1|CRA_ECOLI	CDD:306791	46.939	49	23	1	2	50	1	46	2.06e-18	72.3
sp|P0ACP5|GNTR_ECOLI	CDD:306791	53.333	45	21	0	8	52	2	46	7.75e-19	73.4
sp|P0ACP5|GNTR_ECOLI	CDD:143331	45.652	46	25	0	9	54	1	46	1.07e-14	62.0
sp|P0ACP7|PURR_ECOLI	CDD:143331	54.902	51	23	0	5	55	1	51	2.94e-21	80.1
sp|P0ACP7|PURR_ECOLI	CDD:306791	56.522	46	20	0	3	48	1	46	5.77e-19	73.8
sp|P0ACQ0|RBSR_ECOLI	CDD:306791	63.043	46	17	0	3	48	1	46	3.07e-22	82.7
sp|P0ACQ0|RBSR_ECOLI	CDD:143331	54.902	51	23	0	5	55	1	51	2.14e-21	80.5
sp|P0ACQ4|OXYR_ECOLI	CDD:425479	50.847	59	29	0	3	61	1	59	2.98e-24	87.8
sp|P0ACQ7|TDCA_ECOLI	CDD:425479	45.763	59	32	0	10	68	2	60	1.75e-21	80.5
sp|P0ACR0|ALLS_ECOLI	CDD:425479	63.158	57	21	0	7	63	4	60	4.46e-24	87.4
sp|P0ACR2|YDHB_ECOLI	CDD:425479	53.571	56	26	0	7	62	4	59	1.17e-23	86.3
sp|P0ACR4|YEIE_ECOLI	CDD:425479	45.000	60	33	0	5	64	1	60	1.44e-17	69.7
sp|P0ACR7|YFER_ECOLI	CDD:425479	56.667	60	26	0	5	64	1	60	1.80e-25	91.3
sp|P0ACR9|MPRA_ECOLI	CDD:426012	40.000	60	34	1	53	112	1	58	5.12e-14	58.3
sp|P0ACR9|MPRA_ECOLI	CDD:432797	33.333	54	34	1	58	111	8	59	1.77e-08	43.7
sp|P0ACS2|SOXR_ECOLI	CDD:133385	66.187	139	47	0	11	149	1	139	3.20e-83	235
sp|P0ACS2|SOXR_ECOLI	CDD:133378	32.353	102	67	1	12	113	1	100	1.65e-24	85.8
sp|P0ACS2|SOXR_ECOLI	CDD:133408	35.000	120	73	1	12	131	1	115	2.61e-23	83.1
sp|P0ACS2|SOXR_ECOLI	CDD:133398	30.833	120	80	3	15	132	4	122	2.39e-20	75.7
sp|P0ACS2|SOXR_ECOLI	CDD:133397	29.091	110	78	0	12	121	1	110	3.55e-17	67.4
sp|P0ACS2|SOXR_ECOLI	CDD:133388	29.524	105	72	1	15	117	4	108	6.49e-17	66.5
sp|P0ACS2|SOXR_ECOLI	CDD:430498	36.364	66	41	1	54	119	1	65	1.79e-15	61.4
sp|P0ACS2|SOXR_ECOLI	CDD:133383	30.328	122	76	4	15	131	4	121	1.56e-14	60.7
sp|P0ACS2|SOXR_ECOLI	CDD:133384	27.103	107	76	2	12	117	1	106	1.80e-14	60.2
sp|P0ACS2|SOXR_ECOLI	CDD:133389	38.776	49	30	0	12	60	1	49	2.95e-14	58.0
sp|P0ACS2|SOXR_ECOLI	CDD:133410	31.200	125	78	5	12	132	1	121	4.50e-14	59.5
sp|P0ACS2|SOXR_ECOLI	CDD:133412	27.642	123	86	3	12	132	1	122	4.56e-13	56.8
sp|P0ACS2|SOXR_ECOLI	CDD:425647	47.368	38	19	1	13	49	1	38	3.41e-12	52.4
sp|P0ACS2|SOXR_ECOLI	CDD:133413	43.333	60	33	1	15	73	4	63	7.03e-12	54.1
sp|P0ACS2|SOXR_ECOLI	CDD:433186	29.508	61	43	0	13	73	2	62	1.53e-11	51.4
sp|P0ACS2|SOXR_ECOLI	CDD:133381	29.630	108	66	5	12	117	1	100	2.76e-10	49.0
sp|P0ACS2|SOXR_ECOLI	CDD:133415	39.683	63	37	1	15	76	4	66	4.18e-10	48.5
sp|P0ACS2|SOXR_ECOLI	CDD:133402	32.432	111	66	3	11	121	1	102	1.80e-09	46.8
sp|P0ACS2|SOXR_ECOLI	CDD:133380	44.898	49	24	2	15	61	5	52	4.66e-09	45.3
sp|P0ACS2|SOXR_ECOLI	CDD:133396	26.471	102	67	3	12	112	1	95	9.50e-09	44.7
sp|P0ACS2|SOXR_ECOLI	CDD:133382	25.926	108	72	5	12	117	1	102	2.31e-08	44.0
sp|P0ACS2|SOXR_ECOLI	CDD:133401	30.769	65	44	1	12	75	1	65	3.68e-08	43.3
sp|P0ACS2|SOXR_ECOLI	CDD:133400	27.368	95	66	2	12	105	1	93	4.60e-08	43.1
sp|P0ACS2|SOXR_ECOLI	CDD:133403	29.808	104	65	5	15	117	4	100	2.66e-07	41.4
sp|P0ACS2|SOXR_ECOLI	CDD:133417	33.846	65	40	3	11	73	1	64	3.77e-07	41.6
sp|P0ACS2|SOXR_ECOLI	CDD:133390	34.694	49	31	1	12	59	1	49	5.11e-07	39.1
sp|P0ACS2|SOXR_ECOLI	CDD:133407	28.571	70	48	2	15	82	4	73	7.55e-07	39.6
sp|P0ACS2|SOXR_ECOLI	CDD:133414	29.412	102	70	2	16	116	5	105	8.11e-07	40.4
sp|P0ACS2|SOXR_ECOLI	CDD:133416	36.364	55	35	0	16	70	6	60	1.35e-06	39.0
sp|P0ACS2|SOXR_ECOLI	CDD:133411	27.184	103	73	2	15	116	4	105	2.69e-06	38.7
sp|P0ACS2|SOXR_ECOLI	CDD:133406	24.074	108	73	3	15	118	4	106	7.42e-06	37.9
sp|P0ACS2|SOXR_ECOLI	CDD:133394	36.207	58	36	1	17	73	7	64	1.31e-05	36.1
sp|P0ACS2|SOXR_ECOLI	CDD:133399	25.263	95	59	5	12	94	1	95	2.70e-05	35.4
sp|P0ACS2|SOXR_ECOLI	CDD:133379	25.714	70	48	2	12	80	1	67	3.74e-05	34.5
sp|P0ACS5|ZNTR_ECOLI	CDD:133398	53.175	126	56	2	2	127	1	123	2.65e-57	169
sp|P0ACS5|ZNTR_ECOLI	CDD:133412	44.882	127	67	2	4	130	3	126	3.59e-45	138
sp|P0ACS5|ZNTR_ECOLI	CDD:133383	44.094	127	68	2	4	130	3	126	1.19e-43	134
sp|P0ACS5|ZNTR_ECOLI	CDD:133410	42.308	130	71	2	2	131	1	126	3.61e-38	120
sp|P0ACS5|ZNTR_ECOLI	CDD:133411	44.186	129	70	2	2	130	1	127	3.74e-38	120
sp|P0ACS5|ZNTR_ECOLI	CDD:133378	43.689	103	55	2	2	104	1	100	9.45e-30	98.5
sp|P0ACS5|ZNTR_ECOLI	CDD:133384	36.036	111	67	2	2	112	1	107	1.42e-28	96.0
sp|P0ACS5|ZNTR_ECOLI	CDD:133414	42.056	107	61	1	3	109	2	107	3.17e-28	95.8
sp|P0ACS5|ZNTR_ECOLI	CDD:133388	31.481	108	71	2	3	108	2	108	1.38e-23	83.4
sp|P0ACS5|ZNTR_ECOLI	CDD:433186	43.284	67	37	1	2	68	1	66	2.74e-22	78.7
sp|P0ACS5|ZNTR_ECOLI	CDD:133381	33.028	109	66	1	2	110	1	102	2.69e-21	77.1
sp|P0ACS5|ZNTR_ECOLI	CDD:430498	53.030	66	30	1	45	110	1	65	6.46e-21	75.2
sp|P0ACS5|ZNTR_ECOLI	CDD:133396	32.979	94	63	0	2	95	1	94	9.42e-21	75.5
sp|P0ACS5|ZNTR_ECOLI	CDD:133385	31.624	117	69	5	4	116	4	113	4.33e-20	74.9
sp|P0ACS5|ZNTR_ECOLI	CDD:133403	35.652	115	70	2	2	114	1	113	1.13e-19	73.3
sp|P0ACS5|ZNTR_ECOLI	CDD:133382	34.545	110	65	2	2	110	1	104	2.66e-19	72.2
sp|P0ACS5|ZNTR_ECOLI	CDD:133417	33.636	110	66	1	1	110	1	103	2.82e-19	74.0
sp|P0ACS5|ZNTR_ECOLI	CDD:133409	26.214	103	70	2	2	104	1	97	7.27e-18	68.0
sp|P0ACS5|ZNTR_ECOLI	CDD:133389	54.000	50	22	1	2	51	1	49	1.70e-17	66.1
sp|P0ACS5|ZNTR_ECOLI	CDD:133402	30.909	110	66	2	1	110	1	100	1.89e-17	67.2
sp|P0ACS5|ZNTR_ECOLI	CDD:133415	29.293	99	63	1	3	101	2	93	5.58e-17	65.9
sp|P0ACS5|ZNTR_ECOLI	CDD:133397	30.088	113	77	2	1	113	1	111	8.53e-17	65.9
sp|P0ACS5|ZNTR_ECOLI	CDD:133406	30.909	110	73	2	2	109	1	109	9.82e-17	66.4
sp|P0ACS5|ZNTR_ECOLI	CDD:133392	39.706	68	38	2	2	68	1	66	1.77e-16	63.9
sp|P0ACS5|ZNTR_ECOLI	CDD:133413	29.907	107	66	1	3	109	2	99	2.33e-16	65.2
sp|P0ACS5|ZNTR_ECOLI	CDD:133408	29.245	106	69	2	4	109	3	102	3.10e-16	64.6
sp|P0ACS5|ZNTR_ECOLI	CDD:133401	34.343	99	59	3	2	99	1	94	1.04e-15	62.5
sp|P0ACS5|ZNTR_ECOLI	CDD:133380	30.667	75	52	0	2	76	2	76	8.66e-15	59.9
sp|P0ACS5|ZNTR_ECOLI	CDD:133400	26.804	97	65	2	2	96	1	93	2.23e-14	59.7
sp|P0ACS5|ZNTR_ECOLI	CDD:133379	36.765	68	43	0	2	69	1	68	5.53e-14	57.3
sp|P0ACS5|ZNTR_ECOLI	CDD:425647	52.632	38	18	0	3	40	1	38	6.66e-14	56.3
sp|P0ACS5|ZNTR_ECOLI	CDD:133416	32.727	110	64	2	1	110	1	100	1.71e-13	57.1
sp|P0ACS5|ZNTR_ECOLI	CDD:133386	30.189	106	71	2	2	107	1	103	9.04e-13	55.5
sp|P0ACS5|ZNTR_ECOLI	CDD:133391	29.412	68	48	0	2	69	1	68	1.07e-12	54.1
sp|P0ACS5|ZNTR_ECOLI	CDD:133394	28.571	105	57	3	2	105	2	89	2.07e-12	53.8
sp|P0ACS5|ZNTR_ECOLI	CDD:133393	24.510	102	71	2	2	102	1	97	1.61e-11	51.9
sp|P0ACS5|ZNTR_ECOLI	CDD:133395	30.986	71	46	2	1	70	1	69	3.71e-11	51.3
sp|P0ACS5|ZNTR_ECOLI	CDD:133404	27.358	106	68	3	3	103	2	103	1.82e-09	46.6
sp|P0ACS5|ZNTR_ECOLI	CDD:133407	30.137	73	50	1	2	73	1	73	8.09e-09	44.6
sp|P0ACS5|ZNTR_ECOLI	CDD:133405	33.824	68	44	1	2	69	2	68	1.10e-08	46.2
sp|P0ACS5|ZNTR_ECOLI	CDD:133399	32.075	53	36	0	2	54	1	53	3.37e-08	43.2
sp|P0ACS5|ZNTR_ECOLI	CDD:133390	36.000	50	31	1	2	51	1	49	3.74e-08	41.8
sp|P0ACS5|ZNTR_ECOLI	CDD:133387	29.577	71	48	2	1	70	1	70	1.14e-07	41.8
sp|P0ACS7|RPIR_ECOLI	CDD:334531	33.766	77	51	0	14	90	1	77	1.39e-30	104
sp|P0ACS9|ACRR_ECOLI	CDD:425684	44.681	47	26	0	16	62	1	47	7.76e-19	71.3
sp|P0ACT2|ENVR_ECOLI	CDD:425684	34.043	47	31	0	16	62	1	47	1.82e-17	67.8
sp|P0ACT6|UIDR_ECOLI	CDD:425684	44.681	47	26	0	16	62	1	47	1.90e-16	64.7
sp|P0ACU0|YBIH_ECOLI	CDD:425684	48.936	47	23	1	17	62	1	47	5.49e-13	55.9
sp|P0ACU2|RUTR_ECOLI	CDD:425684	46.809	47	25	0	23	69	1	47	1.78e-13	57.0
sp|P0ACU5|FABR_ECOLI	CDD:425684	36.364	44	27	1	15	58	1	43	2.87e-08	43.2
sp|P0ACZ4|EVGA_ECOLI	CDD:425517	42.105	57	33	0	142	198	1	57	3.75e-22	79.9
sp|P0ACZ4|EVGA_ECOLI	CDD:99777	40.351	57	34	0	144	200	1	57	4.75e-18	69.1
sp|P0ACZ8|CUSR_ECOLI	CDD:294013	44.944	89	49	0	133	221	1	89	2.54e-37	120
sp|P0ACZ8|CUSR_ECOLI	CDD:425712	45.455	77	41	1	146	221	1	77	3.30e-32	107
sp|P0AD37|YFEC_ECOLI	CDD:399786	61.789	123	36	2	1	113	1	122	5.65e-64	185
sp|P0ADD7|YJJQ_ECOLI	CDD:99777	36.842	57	36	0	154	210	1	57	2.21e-14	60.2
sp|P0ADD7|YJJQ_ECOLI	CDD:425517	35.714	56	36	0	152	207	1	56	9.00e-08	42.2
sp|P0ADH5|FIMB_ECOLI	CDD:271175	29.586	169	109	4	17	177	1	167	3.60e-29	101
sp|P0ADH5|FIMB_ECOLI	CDD:271193	26.857	175	116	3	11	177	4	174	3.72e-25	91.2
sp|P0ADH5|FIMB_ECOLI	CDD:271180	22.652	181	112	9	18	177	1	174	3.20e-08	45.8
sp|P0ADH7|FIME_ECOLI	CDD:271175	34.320	169	102	4	11	172	1	167	2.67e-34	114
sp|P0ADH7|FIME_ECOLI	CDD:271193	29.885	174	109	3	7	172	6	174	1.33e-26	94.6
sp|P0ADH7|FIME_ECOLI	CDD:271180	27.222	180	104	8	24	186	14	183	2.81e-10	51.5
sp|P0ADI0|PINR_ECOLI	CDD:239737	43.182	132	69	3	4	135	1	126	3.28e-47	146
sp|P0ADI0|PINR_ECOLI	CDD:259851	41.463	41	24	0	147	187	1	41	2.46e-13	56.2
sp|P0ADI0|PINR_ECOLI	CDD:397088	44.444	45	25	0	147	191	1	45	1.23e-10	49.3
sp|P0ADQ5|YIIE_ECOLI	CDD:409020	42.857	42	24	0	2	43	1	42	7.67e-13	51.4
sp|P0ADQ5|YIIE_ECOLI	CDD:426244	47.368	38	20	0	4	41	2	39	2.09e-09	42.5
sp|P0ADQ5|YIIE_ECOLI	CDD:409023	39.024	41	25	0	3	43	2	42	3.10e-06	34.7
sp|P0AE39|YPDB_ECOLI	CDD:427920	48.980	98	49	1	145	242	1	97	1.99e-41	131
sp|P0AE58|CAIF_ECOLI	CDD:369250	27.419	62	43	1	5	64	17	78	1.95e-05	36.1
sp|P0AE60|CEDA_ECOLI	CDD:313850	75.676	74	18	0	3	76	2	75	3.72e-44	131
sp|P0AE72|MAZE_ECOLI	CDD:397909	38.636	44	27	0	7	50	1	44	2.28e-11	47.9
sp|P0AE88|CPXR_ECOLI	CDD:294013	48.352	91	44	2	139	228	1	89	5.70e-31	104
sp|P0AE88|CPXR_ECOLI	CDD:425712	48.052	77	40	0	152	228	1	77	6.07e-28	96.4
sp|P0AED5|UVRY_ECOLI	CDD:425517	38.596	57	35	0	148	204	1	57	1.15e-20	76.5
sp|P0AED5|UVRY_ECOLI	CDD:99777	29.825	57	40	0	150	206	1	57	7.04e-18	69.1
sp|P0AED9|DCM_ECOLI	CDD:238192	33.428	353	140	13	87	437	1	260	9.31e-85	256
sp|P0AED9|DCM_ECOLI	CDD:436384	43.860	57	32	0	19	75	1	57	1.31e-22	85.0
sp|P0AEL8|FIMZ_ECOLI	CDD:425517	57.143	56	24	0	149	204	2	57	1.36e-24	86.5
sp|P0AEL8|FIMZ_ECOLI	CDD:99777	49.123	57	29	0	150	206	1	57	1.26e-20	76.0
sp|P0AEM6|FLIA_ECOLI	CDD:427997	32.836	67	45	0	98	164	4	70	8.65e-17	67.2
sp|P0AEM6|FLIA_ECOLI	CDD:427998	37.838	74	43	1	16	89	1	71	1.00e-16	66.8
sp|P0AEM6|FLIA_ECOLI	CDD:100119	41.818	55	32	0	179	233	1	55	1.82e-15	63.3
sp|P0AEM6|FLIA_ECOLI	CDD:427999	44.898	49	27	0	185	233	1	49	1.08e-13	58.2
sp|P0AEM6|FLIA_ECOLI	CDD:400535	35.185	54	35	0	179	232	1	54	2.34e-08	43.6
sp|P0AEW4|CPDA_ECOLI	CDD:277319	20.000	90	60	5	16	97	1	86	1.70e-06	41.5
sp|P0AF20|NAGC_ECOLI	CDD:426012	26.415	53	36	1	25	77	10	59	2.16e-07	42.1
sp|P0AF20|NAGC_ECOLI	CDD:396062	21.429	42	33	0	22	63	9	50	2.69e-05	36.2
sp|P0AF28|NARL_ECOLI	CDD:425517	45.455	55	30	0	156	210	3	57	2.16e-15	62.6
sp|P0AF28|NARL_ECOLI	CDD:99777	43.860	57	32	0	156	212	1	57	2.57e-15	62.6
sp|P0AF28|NARL_ECOLI	CDD:400535	37.500	40	24	1	153	191	8	47	1.69e-06	38.6
sp|P0AF28|NARL_ECOLI	CDD:433164	41.176	34	17	1	157	187	1	34	7.00e-05	33.8
sp|P0AF63|NSRR_ECOLI	CDD:396591	38.931	131	77	2	3	130	1	131	3.86e-50	151
sp|P0AF63|NSRR_ECOLI	CDD:153418	30.769	52	35	1	11	61	10	61	1.87e-06	37.8
sp|P0AFB8|NTRC_ECOLI	CDD:427077	53.846	39	18	0	427	465	2	40	2.11e-13	58.6
sp|P0AFF6|NUSA_ECOLI	CDD:434010	35.714	56	36	0	432	487	2	57	4.85e-11	52.5
sp|P0AFH0|OGT_ECOLI	CDD:426006	61.250	80	31	0	88	167	1	80	1.30e-49	149
sp|P0AFH0|OGT_ECOLI	CDD:119438	55.696	79	35	0	89	167	1	79	5.43e-44	135
sp|P0AFJ5|PHOB_ECOLI	CDD:294013	51.685	89	43	0	137	225	1	89	2.96e-42	133
sp|P0AFJ5|PHOB_ECOLI	CDD:425712	56.579	76	32	1	151	225	2	77	5.45e-36	116
sp|P0AFP2|ATL_ECOLI	CDD:426006	44.444	81	45	0	32	112	1	81	7.81e-36	112
sp|P0AFP2|ATL_ECOLI	CDD:119438	48.101	79	41	0	33	111	1	79	4.40e-33	106
sp|P0AFT5|YEHT_ECOLI	CDD:427920	41.414	99	54	2	143	238	1	98	3.92e-32	108
sp|P0AFY8|SEQA_ECOLI	CDD:435785	77.778	36	8	0	1	36	1	36	3.50e-20	73.6
sp|P0AG76|SBCD_ECOLI	CDD:277319	27.016	248	117	6	2	247	1	186	3.59e-47	154
sp|P0AGA6|UHPA_ECOLI	CDD:425517	56.140	57	25	0	136	192	1	57	6.32e-25	86.9
sp|P0AGA6|UHPA_ECOLI	CDD:99777	47.368	57	30	0	138	194	1	57	1.69e-22	80.7
sp|P0AGA6|UHPA_ECOLI	CDD:433294	37.500	32	20	0	139	170	13	44	1.92e-05	35.1
sp|P0AGA6|UHPA_ECOLI	CDD:433164	40.476	42	22	2	137	175	1	42	3.87e-05	34.6
sp|P0AGA6|UHPA_ECOLI	CDD:400535	37.500	40	22	2	138	174	11	50	4.34e-05	34.4
sp|P0AGA6|UHPA_ECOLI	CDD:428745	43.333	30	16	1	142	170	2	31	4.42e-05	34.7
sp|P0AGB3|RPOH_ECOLI	CDD:427998	36.620	71	45	0	53	123	1	71	4.63e-19	74.2
sp|P0AGB3|RPOH_ECOLI	CDD:427999	39.623	53	29	1	228	280	1	50	1.67e-14	60.9
sp|P0AGB3|RPOH_ECOLI	CDD:100119	35.088	57	34	1	223	279	2	55	2.35e-12	55.2
sp|P0AGB6|RPOE_ECOLI	CDD:400535	42.593	54	31	0	128	181	1	54	5.48e-18	68.6
sp|P0AGB6|RPOE_ECOLI	CDD:427998	42.254	71	38	2	25	92	1	71	9.63e-18	68.4
sp|P0AGB6|RPOE_ECOLI	CDD:100119	42.593	54	31	0	128	181	1	54	3.00e-16	64.0
sp|P0AGB6|RPOE_ECOLI	CDD:427999	31.915	47	32	0	135	181	2	48	9.22e-10	47.0
sp|P0AGB6|RPOE_ECOLI	CDD:254323	21.348	178	125	5	10	179	7	177	1.74e-08	46.3
sp|P0AGD7|SRP54_ECOLI	CDD:427090	55.102	98	40	2	329	425	2	96	2.38e-47	152
sp|P0AGE0|SSB_ECOLI	CDD:239942	55.670	97	41	1	9	105	1	95	3.32e-47	144
sp|P0AGK8|ISCR_ECOLI	CDD:396591	36.641	131	82	1	3	132	1	131	1.29e-43	135
sp|P0C079|RELB_ECOLI	CDD:427796	55.422	83	33	1	1	79	1	83	8.36e-31	98.4
sp|P0C093|SLMA_ECOLI	CDD:425684	37.209	43	27	0	20	62	5	47	4.26e-07	39.7
sp|P0CF07|INSA1_ECOLI	CDD:289525	65.217	46	16	0	43	88	1	46	3.49e-26	86.1
sp|P0CF08|INSA2_ECOLI	CDD:289525	65.217	46	16	0	43	88	1	46	8.11e-26	85.4
sp|P0CF09|INSA3_ECOLI	CDD:289525	65.217	46	16	0	43	88	1	46	8.11e-26	85.4
sp|P0CF10|INSA4_ECOLI	CDD:289525	65.217	46	16	0	43	88	1	46	8.11e-26	85.4
sp|P0CF11|INSA5_ECOLI	CDD:289525	65.217	46	16	0	43	88	1	46	3.49e-26	86.1
sp|P0CF12|INSA6_ECOLI	CDD:289525	65.217	46	16	0	43	88	1	46	3.49e-26	86.1
sp|P0CF40|INSC1_ECOLI	CDD:426308	36.250	80	44	1	8	87	2	74	1.27e-17	66.2
sp|P0CF40|INSC1_ECOLI	CDD:433276	31.818	44	29	1	17	60	1	43	5.10e-05	32.9
sp|P0CF41|INSC2_ECOLI	CDD:426308	36.250	80	44	1	8	87	2	74	1.27e-17	66.2
sp|P0CF41|INSC2_ECOLI	CDD:433276	31.818	44	29	1	17	60	1	43	5.10e-05	32.9
sp|P0CF42|INSC3_ECOLI	CDD:426308	36.250	80	44	1	8	87	2	74	1.27e-17	66.2
sp|P0CF42|INSC3_ECOLI	CDD:433276	31.818	44	29	1	17	60	1	43	5.10e-05	32.9
sp|P0CF43|INSC4_ECOLI	CDD:426308	36.250	80	44	1	8	87	2	74	1.27e-17	66.2
sp|P0CF43|INSC4_ECOLI	CDD:433276	31.818	44	29	1	17	60	1	43	5.10e-05	32.9
sp|P0CF44|INSC5_ECOLI	CDD:426308	36.250	80	44	1	8	87	2	74	1.27e-17	66.2
sp|P0CF44|INSC5_ECOLI	CDD:433276	31.818	44	29	1	17	60	1	43	5.10e-05	32.9
sp|P0CF45|INSC6_ECOLI	CDD:426308	36.250	80	44	1	8	87	2	74	1.27e-17	66.2
sp|P0CF45|INSC6_ECOLI	CDD:433276	31.818	44	29	1	17	60	1	43	5.10e-05	32.9
sp|P0CF53|INSD1_ECOLI	CDD:433079	46.154	39	17	1	64	102	19	53	1.91e-09	47.6
sp|P0CF54|INSD2_ECOLI	CDD:433079	46.154	39	17	1	64	102	19	53	1.91e-09	47.6
sp|P0CF55|INSD3_ECOLI	CDD:433079	46.154	39	17	1	64	102	19	53	1.91e-09	47.6
sp|P0CF56|INSD4_ECOLI	CDD:433079	46.154	39	17	1	64	102	19	53	1.91e-09	47.6
sp|P0CF57|INSD5_ECOLI	CDD:433079	46.154	39	17	1	64	102	19	53	1.91e-09	47.6
sp|P0CF58|INSD6_ECOLI	CDD:433079	46.154	39	17	1	64	102	19	53	1.91e-09	47.6
sp|P0CF66|INSE1_ECOLI	CDD:426308	32.000	75	46	2	9	78	1	75	6.68e-07	38.1
sp|P0CF67|INSE2_ECOLI	CDD:426308	32.000	75	46	2	9	78	1	75	6.68e-07	38.1
sp|P0CF68|INSE3_ECOLI	CDD:426308	32.000	75	46	2	9	78	1	75	6.68e-07	38.1
sp|P0CF69|INSE4_ECOLI	CDD:426308	32.000	75	46	2	9	78	1	75	6.68e-07	38.1
sp|P0CF70|INSE5_ECOLI	CDD:426308	32.000	75	46	2	9	78	1	75	6.68e-07	38.1
sp|P0CF79|INSF1_ECOLI	CDD:433079	40.385	52	30	1	52	102	9	60	6.14e-10	48.7
sp|P0CF80|INSF2_ECOLI	CDD:433079	40.385	52	30	1	52	102	9	60	6.14e-10	48.7
sp|P0CF81|INSF3_ECOLI	CDD:433079	40.385	52	30	1	52	102	9	60	6.14e-10	48.7
sp|P0CF82|INSF4_ECOLI	CDD:433079	40.385	52	30	1	52	102	9	60	6.14e-10	48.7
sp|P0CF83|INSF5_ECOLI	CDD:433079	40.385	52	30	1	52	102	9	60	6.14e-10	48.7
sp|P0CF88|INSI1_ECOLI	CDD:433591	60.976	41	16	0	58	98	4	44	3.47e-15	63.7
sp|P0CF89|INSI3_ECOLI	CDD:433591	60.976	41	16	0	58	98	4	44	3.75e-15	63.3
sp|P0CF90|INSI4_ECOLI	CDD:433591	60.976	41	16	0	58	98	4	44	3.75e-15	63.3
sp|P0DMC7|RCSB_ECOLI	CDD:99777	46.296	54	29	0	151	204	1	54	1.43e-18	71.0
sp|P0DMC7|RCSB_ECOLI	CDD:425517	43.137	51	29	0	151	201	3	53	1.69e-11	52.2
sp|P0DMC7|RCSB_ECOLI	CDD:427999	34.783	46	29	1	149	193	3	48	4.42e-07	40.1
sp|P0DMC7|RCSB_ECOLI	CDD:100119	36.957	46	28	1	149	193	9	54	1.18e-05	36.3
sp|P0DMC7|RCSB_ECOLI	CDD:433591	52.778	36	16	1	149	183	3	38	1.66e-05	35.6
sp|P0DMC9|RCSA_ECOLI	CDD:425517	35.714	56	36	0	137	192	2	57	1.99e-19	73.0
sp|P0DMC9|RCSA_ECOLI	CDD:99777	28.070	57	41	0	138	194	1	57	1.05e-14	60.6
sp|P10151|LEUO_ECOLI	CDD:425479	40.678	59	35	0	24	82	1	59	1.13e-19	75.9
sp|P10443|DPO3A_ECOLI	CDD:434050	50.549	91	42	3	808	898	1	88	1.13e-32	116
sp|P10805|ENVY_ECOLI	CDD:432818	25.000	64	47	1	184	246	18	81	2.96e-14	61.1
sp|P10805|ENVY_ECOLI	CDD:425497	39.474	38	22	1	207	244	5	41	3.79e-08	42.9
sp|P13445|RPOS_ECOLI	CDD:427998	47.887	71	37	0	94	164	1	71	4.09e-23	85.7
sp|P13445|RPOS_ECOLI	CDD:427997	36.842	76	48	0	173	248	1	76	1.84e-20	78.8
sp|P13445|RPOS_ECOLI	CDD:427999	42.593	54	27	1	262	315	1	50	6.10e-12	54.4
sp|P13445|RPOS_ECOLI	CDD:100119	28.814	59	38	1	256	314	1	55	1.05e-09	48.3
sp|P13669|MNGR_ECOLI	CDD:153418	57.576	66	28	0	5	70	1	66	2.78e-30	102
sp|P13669|MNGR_ECOLI	CDD:306822	54.688	64	29	0	6	69	1	64	1.86e-25	89.6
sp|P14081|SELB_ECOLI	CDD:430413	59.459	37	15	0	569	605	10	46	2.82e-16	67.5
sp|P14081|SELB_ECOLI	CDD:430412	31.579	57	39	0	424	480	1	57	5.13e-16	66.8
sp|P14294|TOP3_ECOLI	CDD:238110	30.837	454	233	9	157	603	2	381	3.52e-133	391
sp|P14375|ZRAR_ECOLI	CDD:427077	67.500	40	13	0	402	441	1	40	3.76e-14	60.5
sp|P15038|HELD_ECOLI	CDD:350194	32.716	162	85	6	505	658	2	147	2.36e-34	122
sp|P15038|HELD_ECOLI	CDD:350173	20.000	100	50	2	562	657	12	85	3.93e-11	54.4
sp|P15038|HELD_ECOLI	CDD:350196	31.343	67	21	2	592	658	36	77	1.10e-07	44.1
sp|P15042|DNLJ_ECOLI	CDD:349379	53.947	76	30	1	598	668	1	76	4.13e-31	110
sp|P15042|DNLJ_ECOLI	CDD:432812	53.125	64	30	0	510	573	1	64	2.17e-25	93.7
sp|P15042|DNLJ_ECOLI	CDD:349383	45.833	72	38	1	598	668	6	77	1.06e-20	81.1
sp|P15042|DNLJ_ECOLI	CDD:434010	37.500	48	29	1	511	557	1	48	1.61e-06	40.2
sp|P15042|DNLJ_ECOLI	CDD:434010	22.414	58	44	1	445	502	1	57	1.93e-06	39.8
sp|P15042|DNLJ_ECOLI	CDD:425789	40.000	30	18	0	534	563	1	30	8.13e-06	37.4
sp|P15043|RECQ_ECOLI	CDD:350678	59.000	200	78	1	14	209	1	200	1.37e-114	334
sp|P15043|RECQ_ECOLI	CDD:350776	52.083	192	85	4	15	200	2	192	1.43e-79	244
sp|P15043|RECQ_ECOLI	CDD:350773	42.105	209	104	4	13	209	6	209	1.40e-73	229
sp|P15043|RECQ_ECOLI	CDD:350181	63.433	134	46	1	210	340	1	134	1.55e-73	226
sp|P15043|RECQ_ECOLI	CDD:350775	49.490	196	90	4	17	209	4	193	5.24e-70	219
sp|P15043|RECQ_ECOLI	CDD:350774	44.608	204	102	4	15	209	7	208	1.13e-61	198
sp|P15043|RECQ_ECOLI	CDD:350772	42.289	201	108	5	14	206	1	201	5.64e-58	188
sp|P15043|RECQ_ECOLI	CDD:430572	44.444	108	60	0	406	513	1	108	2.24e-42	142
sp|P15043|RECQ_ECOLI	CDD:350182	28.472	144	87	6	201	332	4	143	1.14e-15	69.1
sp|P15043|RECQ_ECOLI	CDD:350183	29.703	101	65	1	235	329	37	137	2.10e-11	56.5
sp|P15043|RECQ_ECOLI	CDD:350180	21.951	123	89	4	213	331	5	124	1.44e-09	50.9
sp|P15043|RECQ_ECOLI	CDD:350680	28.261	138	54	10	40	149	1	121	5.05e-07	44.1
sp|P15043|RECQ_ECOLI	CDD:350189	23.308	133	86	3	215	331	3	135	1.48e-06	42.6
sp|P15043|RECQ_ECOLI	CDD:350786	23.864	176	99	9	25	183	1	158	2.83e-06	42.3
sp|P15082|SRLR_ECOLI	CDD:285436	47.368	57	30	0	6	62	1	57	7.23e-22	80.4
sp|P15082|SRLR_ECOLI	CDD:429896	39.535	43	25	1	9	50	2	44	1.10e-05	36.3
sp|P15373|PRLF_ECOLI	CDD:435029	52.525	99	43	2	15	110	1	98	8.18e-53	155
sp|P16528|ICLR_ECOLI	CDD:430539	48.077	52	27	0	26	77	1	52	1.28e-17	69.4
sp|P16659|SYP_ECOLI	CDD:239106	19.008	121	94	2	454	571	8	127	1.71e-05	38.9
sp|P16684|PHNF_ECOLI	CDD:306822	42.857	63	35	1	14	75	2	64	9.12e-22	80.0
sp|P16684|PHNF_ECOLI	CDD:153418	36.923	65	40	1	12	75	1	65	1.58e-18	71.7
sp|P16684|PHNF_ECOLI	CDD:426012	32.258	31	21	0	39	69	21	51	4.87e-05	34.8
sp|P16684|PHNF_ECOLI	CDD:432797	29.412	34	24	0	39	72	23	56	9.39e-05	34.1
sp|P17410|CHBR_ECOLI	CDD:432818	33.784	74	48	1	202	274	8	81	1.05e-20	78.8
sp|P17410|CHBR_ECOLI	CDD:425497	42.857	42	23	1	232	273	2	42	2.79e-08	43.7
sp|P17446|BETI_ECOLI	CDD:425684	45.652	46	25	0	14	59	1	46	1.70e-13	57.0
sp|P17802|MUTY_ECOLI	CDD:425841	39.007	141	81	4	35	170	1	141	1.39e-46	150
sp|P17802|MUTY_ECOLI	CDD:239523	25.893	112	77	3	235	342	7	116	3.46e-18	73.9
sp|P17802|MUTY_ECOLI	CDD:425789	57.143	28	12	0	100	127	2	29	3.09e-08	43.6
sp|P17888|PRIA_ECOLI	CDD:350786	26.866	134	81	6	198	323	1	125	1.10e-06	43.9
sp|P17888|PRIA_ECOLI	CDD:350678	24.852	169	103	8	203	358	17	174	4.80e-05	39.1
sp|P17888|PRIA_ECOLI	CDD:350674	44.643	56	23	4	222	274	33	83	8.30e-05	39.1
sp|P18811|MALI_ECOLI	CDD:306791	60.870	46	18	0	8	53	1	46	2.44e-19	75.0
sp|P18811|MALI_ECOLI	CDD:143331	59.615	52	21	0	10	61	1	52	2.90e-19	74.8
sp|P19323|FHLA_ECOLI	CDD:427077	35.897	39	22	1	645	683	5	40	9.92e-05	34.7
sp|P19767|INSA7_ECOLI	CDD:289525	63.043	46	17	0	43	88	1	46	4.02e-25	83.4
sp|P19768|INSJ_ECOLI	CDD:433276	28.302	53	33	2	10	60	1	50	8.36e-09	44.1
sp|P19768|INSJ_ECOLI	CDD:433276	32.653	49	31	2	68	116	2	48	1.32e-06	38.3
sp|P19768|INSJ_ECOLI	CDD:433164	24.490	49	32	2	9	55	5	50	2.30e-05	34.9
sp|P19769|INSK_ECOLI	CDD:433079	50.000	54	26	1	44	96	7	60	6.06e-15	62.6
sp|P21499|RNR_ECOLI	CDD:285637	31.250	64	37	3	22	81	1	61	5.36e-11	53.2
sp|P21507|SRMB_ECOLI	CDD:350189	27.907	129	73	3	233	342	6	133	5.20e-18	74.9
sp|P21507|SRMB_ECOLI	CDD:350181	28.421	95	65	1	252	346	34	125	1.45e-11	56.1
sp|P21507|SRMB_ECOLI	CDD:350680	38.806	67	38	1	41	107	1	64	1.43e-09	51.0
sp|P21507|SRMB_ECOLI	CDD:350180	23.529	119	69	5	235	337	12	124	9.12e-09	48.2
sp|P21507|SRMB_ECOLI	CDD:350183	27.642	123	79	3	236	351	25	144	1.28e-07	45.3
sp|P21507|SRMB_ECOLI	CDD:350678	64.000	25	9	0	39	63	25	49	1.47e-05	39.8
sp|P21514|YAHA_ECOLI	CDD:99777	27.273	55	40	0	26	80	2	56	1.01e-11	54.1
sp|P21693|DBPA_ECOLI	CDD:350180	24.561	114	76	3	227	330	11	124	8.17e-14	62.5
sp|P21693|DBPA_ECOLI	CDD:350189	25.547	137	79	4	228	342	5	140	2.51e-11	55.7
sp|P21693|DBPA_ECOLI	CDD:350181	30.328	122	79	3	220	336	5	125	1.14e-10	53.8
sp|P21693|DBPA_ECOLI	CDD:350678	29.861	144	78	7	22	155	9	139	2.51e-07	45.2
sp|P21693|DBPA_ECOLI	CDD:350183	23.239	142	97	4	206	338	3	141	3.78e-07	43.8
sp|P21693|DBPA_ECOLI	CDD:350786	26.923	130	82	4	28	154	4	123	9.35e-06	40.4
sp|P21693|DBPA_ECOLI	CDD:350680	25.806	93	67	2	40	130	1	93	1.26e-05	39.9
sp|P21693|DBPA_ECOLI	CDD:350182	29.167	72	43	3	229	298	31	96	2.14e-05	38.7
sp|P21693|DBPA_ECOLI	CDD:350776	24.194	186	103	10	21	186	8	175	7.21e-05	38.0
sp|P21866|KDPE_ECOLI	CDD:294013	40.000	90	53	1	134	223	1	89	3.56e-31	104
sp|P21866|KDPE_ECOLI	CDD:425712	44.737	76	42	0	148	223	2	77	7.51e-27	93.3
sp|P22186|MRAZ_ECOLI	CDD:426747	36.842	76	44	1	1	76	1	72	4.34e-26	88.9
sp|P22186|MRAZ_ECOLI	CDD:426747	37.288	59	37	0	77	135	1	59	1.00e-23	82.8
sp|P22524|MUKE_ECOLI	CDD:427842	80.786	229	40	1	10	234	1	229	1.82e-165	450
sp|P23484|FECI_ECOLI	CDD:427998	24.638	69	49	2	16	81	1	69	1.90e-14	59.5
sp|P23484|FECI_ECOLI	CDD:400535	40.741	54	32	0	111	164	1	54	1.06e-13	57.1
sp|P23484|FECI_ECOLI	CDD:100119	37.037	54	34	0	111	164	1	54	2.69e-12	53.3
sp|P23484|FECI_ECOLI	CDD:427999	29.787	47	33	0	118	164	2	48	2.49e-07	40.1
sp|P23836|PHOP_ECOLI	CDD:294013	35.955	89	57	0	132	220	1	89	1.51e-28	97.9
sp|P23836|PHOP_ECOLI	CDD:425712	35.065	77	49	1	145	220	1	77	9.71e-21	77.2
sp|P23841|XAPR_ECOLI	CDD:425479	53.333	60	28	0	9	68	1	60	1.43e-25	90.9
sp|P23873|HIPB_ECOLI	CDD:396104	35.849	53	34	0	17	69	1	53	1.24e-14	56.8
sp|P23873|HIPB_ECOLI	CDD:238045	37.500	56	35	0	14	69	1	56	1.30e-14	56.8
sp|P23873|HIPB_ECOLI	CDD:403907	32.000	50	34	0	18	67	5	54	6.80e-10	45.0
sp|P23873|HIPB_ECOLI	CDD:433449	32.432	37	25	0	11	47	17	53	6.71e-07	37.6
sp|P23873|HIPB_ECOLI	CDD:433309	27.778	36	26	0	12	47	1	36	8.60e-07	37.1
sp|P23874|HIPA_ECOLI	CDD:341494	28.846	416	250	14	26	428	8	390	7.30e-73	229
sp|P23890|CADC_ECOLI	CDD:294013	35.165	91	56	2	11	100	1	89	3.26e-24	91.0
sp|P23890|CADC_ECOLI	CDD:425712	38.462	78	46	2	24	100	1	77	6.86e-22	84.1
sp|P24202|MRR_ECOLI	CDD:433880	37.805	82	49	2	12	92	2	82	7.30e-21	79.5
sp|P24218|INTD_ECOLI	CDD:271175	22.156	167	124	1	190	350	1	167	3.14e-25	95.2
sp|P24218|INTD_ECOLI	CDD:271193	22.581	186	127	7	174	352	1	176	1.12e-12	60.4
sp|P24218|INTD_ECOLI	CDD:271180	17.877	179	119	8	192	349	2	173	6.12e-07	43.8
sp|P24230|RECG_ECOLI	CDD:239934	41.892	74	42	1	63	135	1	74	9.86e-25	92.3
sp|P24230|RECG_ECOLI	CDD:350189	31.313	99	55	4	509	597	46	141	1.32e-08	48.4
sp|P24230|RECG_ECOLI	CDD:350183	30.769	91	56	3	502	587	49	137	7.97e-07	43.4
sp|P24230|RECG_ECOLI	CDD:350182	27.632	76	46	2	520	587	66	140	2.57e-06	42.2
sp|P24242|ASCG_ECOLI	CDD:143331	58.824	51	21	0	6	56	2	52	8.93e-23	84.0
sp|P24242|ASCG_ECOLI	CDD:306791	58.696	46	19	0	3	48	1	46	6.37e-22	81.9
sp|P24255|RP54_ECOLI	CDD:428004	62.893	159	59	0	317	475	1	159	8.93e-95	278
sp|P24255|RP54_ECOLI	CDD:428224	46.277	188	88	2	116	303	8	182	1.33e-83	250
sp|P24554|RADA_ECOLI	CDD:410868	29.070	172	95	8	78	224	2	171	1.16e-09	52.9
sp|P24554|RADA_ECOLI	CDD:410864	22.819	149	78	6	78	190	3	150	3.67e-09	51.4
sp|P24554|RADA_ECOLI	CDD:410921	28.571	175	90	11	77	222	1	169	4.76e-08	48.1
sp|P25553|ALDA_ECOLI	CDD:370664	21.687	83	53	2	40	117	35	110	5.40e-05	38.1
sp|P25748|GALS_ECOLI	CDD:143331	63.462	52	19	0	5	56	1	52	3.13e-23	85.5
sp|P25748|GALS_ECOLI	CDD:306791	65.217	46	16	0	3	48	1	46	5.12e-21	79.6
sp|P25748|GALS_ECOLI	CDD:238045	36.842	38	24	0	2	39	13	50	2.41e-05	36.0
sp|P25888|RHLE_ECOLI	CDD:350181	26.724	116	84	1	224	338	8	123	1.45e-12	59.1
sp|P25888|RHLE_ECOLI	CDD:350180	27.273	110	70	4	233	334	17	124	8.25e-12	57.1
sp|P25888|RHLE_ECOLI	CDD:350189	24.299	107	65	5	249	340	29	134	1.54e-10	53.4
sp|P25888|RHLE_ECOLI	CDD:350183	31.959	97	60	1	248	338	41	137	2.97e-09	50.0
sp|P25888|RHLE_ECOLI	CDD:350786	26.596	188	104	10	26	201	4	169	5.88e-07	43.9
sp|P25888|RHLE_ECOLI	CDD:350678	46.000	50	25	1	11	60	2	49	1.45e-06	42.9
sp|P25888|RHLE_ECOLI	CDD:350680	24.242	66	45	1	38	103	1	61	7.53e-05	37.6
sp|P27111|CYNR_ECOLI	CDD:425479	62.712	59	22	0	4	62	2	60	3.16e-28	98.2
sp|P27238|YFED_ECOLI	CDD:399786	63.934	122	44	0	8	129	1	122	8.10e-77	218
sp|P27238|YFED_ECOLI	CDD:432748	42.857	42	19	1	8	49	2	38	1.35e-08	42.5
sp|P27238|YFED_ECOLI	CDD:238045	44.828	29	16	0	3	31	8	36	7.15e-06	35.6
sp|P27238|YFED_ECOLI	CDD:433164	30.952	42	27	1	1	42	11	50	6.77e-05	33.0
sp|P27245|MARR_ECOLI	CDD:426012	38.983	59	36	0	38	96	1	59	2.14e-18	68.7
sp|P27245|MARR_ECOLI	CDD:432797	38.333	60	37	0	36	95	1	60	1.71e-10	48.4
sp|P27278|NADR_ECOLI	CDD:238045	32.075	53	35	1	7	59	4	55	2.15e-09	47.5
sp|P27278|NADR_ECOLI	CDD:396104	26.415	53	38	1	7	59	1	52	6.15e-09	46.4
sp|P27278|NADR_ECOLI	CDD:433309	26.415	53	39	0	5	57	4	56	3.26e-07	41.7
sp|P27434|RODZ_ECOLI	CDD:433187	42.857	63	34	2	18	79	1	62	1.25e-16	67.9
sp|P27434|RODZ_ECOLI	CDD:238045	29.688	64	39	1	16	79	1	58	1.13e-10	51.0
sp|P27434|RODZ_ECOLI	CDD:403907	34.328	67	38	1	16	82	1	61	2.16e-09	47.7
sp|P27434|RODZ_ECOLI	CDD:433309	34.375	64	37	2	16	79	3	61	3.20e-09	47.1
sp|P27434|RODZ_ECOLI	CDD:396104	32.787	61	35	1	19	79	1	55	1.87e-08	44.4
sp|P29217|YCEH_ECOLI	CDD:427875	61.039	154	54	3	5	158	1	148	6.21e-86	245
sp|P30015|LHR_ECOLI	CDD:350680	45.652	184	80	3	45	227	2	166	3.69e-73	235
sp|P30015|LHR_ECOLI	CDD:350183	36.842	190	79	2	241	430	1	149	2.17e-56	186
sp|P30015|LHR_ECOLI	CDD:350786	29.255	188	98	7	45	230	18	172	3.45e-20	83.9
sp|P30015|LHR_ECOLI	CDD:350181	22.835	127	65	2	291	417	29	122	1.53e-12	60.7
sp|P30015|LHR_ECOLI	CDD:350182	25.170	147	63	6	280	417	31	139	3.74e-07	45.6
sp|P30015|LHR_ECOLI	CDD:350189	31.579	76	45	2	347	416	57	131	2.68e-06	43.0
sp|P30015|LHR_ECOLI	CDD:350776	25.909	220	115	12	34	239	14	199	4.17e-06	43.4
sp|P30015|LHR_ECOLI	CDD:350678	21.233	146	78	6	45	184	28	142	1.86e-05	41.4
sp|P30843|BASR_ECOLI	CDD:294013	42.697	89	47	1	132	216	1	89	1.46e-29	100
sp|P30843|BASR_ECOLI	CDD:425712	42.857	77	39	1	145	216	1	77	9.04e-26	90.3
sp|P30852|SMF_ECOLI	CDD:436040	46.667	45	24	0	313	357	17	61	7.23e-11	51.8
sp|P30864|YAFC_ECOLI	CDD:425479	55.932	59	26	0	6	64	2	60	8.26e-23	84.0
sp|P30958|MFD_ECOLI	CDD:426832	41.489	94	46	3	477	569	1	86	1.16e-27	101
sp|P30958|MFD_ECOLI	CDD:350786	21.893	169	104	6	603	757	4	158	9.01e-09	50.4
sp|P30958|MFD_ECOLI	CDD:350189	29.333	75	36	3	840	902	61	130	3.16e-07	45.3
sp|P30958|MFD_ECOLI	CDD:350678	26.064	188	90	8	603	763	15	180	6.58e-06	42.5
sp|P30958|MFD_ECOLI	CDD:350183	32.653	98	52	4	821	909	46	138	9.41e-06	41.1
sp|P30979|YBEF_ECOLI	CDD:425479	33.898	59	39	0	31	89	1	59	6.45e-17	68.2
sp|P31061|NOHA_ECOLI	CDD:369382	67.073	164	54	0	1	164	1	164	2.48e-95	269
sp|P31062|NOHD_ECOLI	CDD:369382	65.854	164	56	0	1	164	1	164	4.35e-95	268
sp|P31449|YIDL_ECOLI	CDD:432818	41.975	81	46	1	206	285	1	81	1.88e-19	75.7
sp|P31449|YIDL_ECOLI	CDD:425497	37.500	40	25	0	193	232	1	40	1.11e-07	41.8
sp|P31449|YIDL_ECOLI	CDD:425497	28.947	38	26	1	247	284	6	42	2.09e-07	41.0
sp|P31453|YIDP_ECOLI	CDD:306822	45.161	62	34	0	3	64	2	63	2.78e-21	78.8
sp|P31453|YIDP_ECOLI	CDD:153418	46.032	63	34	0	2	64	2	64	3.68e-18	70.6
sp|P31453|YIDP_ECOLI	CDD:429896	42.857	28	16	0	29	56	17	44	1.54e-05	35.9
sp|P31453|YIDP_ECOLI	CDD:285436	46.875	32	17	0	29	60	18	49	4.88e-05	34.5
sp|P31460|DGOR_ECOLI	CDD:153418	41.538	65	38	0	5	69	2	66	7.53e-19	72.1
sp|P31460|DGOR_ECOLI	CDD:306822	46.154	52	28	0	17	68	13	64	1.69e-12	55.3
sp|P31463|YIDZ_ECOLI	CDD:425479	29.787	47	33	0	20	66	11	57	1.61e-14	61.6
sp|P31475|YIEP_ECOLI	CDD:153418	51.562	64	31	0	14	77	2	65	4.93e-24	85.6
sp|P31475|YIEP_ECOLI	CDD:306822	48.333	60	31	0	18	77	5	64	2.85e-21	78.4
sp|P31475|YIEP_ECOLI	CDD:429896	40.741	27	16	0	42	68	18	44	2.41e-05	35.1
sp|P31802|NARP_ECOLI	CDD:425517	54.386	57	26	0	152	208	1	57	1.88e-25	88.8
sp|P31802|NARP_ECOLI	CDD:99777	50.877	57	28	0	154	210	1	57	1.52e-22	81.4
sp|P31802|NARP_ECOLI	CDD:400535	43.902	41	22	1	156	196	15	54	1.74e-06	38.2
sp|P31802|NARP_ECOLI	CDD:404317	23.810	42	30	1	156	195	1	42	2.32e-05	35.1
sp|P31802|NARP_ECOLI	CDD:427999	35.417	48	28	2	151	196	2	48	3.17e-05	34.7
sp|P32053|INTA_ECOLI	CDD:433141	50.000	80	38	1	8	87	1	78	2.60e-27	98.5
sp|P32053|INTA_ECOLI	CDD:271175	22.143	140	97	4	238	365	20	159	8.92e-13	60.6
sp|P32131|HEMN_ECOLI	CDD:429220	28.986	69	46	1	363	431	1	66	1.45e-08	45.7
sp|P32144|YIHW_ECOLI	CDD:285436	50.877	57	28	0	11	67	1	57	1.27e-22	82.7
sp|P32144|YIHW_ECOLI	CDD:429896	45.000	40	22	0	15	54	4	43	1.22e-09	47.4
sp|P32144|YIHW_ECOLI	CDD:238042	36.170	47	29	1	14	60	11	56	2.27e-07	41.9
sp|P32144|YIHW_ECOLI	CDD:426012	40.476	42	25	0	15	56	8	49	4.27e-07	40.6
sp|P32144|YIHW_ECOLI	CDD:153418	35.849	53	28	1	13	59	8	60	2.39e-06	38.6
sp|P32144|YIHW_ECOLI	CDD:432797	33.333	48	32	0	9	56	4	51	4.63e-06	37.6
sp|P32144|YIHW_ECOLI	CDD:238044	27.869	61	36	1	11	63	4	64	4.96e-06	37.6
sp|P32144|YIHW_ECOLI	CDD:306822	37.778	45	22	1	17	61	23	61	6.26e-06	37.6
sp|P32144|YIHW_ECOLI	CDD:433295	38.000	50	25	1	15	58	7	56	1.98e-05	36.3
sp|P32144|YIHW_ECOLI	CDD:404317	36.585	41	26	0	14	54	5	45	2.35e-05	35.1
sp|P32144|YIHW_ECOLI	CDD:311953	40.541	37	22	0	14	50	9	45	6.91e-05	34.5
sp|P32144|YIHW_ECOLI	CDD:432824	43.750	32	18	0	29	60	29	60	7.03e-05	34.4
sp|P32152|FRVR_ECOLI	CDD:429896	40.000	55	28	2	7	59	1	52	3.73e-08	44.3
sp|P32677|YIJO_ECOLI	CDD:432818	43.210	81	45	1	191	270	1	81	1.80e-22	83.4
sp|P32677|YIJO_ECOLI	CDD:425497	41.667	36	20	1	234	269	8	42	1.96e-09	46.8
sp|P32677|YIJO_ECOLI	CDD:425497	26.190	42	31	0	178	219	1	42	3.57e-05	34.8
sp|P33020|YEII_ECOLI	CDD:404317	37.209	43	27	0	5	47	3	45	5.10e-10	49.0
sp|P33020|YEII_ECOLI	CDD:432797	31.111	45	31	0	1	45	3	47	3.65e-05	35.6
sp|P33234|ADIY_ECOLI	CDD:432818	25.641	78	56	2	168	243	1	78	1.08e-15	64.9
sp|P33234|ADIY_ECOLI	CDD:425497	33.333	39	25	1	205	243	3	40	1.33e-05	36.0
sp|P33358|MLRA_ECOLI	CDD:133391	83.824	68	11	0	4	71	1	68	4.02e-37	119
sp|P33358|MLRA_ECOLI	CDD:133379	55.882	68	30	0	4	71	1	68	1.69e-30	103
sp|P33358|MLRA_ECOLI	CDD:133389	56.000	50	21	1	4	53	1	49	2.65e-20	75.7
sp|P33358|MLRA_ECOLI	CDD:433186	46.269	67	35	1	4	70	1	66	1.41e-18	71.8
sp|P33358|MLRA_ECOLI	CDD:133378	35.526	76	48	1	4	79	1	75	2.98e-18	71.9
sp|P33358|MLRA_ECOLI	CDD:133394	43.478	69	37	2	3	70	1	68	1.05e-15	65.0
sp|P33358|MLRA_ECOLI	CDD:133392	34.328	67	43	1	4	70	1	66	1.37e-13	58.5
sp|P33358|MLRA_ECOLI	CDD:133380	37.879	66	39	2	3	67	1	65	1.56e-13	59.2
sp|P33358|MLRA_ECOLI	CDD:133410	45.283	53	27	2	4	55	1	52	1.07e-12	57.6
sp|P33358|MLRA_ECOLI	CDD:133398	43.396	53	28	2	4	55	1	52	1.13e-12	57.6
sp|P33358|MLRA_ECOLI	CDD:133393	29.577	71	49	1	4	73	1	71	1.65e-12	56.5
sp|P33358|MLRA_ECOLI	CDD:133395	47.143	70	34	3	3	71	1	68	4.47e-12	56.0
sp|P33358|MLRA_ECOLI	CDD:133390	44.000	50	27	1	4	53	1	49	1.89e-11	52.2
sp|P33358|MLRA_ECOLI	CDD:133381	35.632	87	54	2	4	89	1	86	2.72e-11	53.3
sp|P33358|MLRA_ECOLI	CDD:133388	32.308	65	43	1	6	70	3	66	4.72e-11	53.0
sp|P33358|MLRA_ECOLI	CDD:133387	32.877	73	47	2	3	74	1	72	5.06e-11	52.6
sp|P33358|MLRA_ECOLI	CDD:133384	33.846	65	41	2	4	67	1	64	8.76e-11	52.1
sp|P33358|MLRA_ECOLI	CDD:425647	47.368	38	20	0	5	42	1	38	1.36e-10	49.7
sp|P33358|MLRA_ECOLI	CDD:133401	32.692	52	34	1	4	55	1	51	4.74e-10	49.8
sp|P33358|MLRA_ECOLI	CDD:133396	24.176	91	67	2	4	93	1	90	3.84e-09	47.3
sp|P33358|MLRA_ECOLI	CDD:133382	33.333	78	43	3	4	76	1	74	5.28e-09	47.1
sp|P33358|MLRA_ECOLI	CDD:133412	37.681	69	41	2	4	71	1	68	1.68e-08	46.0
sp|P33358|MLRA_ECOLI	CDD:133417	27.273	77	54	2	3	78	1	76	4.27e-08	45.9
sp|P33358|MLRA_ECOLI	CDD:133415	35.616	73	45	2	6	77	3	74	7.65e-08	43.5
sp|P33358|MLRA_ECOLI	CDD:133400	40.816	49	27	2	4	51	1	48	3.48e-07	42.0
sp|P33358|MLRA_ECOLI	CDD:133411	31.373	51	33	2	6	55	3	52	4.26e-07	42.2
sp|P33358|MLRA_ECOLI	CDD:133402	25.000	68	50	1	3	70	1	67	6.90e-07	41.0
sp|P33358|MLRA_ECOLI	CDD:133416	34.615	52	33	1	3	54	1	51	8.46e-07	40.9
sp|P33358|MLRA_ECOLI	CDD:133406	23.404	141	99	5	4	142	1	134	9.35e-07	41.3
sp|P33358|MLRA_ECOLI	CDD:133403	28.235	85	42	4	4	71	1	83	3.37e-06	39.4
sp|P33358|MLRA_ECOLI	CDD:133386	25.000	88	64	2	4	90	1	87	8.42e-06	38.1
sp|P33358|MLRA_ECOLI	CDD:133385	28.000	50	35	1	5	54	3	51	2.34e-05	37.6
sp|P33358|MLRA_ECOLI	CDD:133414	33.846	65	41	2	8	71	5	68	8.05e-05	35.7
sp|P33595|SGRR_ECOLI	CDD:432788	60.870	115	44	1	5	118	1	115	2.15e-54	174
sp|P33634|YFIE_ECOLI	CDD:425479	38.333	60	37	0	3	62	1	60	7.09e-18	70.5
sp|P33919|YEJH_ECOLI	CDD:350786	26.380	163	101	6	4	152	1	158	6.68e-14	64.7
sp|P33919|YEJH_ECOLI	CDD:350678	26.286	175	91	10	4	152	12	174	1.36e-10	55.2
sp|P33919|YEJH_ECOLI	CDD:350773	25.581	172	99	6	4	152	18	183	1.91e-09	52.0
sp|P33919|YEJH_ECOLI	CDD:350787	26.786	168	95	8	5	155	9	165	2.65e-09	50.8
sp|P33919|YEJH_ECOLI	CDD:350772	25.862	174	90	9	7	152	16	178	2.09e-06	42.8
sp|P33919|YEJH_ECOLI	CDD:350774	22.941	170	102	7	6	152	19	182	3.21e-06	42.5
sp|P33919|YEJH_ECOLI	CDD:350776	26.590	173	100	8	1	152	9	175	8.20e-06	41.1
sp|P33997|ALPA_ECOLI	CDD:399137	45.614	57	25	1	7	63	1	51	1.39e-21	73.5
sp|P36547|EUTR_ECOLI	CDD:432818	33.333	78	50	1	262	339	1	76	4.14e-21	80.7
sp|P36673|TRER_ECOLI	CDD:306791	65.217	46	16	0	6	51	1	46	1.65e-21	80.4
sp|P36673|TRER_ECOLI	CDD:143331	51.923	52	25	0	8	59	1	52	3.20e-20	77.1
sp|P36771|LRHA_ECOLI	CDD:425479	49.153	59	30	0	13	71	1	59	1.13e-15	64.7
sp|P36930|GATR_ECOLI	CDD:285436	46.429	56	30	0	8	63	1	56	5.92e-15	62.3
sp|P36930|GATR_ECOLI	CDD:306822	32.727	55	35	1	9	61	10	64	3.36e-06	38.4
sp|P36995|CSPB_ECOLI	CDD:239905	56.923	65	28	0	5	69	1	65	5.33e-32	100
sp|P37007|YAGA_ECOLI	CDD:433314	32.000	75	49	1	43	117	1	73	1.34e-14	62.7
sp|P37007|YAGA_ECOLI	CDD:433276	40.816	49	28	1	16	64	2	49	8.74e-12	54.1
sp|P37007|YAGA_ECOLI	CDD:433301	31.250	64	44	0	16	79	1	64	1.77e-11	53.5
sp|P37007|YAGA_ECOLI	CDD:289759	32.836	67	45	0	8	74	6	72	8.94e-09	46.6
sp|P37007|YAGA_ECOLI	CDD:433164	32.500	40	27	0	20	59	10	49	2.12e-08	44.6
sp|P37007|YAGA_ECOLI	CDD:433079	24.000	50	37	1	75	123	4	53	5.95e-07	40.6
sp|P37007|YAGA_ECOLI	CDD:426308	26.316	57	41	1	9	65	5	60	8.06e-05	35.0
sp|P37024|HRPB_ECOLI	CDD:350680	25.620	121	72	6	23	127	4	122	3.28e-07	45.3
sp|P37047|CDAR_ECOLI	CDD:433305	53.571	56	26	0	326	381	1	56	7.39e-21	79.8
sp|P37049|YAEI_ECOLI	CDD:277319	30.769	91	47	6	50	126	1	89	5.34e-08	46.1
sp|P37195|DCTR_ECOLI	CDD:99777	33.333	57	38	0	116	172	1	57	6.80e-17	65.6
sp|P37195|DCTR_ECOLI	CDD:425517	39.286	56	34	0	114	169	1	56	1.80e-09	46.0
sp|P37309|ARSR_ECOLI	CDD:238042	45.455	66	35	1	10	75	1	65	1.15e-21	76.6
sp|P37309|ARSR_ECOLI	CDD:425993	56.522	46	19	1	15	60	1	45	3.15e-16	61.7
sp|P37309|ARSR_ECOLI	CDD:432824	35.000	60	39	0	8	67	2	61	9.75e-12	50.6
sp|P37326|INTS_ECOLI	CDD:433141	48.718	78	40	0	2	79	1	78	4.71e-31	108
sp|P37326|INTS_ECOLI	CDD:271175	20.588	136	99	2	226	352	24	159	5.05e-15	66.7
sp|P37326|INTS_ECOLI	CDD:271193	26.490	151	94	5	226	362	28	175	1.05e-07	45.7
sp|P37338|CSIR_ECOLI	CDD:153418	30.000	60	41	1	9	67	7	66	1.66e-10	49.8
sp|P37338|CSIR_ECOLI	CDD:306822	33.898	59	38	1	9	66	6	64	3.68e-10	48.8
sp|P37344|PSPF_ECOLI	CDD:427077	38.889	36	22	0	287	322	5	40	3.57e-05	35.1
sp|P37639|GADX_ECOLI	CDD:432818	33.333	81	52	2	164	242	1	81	2.62e-18	72.2
sp|P37639|GADX_ECOLI	CDD:425497	37.143	35	21	1	205	239	7	40	3.76e-09	46.0
sp|P37639|GADX_ECOLI	CDD:425497	26.190	42	30	1	151	191	1	42	1.09e-05	36.4
sp|P37640|YHJB_ECOLI	CDD:425517	50.909	55	27	0	141	195	2	56	5.22e-22	79.6
sp|P37640|YHJB_ECOLI	CDD:99777	47.368	57	30	0	142	198	1	57	4.54e-20	74.5
sp|P37640|YHJB_ECOLI	CDD:400535	45.000	40	21	1	139	177	8	47	2.61e-07	40.5
sp|P37640|YHJB_ECOLI	CDD:259851	41.304	46	19	2	140	184	4	42	6.19e-06	36.5
sp|P37640|YHJB_ECOLI	CDD:427999	35.000	40	25	1	139	177	2	41	8.69e-06	36.3
sp|P37640|YHJB_ECOLI	CDD:433591	45.455	33	17	1	141	173	6	37	8.72e-06	36.0
sp|P37640|YHJB_ECOLI	CDD:238042	36.957	46	27	2	139	182	1	46	1.34e-05	36.5
sp|P37640|YHJB_ECOLI	CDD:100119	35.135	37	23	1	139	174	8	44	2.55e-05	35.2
sp|P37640|YHJB_ECOLI	CDD:404317	32.432	37	23	1	146	180	3	39	3.55e-05	34.3
sp|P37641|YHJC_ECOLI	CDD:425479	47.458	59	31	0	4	62	1	59	8.48e-21	78.6
sp|P37671|YIAJ_ECOLI	CDD:430539	42.308	52	30	0	25	76	1	52	2.84e-14	60.5
sp|P37682|YIAU_ECOLI	CDD:425479	34.483	58	38	0	9	66	2	59	2.91e-14	60.9
sp|P37767|YFHH_ECOLI	CDD:334531	50.649	77	38	0	1	77	1	77	4.22e-33	110
sp|P38506|XNI_ECOLI	CDD:188618	53.425	73	34	0	162	234	1	73	2.88e-35	115
sp|P38506|XNI_ECOLI	CDD:188616	50.704	71	35	0	163	233	1	71	1.15e-23	85.5
sp|P38506|XNI_ECOLI	CDD:188627	44.737	38	17	1	184	217	20	57	9.10e-06	37.1
sp|P38684|TORR_ECOLI	CDD:294013	43.182	88	45	2	142	225	3	89	1.03e-23	85.6
sp|P38684|TORR_ECOLI	CDD:425712	41.026	78	40	2	153	225	1	77	3.28e-20	76.0
sp|P39161|UXUR_ECOLI	CDD:306822	48.438	64	33	0	10	73	1	64	8.34e-26	91.1
sp|P39161|UXUR_ECOLI	CDD:153418	50.794	63	31	0	11	73	3	65	6.92e-23	83.3
sp|P39161|UXUR_ECOLI	CDD:396591	37.209	43	27	0	28	70	18	60	7.07e-06	38.7
sp|P39161|UXUR_ECOLI	CDD:396525	53.125	32	15	0	37	68	26	57	5.15e-05	34.8
sp|P39212|INSN2_ECOLI	CDD:426308	30.137	73	50	1	14	86	3	74	3.27e-12	51.6
sp|P39285|MSCM_ECOLI	CDD:238028	33.333	51	31	2	39	88	1	49	6.42e-05	37.2
sp|P39334|BDCR_ECOLI	CDD:425684	36.957	46	29	0	22	67	2	47	5.44e-12	52.8
sp|P39343|IDNR_ECOLI	CDD:306791	54.348	46	21	0	7	52	1	46	4.39e-20	76.9
sp|P39343|IDNR_ECOLI	CDD:143331	45.652	46	25	0	9	54	1	46	1.78e-15	64.4
sp|P39347|INTB_ECOLI	CDD:433141	56.364	55	24	0	1	55	24	78	1.76e-25	93.1
sp|P39347|INTB_ECOLI	CDD:271175	18.935	169	115	4	184	343	2	157	5.59e-08	46.3
sp|P39356|YJHU_ECOLI	CDD:100119	43.750	32	18	0	22	53	21	52	8.20e-06	37.1
sp|P39356|YJHU_ECOLI	CDD:433164	45.455	33	18	0	24	56	14	46	3.44e-05	35.3
sp|P39356|YJHU_ECOLI	CDD:396104	38.462	39	19	1	25	63	7	40	9.46e-05	34.0
sp|P39361|SGCR_ECOLI	CDD:285436	37.931	58	35	1	8	65	1	57	1.62e-22	82.3
sp|P39369|YJHR_ECOLI	CDD:350195	29.655	145	87	6	5	146	45	177	3.19e-24	92.3
sp|P39369|YJHR_ECOLI	CDD:350173	22.353	85	58	2	50	134	13	89	1.29e-05	37.8
sp|P39376|YJIE_ECOLI	CDD:425479	37.288	59	37	0	14	72	2	60	1.03e-16	67.4
sp|P39389|YJIR_ECOLI	CDD:153418	40.909	66	39	0	2	67	1	66	7.70e-22	83.3
sp|P39389|YJIR_ECOLI	CDD:306822	41.270	63	37	0	4	66	2	64	1.08e-15	65.7
sp|P39389|YJIR_ECOLI	CDD:433997	33.333	48	30	1	21	66	1	48	2.20e-06	39.0
sp|P39399|LGOR_ECOLI	CDD:153418	32.727	55	35	1	7	59	2	56	1.96e-09	47.4
sp|P39399|LGOR_ECOLI	CDD:306822	32.692	52	33	1	10	59	4	55	6.33e-07	40.3
sp|P39399|LGOR_ECOLI	CDD:396591	32.759	58	35	2	18	72	14	70	1.20e-05	38.7
sp|P39404|BGLJ_ECOLI	CDD:99777	41.818	55	32	0	153	207	1	55	6.27e-17	66.8
sp|P39404|BGLJ_ECOLI	CDD:425517	44.231	52	29	0	152	203	2	53	1.49e-12	55.3
sp|P39410|YJJJ_ECOLI	CDD:341494	44.444	36	19	1	332	366	276	311	3.83e-06	42.7
sp|P39901|YBFI_ECOLI	CDD:425712	42.857	35	20	0	29	63	43	77	1.02e-10	46.7
sp|P39901|YBFI_ECOLI	CDD:294013	31.915	47	31	1	17	63	44	89	8.45e-10	44.4
sp|P43341|LPXH_ECOLI	CDD:277319	23.762	101	56	5	31	117	38	131	9.87e-06	39.2
sp|P45423|YHCG_ECOLI	CDD:436021	38.095	168	69	4	19	184	2	136	3.44e-49	157
sp|P45423|YHCG_ECOLI	CDD:411745	20.863	139	85	6	211	340	105	227	2.14e-06	42.4
sp|P45463|TTDR_ECOLI	CDD:425479	40.678	59	35	0	9	67	2	60	1.53e-18	72.4
sp|P45472|YHBQ_ECOLI	CDD:426314	39.744	78	44	2	3	77	1	78	8.93e-18	65.8
sp|P45544|FRLR_ECOLI	CDD:153418	39.062	64	39	0	12	75	2	65	2.31e-27	94.8
sp|P45544|FRLR_ECOLI	CDD:306822	45.312	64	35	0	12	75	1	64	7.59e-27	93.4
sp|P45544|FRLR_ECOLI	CDD:433997	27.083	48	33	2	30	75	1	48	2.69e-05	35.2
sp|P45552|YHFZ_ECOLI	CDD:433997	54.167	48	22	0	24	71	1	48	3.01e-17	68.7
sp|P45577|PROQ_ECOLI	CDD:435928	60.784	51	20	0	182	232	1	51	2.82e-25	88.7
sp|P45762|GSPK_ECOLI	CDD:427597	34.266	286	178	6	31	314	2	279	6.87e-82	244
sp|P46068|DSDC_ECOLI	CDD:425479	48.333	60	31	0	17	76	1	60	3.32e-24	87.8
sp|P46068|DSDC_ECOLI	CDD:238042	33.333	63	31	3	36	98	27	78	2.74e-05	36.1
sp|P46118|HEXR_ECOLI	CDD:334531	57.143	77	33	0	1	77	1	77	2.22e-38	124
sp|P46837|YHGF_ECOLI	CDD:435965	51.429	70	34	0	561	630	1	70	6.49e-32	113
sp|P46837|YHGF_ECOLI	CDD:432821	66.129	62	21	0	493	554	1	62	9.39e-32	112
sp|P46837|YHGF_ECOLI	CDD:291309	34.314	102	61	2	461	556	2	103	2.86e-11	55.2
sp|P46889|FTSK_ECOLI	CDD:430583	52.381	63	30	0	1263	1325	1	63	2.36e-35	123
sp|P46890|YBAE_ECOLI	CDD:432788	44.348	115	64	0	5	119	1	115	1.36e-47	156
sp|P50456|MLC_ECOLI	CDD:396062	19.512	41	33	0	20	60	9	49	3.18e-05	35.8
sp|P50465|END8_ECOLI	CDD:176799	70.435	115	34	0	2	116	1	115	4.23e-78	226
sp|P50465|END8_ECOLI	CDD:176798	32.110	109	67	2	2	105	1	107	2.82e-28	99.4
sp|P50465|END8_ECOLI	CDD:176805	34.483	116	73	2	1	115	1	114	2.48e-20	78.4
sp|P50465|END8_ECOLI	CDD:399664	30.380	79	52	1	127	205	2	77	1.02e-11	54.2
sp|P50465|END8_ECOLI	CDD:176804	30.702	114	73	3	1	112	1	110	3.94e-11	53.4
sp|P50465|END8_ECOLI	CDD:176800	29.464	112	65	4	2	104	1	107	3.44e-10	51.0
sp|P50465|END8_ECOLI	CDD:176807	28.346	127	79	4	1	121	1	121	8.10e-10	49.9
sp|P50465|END8_ECOLI	CDD:176806	35.000	60	32	2	1	53	1	60	4.15e-07	42.7
sp|P50465|END8_ECOLI	CDD:176808	30.000	110	61	6	1	107	1	97	4.82e-07	41.5
sp|P52044|YGFI_ECOLI	CDD:425479	30.508	59	41	0	7	65	2	60	1.70e-14	61.2
sp|P52062|YGGW_ECOLI	CDD:429220	25.000	64	47	1	302	364	1	64	1.85e-07	42.2
sp|P52076|QSEB_ECOLI	CDD:294013	48.315	89	42	1	132	216	1	89	3.09e-32	107
sp|P52076|QSEB_ECOLI	CDD:425712	48.052	77	35	1	145	216	1	77	5.31e-29	98.7
sp|P52106|CSGD_ECOLI	CDD:99777	54.386	57	26	0	156	212	1	57	5.40e-21	77.2
sp|P52106|CSGD_ECOLI	CDD:425517	47.273	55	29	0	156	210	3	57	1.14e-19	73.8
sp|P52108|RSTA_ECOLI	CDD:294013	45.556	90	48	1	144	233	1	89	1.54e-30	103
sp|P52108|RSTA_ECOLI	CDD:425712	45.455	77	42	0	157	233	1	77	2.47e-28	97.6
sp|P52126|YFJK_ECOLI	CDD:350182	26.042	96	51	3	360	442	65	153	2.30e-08	48.3
sp|P52126|YFJK_ECOLI	CDD:350786	23.810	147	83	7	112	243	14	146	4.85e-06	41.9
sp|P52133|YFJR_ECOLI	CDD:433082	34.211	76	44	3	128	197	3	78	2.50e-07	43.4
sp|P52133|YFJR_ECOLI	CDD:429896	36.000	50	28	2	18	63	3	52	5.24e-05	34.3
sp|P52133|YFJR_ECOLI	CDD:285436	45.946	37	20	0	14	50	1	37	6.10e-05	34.2
sp|P52598|YGBI_ECOLI	CDD:285436	46.296	54	29	0	6	59	1	54	7.29e-15	61.9
sp|P52598|YGBI_ECOLI	CDD:429896	34.000	50	33	0	7	56	1	50	4.50e-08	43.2
sp|P52598|YGBI_ECOLI	CDD:153418	36.111	36	23	0	19	54	25	60	3.54e-05	35.5
sp|P52598|YGBI_ECOLI	CDD:306822	37.143	35	22	0	21	55	26	60	4.29e-05	34.9
sp|P52696|YBHD_ECOLI	CDD:425479	53.333	60	28	0	5	64	1	60	2.00e-23	85.9
sp|P60240|RAPA_ECOLI	CDD:436421	64.062	64	21	1	55	118	1	62	1.79e-31	111
sp|P60240|RAPA_ECOLI	CDD:350180	30.645	124	83	2	488	609	10	132	2.54e-31	113
sp|P60240|RAPA_ECOLI	CDD:436422	68.627	51	16	0	3	53	1	51	9.44e-29	103
sp|P60240|RAPA_ECOLI	CDD:350770	27.119	177	105	9	175	344	28	187	7.96e-17	74.9
sp|P60240|RAPA_ECOLI	CDD:350758	23.438	128	72	6	174	283	23	142	1.02e-07	47.3
sp|P60293|MUKF_ECOLI	CDD:397801	76.522	115	27	0	3	117	1	115	1.50e-74	223
sp|P63201|GADW_ECOLI	CDD:432818	28.205	78	54	2	158	233	1	78	9.23e-13	56.8
sp|P63201|GADW_ECOLI	CDD:425497	50.000	28	13	1	206	233	14	40	3.68e-07	40.2
sp|P63264|CBPM_ECOLI	CDD:433334	45.882	85	45	1	8	92	1	84	6.03e-30	96.8
sp|P64588|YQJI_ECOLI	CDD:397561	32.432	74	46	1	67	136	1	74	1.63e-18	71.1
sp|P64624|YHEO_ECOLI	CDD:433106	41.270	63	33	1	170	228	1	63	7.42e-22	80.2
sp|P64624|YHEO_ECOLI	CDD:433164	22.642	53	36	1	185	237	1	48	3.61e-05	34.9
sp|P64638|FEOC_ECOLI	CDD:430370	23.529	68	50	1	3	70	1	66	2.18e-11	48.5
sp|P67430|NEMR_ECOLI	CDD:425684	38.095	42	26	0	13	54	1	42	7.98e-09	44.3
sp|P67660|YHAJ_ECOLI	CDD:425479	41.667	60	35	0	9	68	1	60	1.70e-17	69.7
sp|P67662|AAER_ECOLI	CDD:425479	46.667	60	32	0	4	63	1	60	3.66e-22	82.4
sp|P67697|HICB_ECOLI	CDD:435020	29.688	64	45	0	3	66	1	64	4.53e-11	51.1
sp|P67697|HICB_ECOLI	CDD:396104	26.087	46	34	0	91	136	10	55	2.72e-07	39.4
sp|P67697|HICB_ECOLI	CDD:238045	34.091	44	29	0	91	134	13	56	1.18e-05	35.2
sp|P67699|YDDM_ECOLI	CDD:396104	30.189	53	37	0	13	65	1	53	1.19e-08	41.7
sp|P67701|HIGA_ECOLI	CDD:238045	38.182	55	32	2	84	136	4	58	1.08e-08	43.3
sp|P67701|HIGA_ECOLI	CDD:396104	36.364	55	33	2	84	136	1	55	1.97e-08	42.5
sp|P69228|BAER_ECOLI	CDD:294013	45.556	90	48	1	143	232	1	89	2.94e-33	110
sp|P69228|BAER_ECOLI	CDD:425712	47.368	76	40	0	156	231	1	76	4.97e-29	99.1
sp|P71229|HYFR_ECOLI	CDD:427077	30.952	42	26	1	620	661	2	40	6.05e-05	35.1
sp|P71298|INTF_ECOLI	CDD:271175	22.152	158	112	3	277	423	1	158	1.28e-17	74.4
sp|P71298|INTF_ECOLI	CDD:433141	28.571	49	35	0	65	113	30	78	2.65e-09	48.0
sp|P71298|INTF_ECOLI	CDD:271180	25.625	160	90	9	300	435	22	176	8.65e-05	37.7
sp|P71301|ECPR_ECOLI	CDD:99777	50.000	42	21	0	146	187	2	43	5.14e-12	53.3
sp|P71301|ECPR_ECOLI	CDD:425517	42.857	42	24	0	146	187	4	45	3.01e-11	51.0
sp|P75679|INSN1_ECOLI	CDD:426308	30.137	73	50	1	14	86	3	74	1.02e-13	56.6
sp|P75811|RCDA_ECOLI	CDD:425684	38.298	47	29	0	13	59	1	47	1.37e-07	40.9
sp|P75836|YCAN_ECOLI	CDD:425479	52.542	59	28	0	5	63	1	59	2.13e-22	82.8
sp|P75843|YCAQ_ECOLI	CDD:428834	29.630	351	214	12	38	381	1	325	1.09e-71	222
sp|P75869|SXY_ECOLI	CDD:428246	47.436	78	41	0	118	195	1	78	2.48e-34	111
sp|P75952|COMR_ECOLI	CDD:425684	36.957	46	29	0	25	70	2	47	1.65e-14	59.7
sp|P75969|INTE_ECOLI	CDD:430365	57.534	73	30	1	2	73	1	73	3.90e-27	97.2
sp|P75969|INTE_ECOLI	CDD:271175	25.843	178	107	7	198	362	1	166	1.39e-07	45.2
sp|P75970|VXIS_ECOLI	CDD:116439	38.028	71	37	3	5	75	3	66	9.12e-12	50.0
sp|P75975|CROE_ECOLI	CDD:435033	31.373	51	35	0	13	63	11	61	4.41e-11	47.3
sp|P75978|YMFN_ECOLI	CDD:433438	33.333	54	36	0	17	70	2	55	4.07e-12	55.2
sp|P75978|YMFN_ECOLI	CDD:153418	41.667	36	21	0	41	76	26	61	2.23e-08	45.1
sp|P75978|YMFN_ECOLI	CDD:306822	44.444	36	20	0	41	76	25	60	1.99e-07	42.2
sp|P75978|YMFN_ECOLI	CDD:427291	27.869	61	35	2	30	81	59	119	2.30e-06	41.8
sp|P75989|BLUR_ECOLI	CDD:133379	51.471	68	33	0	4	71	1	68	1.99e-31	105
sp|P75989|BLUR_ECOLI	CDD:133391	68.657	67	21	0	4	70	1	67	2.08e-29	100
sp|P75989|BLUR_ECOLI	CDD:133378	37.333	75	46	1	4	78	1	74	6.97e-21	78.8
sp|P75989|BLUR_ECOLI	CDD:133389	46.000	50	26	1	4	53	1	49	7.06e-20	74.9
sp|P75989|BLUR_ECOLI	CDD:433186	41.791	67	38	1	4	70	1	66	2.50e-19	73.7
sp|P75989|BLUR_ECOLI	CDD:133394	37.864	103	48	5	3	104	1	88	7.16e-16	65.4
sp|P75989|BLUR_ECOLI	CDD:133410	35.514	107	59	4	4	109	1	98	3.08e-14	61.9
sp|P75989|BLUR_ECOLI	CDD:133401	30.851	94	63	2	4	96	1	93	3.38e-14	61.0
sp|P75989|BLUR_ECOLI	CDD:133393	38.462	52	32	0	4	55	1	52	4.19e-14	60.7
sp|P75989|BLUR_ECOLI	CDD:133398	45.283	53	27	2	4	55	1	52	9.24e-14	60.7
sp|P75989|BLUR_ECOLI	CDD:133390	44.000	50	27	1	4	53	1	49	4.08e-13	56.8
sp|P75989|BLUR_ECOLI	CDD:133384	31.068	103	52	5	4	88	1	102	4.22e-13	58.6
sp|P75989|BLUR_ECOLI	CDD:133380	30.263	76	51	2	4	78	2	76	4.26e-13	57.6
sp|P75989|BLUR_ECOLI	CDD:133385	30.120	83	54	2	5	84	3	84	6.13e-13	58.7
sp|P75989|BLUR_ECOLI	CDD:133381	36.250	80	43	4	4	79	1	76	7.87e-13	57.5
sp|P75989|BLUR_ECOLI	CDD:133392	33.824	68	44	1	4	71	1	67	3.85e-12	54.6
sp|P75989|BLUR_ECOLI	CDD:133388	28.409	88	60	2	6	93	3	87	4.53e-12	55.7
sp|P75989|BLUR_ECOLI	CDD:133387	30.952	84	55	3	4	86	2	83	2.04e-11	53.8
sp|P75989|BLUR_ECOLI	CDD:133417	27.679	112	68	3	4	103	2	112	3.51e-11	54.7
sp|P75989|BLUR_ECOLI	CDD:133415	37.500	72	43	2	6	76	3	73	3.54e-11	52.8
sp|P75989|BLUR_ECOLI	CDD:133395	44.118	68	35	3	4	70	2	67	1.34e-10	51.7
sp|P75989|BLUR_ECOLI	CDD:425647	42.105	38	22	0	5	42	1	38	1.84e-10	49.3
sp|P75989|BLUR_ECOLI	CDD:133400	29.114	79	52	3	4	79	1	78	5.44e-10	50.1
sp|P75989|BLUR_ECOLI	CDD:133402	30.435	69	47	1	4	72	2	69	9.51e-10	49.1
sp|P75989|BLUR_ECOLI	CDD:133411	33.824	68	43	2	6	72	3	69	1.52e-09	49.1
sp|P75989|BLUR_ECOLI	CDD:133412	36.232	69	42	2	4	71	1	68	1.58e-09	49.1
sp|P75989|BLUR_ECOLI	CDD:133416	30.435	69	47	1	4	72	2	69	3.98e-09	47.5
sp|P75989|BLUR_ECOLI	CDD:133382	24.324	111	68	5	4	104	1	105	5.33e-09	47.1
sp|P75989|BLUR_ECOLI	CDD:133406	29.412	68	47	1	4	71	1	67	1.65e-08	46.3
sp|P75989|BLUR_ECOLI	CDD:133397	22.549	102	73	2	6	107	3	98	1.99e-07	42.7
sp|P75989|BLUR_ECOLI	CDD:133409	23.596	89	64	3	4	91	1	86	1.04e-06	40.3
sp|P75989|BLUR_ECOLI	CDD:133396	27.027	74	52	2	4	76	1	73	1.09e-06	40.4
sp|P75989|BLUR_ECOLI	CDD:133403	23.656	93	52	4	4	79	1	91	3.79e-06	39.4
sp|P75989|BLUR_ECOLI	CDD:133386	32.353	68	31	3	4	57	1	67	1.06e-05	37.8
sp|P75989|BLUR_ECOLI	CDD:432748	19.149	47	36	2	3	49	1	45	1.55e-05	35.9
sp|P75989|BLUR_ECOLI	CDD:133408	28.571	49	34	1	5	53	2	49	1.65e-05	37.6
sp|P76016|DHAR_ECOLI	CDD:427077	51.282	39	19	0	589	627	2	40	7.47e-13	57.4
sp|P76034|YCIT_ECOLI	CDD:285436	53.571	56	26	0	4	59	1	56	1.12e-14	61.1
sp|P76034|YCIT_ECOLI	CDD:429896	40.476	42	24	1	6	46	1	42	3.27e-07	40.5
sp|P76034|YCIT_ECOLI	CDD:429222	35.294	34	20	1	8	39	16	49	4.59e-06	37.4
sp|P76034|YCIT_ECOLI	CDD:311953	26.316	38	28	0	4	41	6	43	8.49e-05	34.1
sp|P76056|INTR_ECOLI	CDD:432377	54.545	66	28	2	5	69	1	65	1.73e-28	101
sp|P76056|INTR_ECOLI	CDD:271175	24.138	174	100	5	221	391	22	166	1.05e-18	77.5
sp|P76056|INTR_ECOLI	CDD:271193	26.804	194	115	9	199	388	3	173	1.71e-10	53.8
sp|P76062|RACR_ECOLI	CDD:432748	26.471	34	25	0	28	61	5	38	7.07e-05	33.2
sp|P76063|YDAS_ECOLI	CDD:435033	55.385	65	29	0	8	72	1	65	2.97e-38	117
sp|P76063|YDAS_ECOLI	CDD:405268	43.750	48	24	1	9	56	3	47	1.19e-10	47.4
sp|P76063|YDAS_ECOLI	CDD:396104	27.778	36	26	0	18	53	12	47	3.31e-06	35.6
sp|P76063|YDAS_ECOLI	CDD:238045	27.778	36	26	0	18	53	15	50	7.18e-06	34.8
sp|P76065|YDAU_ECOLI	CDD:429302	45.882	85	39	4	22	101	1	83	1.27e-30	105
sp|P76086|PAAX_ECOLI	CDD:285132	61.429	70	27	0	18	87	1	70	1.02e-30	105
sp|P76102|INSQ_ECOLI	CDD:432479	42.857	28	16	0	1	28	20	47	2.33e-07	41.4
sp|P76114|MCBR_ECOLI	CDD:153418	45.098	51	27	1	11	60	1	51	1.59e-10	49.8
sp|P76114|MCBR_ECOLI	CDD:306822	34.375	64	41	1	12	74	1	64	4.38e-10	48.8
sp|P76135|YDEO_ECOLI	CDD:432818	30.120	83	51	3	156	235	1	79	2.87e-17	69.2
sp|P76135|YDEO_ECOLI	CDD:425497	35.135	37	19	2	199	235	10	41	6.18e-06	36.7
sp|P76135|YDEO_ECOLI	CDD:425497	27.027	37	26	1	147	182	5	41	4.81e-05	34.4
sp|P76138|YNEL_ECOLI	CDD:432818	34.211	38	24	1	1	37	22	59	1.38e-07	38.3
sp|P76141|LSRR_ECOLI	CDD:432797	26.087	46	34	0	22	67	11	56	3.50e-05	35.6
sp|P76168|INTQ_ECOLI	CDD:271175	22.680	194	117	5	163	351	1	166	1.44e-19	79.4
sp|P76168|INTQ_ECOLI	CDD:271193	21.354	192	123	7	154	343	1	166	2.06e-08	47.7
sp|P76168|INTQ_ECOLI	CDD:432377	46.154	26	14	0	1	26	40	65	5.13e-06	38.4
sp|P76196|YDIL_ECOLI	CDD:401061	57.265	117	50	0	2	118	1	117	3.34e-73	208
sp|P76213|CHO_ECOLI	CDD:198381	41.463	82	43	2	31	108	1	81	8.02e-35	116
sp|P76241|YEAM_ECOLI	CDD:432818	33.333	81	52	1	180	258	1	81	6.24e-21	79.2
sp|P76250|DMLR_ECOLI	CDD:425479	50.000	60	30	0	7	66	1	60	3.13e-21	79.7
sp|P76268|KDGR_ECOLI	CDD:430539	40.385	52	30	1	15	65	1	52	2.93e-13	57.4
sp|P76268|KDGR_ECOLI	CDD:238042	28.358	67	47	1	22	88	12	77	5.30e-06	38.0
sp|P76340|YEDW_ECOLI	CDD:294013	41.573	89	52	0	130	218	1	89	6.42e-34	111
sp|P76340|YEDW_ECOLI	CDD:425712	50.000	74	36	1	146	218	4	77	1.74e-30	102
sp|P76369|YEEY_ECOLI	CDD:425479	30.000	60	42	0	5	64	1	60	1.64e-14	61.6
sp|P76393|YEGI_ECOLI	CDD:434010	33.962	53	32	1	517	566	1	53	2.05e-06	39.8
sp|P76540|EUTK_ECOLI	CDD:292975	85.185	54	8	0	109	162	2	55	1.91e-31	102
sp|P76542|INTZ_ECOLI	CDD:433141	47.500	80	40	1	6	85	1	78	9.94e-28	99.3
sp|P76542|INTZ_ECOLI	CDD:271175	21.519	158	110	4	215	359	1	157	3.51e-10	52.9
sp|P76542|INTZ_ECOLI	CDD:271193	24.823	141	86	5	223	346	15	152	6.59e-06	40.3
sp|P76562|TMCA_ECOLI	CDD:435768	59.664	119	48	0	537	655	1	119	1.24e-48	160
sp|P76611|PINH_ECOLI	CDD:239737	42.593	54	31	0	4	57	41	94	7.05e-14	56.3
sp|P76639|YGEH_ECOLI	CDD:294013	31.250	80	54	1	23	101	10	89	3.92e-17	70.6
sp|P76639|YGEH_ECOLI	CDD:425712	33.766	77	49	2	27	101	1	77	8.53e-15	63.7
sp|P77170|PINQ_ECOLI	CDD:239737	43.182	132	69	3	4	135	1	126	2.21e-47	146
sp|P77170|PINQ_ECOLI	CDD:259851	41.463	41	24	0	147	187	1	41	6.07e-14	58.1
sp|P77170|PINQ_ECOLI	CDD:397088	44.444	45	25	0	147	191	1	45	9.32e-11	49.7
sp|P77171|YDCI_ECOLI	CDD:425479	51.667	60	29	0	13	72	1	60	2.97e-21	79.7
sp|P77245|MURR_ECOLI	CDD:334531	42.857	77	44	0	1	77	1	77	5.01e-29	100
sp|P77295|YGAV_ECOLI	CDD:238042	37.975	79	47	2	18	95	1	78	1.56e-17	65.4
sp|P77295|YGAV_ECOLI	CDD:425993	39.130	46	27	1	23	68	1	45	2.52e-12	51.3
sp|P77295|YGAV_ECOLI	CDD:432824	32.203	59	40	0	15	73	1	59	8.32e-10	45.2
sp|P77295|YGAV_ECOLI	CDD:432797	27.451	51	37	0	24	74	5	55	2.10e-08	41.4
sp|P77295|YGAV_ECOLI	CDD:404317	36.364	44	28	0	25	68	2	45	2.66e-07	38.2
sp|P77295|YGAV_ECOLI	CDD:426012	29.167	48	34	0	26	73	5	52	2.96e-05	33.3
sp|P77300|YAGI_ECOLI	CDD:430539	48.077	52	27	0	6	57	1	52	5.92e-15	62.0
sp|P77309|YNEJ_ECOLI	CDD:425479	43.333	60	34	0	3	62	1	60	9.26e-20	75.5
sp|P77333|PGRR_ECOLI	CDD:425479	53.333	60	28	0	6	65	1	60	1.75e-24	88.2
sp|P77379|RCLR_ECOLI	CDD:432818	39.506	81	48	1	199	278	1	81	3.23e-26	93.4
sp|P77379|RCLR_ECOLI	CDD:432818	36.364	33	20	1	248	280	1	32	5.40e-05	35.3
sp|P77379|RCLR_ECOLI	CDD:425497	26.190	42	31	0	186	227	1	42	1.81e-06	38.3
sp|P77379|RCLR_ECOLI	CDD:425497	41.379	29	16	1	248	276	14	41	3.83e-06	37.5
sp|P77396|YPDC_ECOLI	CDD:432818	40.741	81	47	1	203	282	1	81	2.17e-21	80.7
sp|P77396|YPDC_ECOLI	CDD:425497	31.707	41	25	2	241	279	1	40	1.56e-08	44.5
sp|P77402|YDIP_ECOLI	CDD:432818	33.333	81	53	1	202	281	1	81	2.66e-23	86.1
sp|P77559|YNFL_ECOLI	CDD:425479	55.000	60	27	0	5	64	1	60	8.68e-26	91.7
sp|P77569|MHPR_ECOLI	CDD:430539	40.541	37	22	0	29	65	16	52	4.02e-09	46.2
sp|P77569|MHPR_ECOLI	CDD:432797	38.462	39	24	0	30	68	18	56	4.24e-05	35.3
sp|P77569|MHPR_ECOLI	CDD:426012	38.095	42	26	0	30	71	16	57	4.85e-05	34.8
sp|P77601|YKGA_ECOLI	CDD:432818	40.741	81	47	1	38	117	1	81	1.67e-22	82.6
sp|P77601|YKGA_ECOLI	CDD:425497	48.649	37	18	1	80	116	7	42	1.30e-08	44.1
sp|P77607|YAGL_ECOLI	CDD:254323	34.375	32	21	0	195	226	141	172	1.46e-05	38.6
sp|P77607|YAGL_ECOLI	CDD:404317	28.889	45	26	2	193	231	1	45	2.06e-05	35.1
sp|P77607|YAGL_ECOLI	CDD:432824	25.641	39	27	1	191	227	8	46	8.54e-05	34.1
sp|P77615|YCJW_ECOLI	CDD:143331	59.615	52	21	0	6	57	1	52	1.61e-23	85.9
sp|P77615|YCJW_ECOLI	CDD:306791	65.217	46	16	0	4	49	1	46	2.06e-20	77.7
sp|P77615|YCJW_ECOLI	CDD:238045	41.026	39	23	0	4	42	14	52	1.60e-05	36.4
sp|P77615|YCJW_ECOLI	CDD:396104	29.268	41	25	1	4	44	11	47	6.79e-05	34.4
sp|P77626|YDCN_ECOLI	CDD:238045	36.364	55	35	0	12	66	4	58	5.90e-18	68.3
sp|P77626|YDCN_ECOLI	CDD:396104	38.182	55	34	0	12	66	1	55	1.03e-17	67.6
sp|P77626|YDCN_ECOLI	CDD:403907	43.137	51	29	0	12	62	4	54	3.13e-10	48.4
sp|P77626|YDCN_ECOLI	CDD:433309	32.143	56	37	1	8	62	2	57	1.90e-09	46.4
sp|P77626|YDCN_ECOLI	CDD:433211	31.148	61	41	1	12	71	2	62	1.11e-06	38.7
sp|P77626|YDCN_ECOLI	CDD:433187	30.556	36	25	0	11	46	1	36	1.13e-06	38.6
sp|P77634|YBCM_ECOLI	CDD:432818	32.099	81	53	2	184	262	1	81	5.31e-18	71.1
sp|P77688|YLBG_ECOLI	CDD:433301	40.625	64	38	0	11	74	1	64	1.21e-17	66.2
sp|P77688|YLBG_ECOLI	CDD:433276	32.000	50	34	0	11	60	1	50	2.33e-06	36.8
sp|P77698|YBCK_ECOLI	CDD:429502	36.634	101	55	3	191	284	1	99	7.06e-17	70.5
sp|P77698|YBCK_ECOLI	CDD:239737	24.667	150	87	7	4	153	1	124	3.61e-09	49.4
sp|P77700|YAHB_ECOLI	CDD:425479	50.877	57	28	0	10	66	4	60	4.83e-21	79.4
sp|P77721|YDJF_ECOLI	CDD:285436	47.273	55	29	0	6	60	1	55	5.77e-15	62.3
sp|P77721|YDJF_ECOLI	CDD:429896	26.829	41	30	0	8	48	2	42	9.64e-05	33.6
sp|P77730|YDCR_ECOLI	CDD:153418	46.970	66	35	0	2	67	1	66	1.40e-23	88.3
sp|P77730|YDCR_ECOLI	CDD:306822	42.188	64	37	0	3	66	1	64	4.45e-15	64.2
sp|P77732|RHMR_ECOLI	CDD:430539	37.255	51	31	1	9	58	1	51	3.00e-07	40.9
sp|P77732|RHMR_ECOLI	CDD:432797	29.787	47	32	1	10	55	3	49	9.81e-05	34.1
sp|P77743|PRPR_ECOLI	CDD:427077	53.333	30	14	0	498	527	10	39	2.63e-09	47.0
sp|P77744|ABGR_ECOLI	CDD:425479	50.000	60	30	0	7	66	1	60	8.80e-23	84.0
sp|P77746|YBDO_ECOLI	CDD:425479	33.898	59	39	0	12	70	1	59	2.29e-22	82.8
sp|P77788|NUDG_ECOLI	CDD:239523	26.271	118	73	4	2	115	1	108	1.55e-06	38.9
sp|Q06065|ATOC_ECOLI	CDD:427077	45.000	40	22	0	414	453	1	40	2.76e-12	55.5
sp|Q46791|YGEK_ECOLI	CDD:99777	57.895	57	24	0	148	204	1	57	1.22e-22	81.4
sp|Q46791|YGEK_ECOLI	CDD:425517	57.692	52	22	0	148	199	3	54	1.90e-20	75.7
sp|Q46791|YGEK_ECOLI	CDD:400535	32.609	46	30	1	146	190	9	54	7.03e-06	36.7
sp|Q46802|YGEV_ECOLI	CDD:427077	52.500	40	18	1	548	586	1	40	6.12e-12	54.7
sp|Q46802|YGEV_ECOLI	CDD:407862	28.571	42	30	0	548	589	8	49	2.50e-06	39.3
sp|Q46855|YQHC_ECOLI	CDD:432818	40.260	77	45	1	232	307	1	77	6.35e-24	88.0
sp|Q46855|YQHC_ECOLI	CDD:425497	30.952	42	29	0	219	260	1	42	2.70e-09	46.4
sp|Q46855|YQHC_ECOLI	CDD:425497	38.889	36	21	1	272	307	5	39	5.03e-06	37.5
sp|Q46864|MQSA_ECOLI	CDD:292359	53.435	131	61	0	1	131	1	131	3.05e-73	209
sp|Q46864|MQSA_ECOLI	CDD:238045	33.333	57	37	1	72	127	2	58	4.10e-09	44.1
sp|Q46864|MQSA_ECOLI	CDD:396104	29.091	55	38	1	74	127	1	55	2.59e-08	42.1
sp|Q46941|YQEH_ECOLI	CDD:425517	15.556	45	38	0	151	195	2	46	2.66e-05	35.3
sp|Q46941|YQEH_ECOLI	CDD:428745	42.857	28	16	0	166	193	13	40	6.93e-05	33.9
sp|Q46942|YQEI_ECOLI	CDD:425712	30.263	76	51	2	28	103	4	77	6.13e-11	51.7
sp|Q46942|YQEI_ECOLI	CDD:294013	24.176	91	63	4	13	103	5	89	6.40e-07	40.9
sp|Q47005|NAC_ECOLI	CDD:425479	48.333	60	31	0	3	62	1	60	4.96e-22	82.0
sp|Q47083|CBL_ECOLI	CDD:425479	35.484	62	38	2	3	64	1	60	2.00e-12	55.9
sp|Q47129|FEAR_ECOLI	CDD:432818	40.244	82	47	2	219	299	1	81	6.42e-22	82.3
sp|Q47129|FEAR_ECOLI	CDD:425497	35.714	42	26	1	257	298	2	42	1.11e-10	50.2
sp|Q47141|HCAR_ECOLI	CDD:425479	58.333	60	25	0	3	62	1	60	8.48e-27	94.4
sp|Q47150|DINJ_ECOLI	CDD:427796	51.807	83	38	1	4	84	1	83	1.46e-34	108
sp|Q47155|DPO4_ECOLI	CDD:176459	52.226	337	156	3	5	339	1	334	1.17e-180	498
sp|Q47155|DPO4_ECOLI	CDD:176455	35.667	300	175	7	2	291	47	338	3.36e-82	250
sp|Q47155|DPO4_ECOLI	CDD:176453	34.686	271	175	2	6	274	2	272	4.56e-69	214
sp|Q47155|DPO4_ECOLI	CDD:176456	34.426	305	147	10	6	276	2	287	1.85e-54	177
sp|Q47155|DPO4_ECOLI	CDD:176457	31.973	294	170	9	5	274	1	288	4.65e-51	169
sp|Q47155|DPO4_ECOLI	CDD:176454	28.782	271	173	9	7	264	3	266	2.09e-42	145
sp|Q47155|DPO4_ECOLI	CDD:176458	23.926	326	233	6	19	336	15	333	1.80e-29	110
sp|Q47155|DPO4_ECOLI	CDD:432081	56.250	32	14	0	166	197	1	32	5.08e-09	45.9
sp|Q47274|REQ1_ECOLI	CDD:428991	66.102	118	40	0	1	118	1	118	1.97e-73	209
sp|Q57083|PERR_ECOLI	CDD:425479	48.333	60	31	0	9	68	1	60	8.75e-22	81.3
sp|Q79E92|YKGN_ECOLI	CDD:426308	33.803	71	44	1	4	71	5	75	4.06e-18	67.4
sp|Q79E92|YKGN_ECOLI	CDD:428745	19.565	46	37	0	22	67	13	58	2.67e-05	33.9
sp|Q79E92|YKGN_ECOLI	CDD:433276	24.324	37	27	1	10	46	1	36	3.43e-05	33.3
