tr|C0H487|C0H487_PLAF7	CDD:367858	38.462	52	32	0	143	194	7	58	2.92e-10	53.4
tr|C0H4A7|C0H4A7_PLAF7	CDD:431252	18.293	164	104	4	59	216	4	143	4.31e-13	62.6
tr|C0H4K7|C0H4K7_PLAF7	CDD:350189	19.718	142	76	4	802	927	6	125	5.71e-08	47.2
tr|C0H4K7|C0H4K7_PLAF7	CDD:350182	25.000	60	41	1	848	907	48	103	1.05e-05	41.0
tr|C0H4K7|C0H4K7_PLAF7	CDD:350181	22.222	81	62	1	847	926	34	114	3.19e-05	39.1
tr|C0H4P6|C0H4P6_PLAF7	CDD:310411	21.354	192	132	5	711	888	179	365	8.16e-10	56.5
tr|C0H4U3|C0H4U3_PLAF7	CDD:403958	51.429	35	17	0	37	71	1	35	2.35e-10	45.2
tr|C0H4V8|C0H4V8_PLAF7	CDD:350180	64.634	82	29	0	1098	1179	54	135	9.92e-45	152
tr|C0H4V8|C0H4V8_PLAF7	CDD:350770	29.680	219	109	7	206	424	3	176	2.20e-37	134
tr|C0H4V8|C0H4V8_PLAF7	CDD:350758	27.354	223	114	7	211	424	4	187	4.21e-35	127
sp|C0H4W3|HEPF1_PLAF7	CDD:350770	41.739	230	122	4	658	887	1	218	3.76e-75	243
sp|C0H4W3|HEPF1_PLAF7	CDD:350180	51.587	126	61	0	1767	1892	10	135	1.47e-63	206
sp|C0H4W3|HEPF1_PLAF7	CDD:350758	33.155	187	115	2	662	838	1	187	2.17e-40	142
tr|C0H4Y8|C0H4Y8_PLAF7	CDD:428845	43.820	89	41	2	130	214	1	84	3.92e-29	99.2
tr|C0H558|C0H558_PLAF7	CDD:212558	46.000	50	27	0	45	94	1	50	6.89e-19	68.0
tr|C0H558|C0H558_PLAF7	CDD:238096	29.167	48	31	1	46	93	1	45	1.59e-08	41.4
tr|C0H558|C0H558_PLAF7	CDD:212556	36.364	44	27	1	47	90	1	43	1.81e-08	41.6
tr|C0H5A8|C0H5A8_PLAF7	CDD:271175	26.257	179	113	5	303	474	1	167	1.06e-19	80.6
tr|C0H5A8|C0H5A8_PLAF7	CDD:271193	30.519	154	85	7	299	443	6	146	4.23e-17	73.5
tr|C0H5C7|C0H5C7_PLAF7	CDD:409998	33.898	59	39	0	10	68	2	60	6.43e-13	54.6
tr|C0H5C7|C0H5C7_PLAF7	CDD:409997	38.596	57	35	0	10	66	7	63	2.22e-11	50.7
tr|C0H5C7|C0H5C7_PLAF7	CDD:409992	38.983	59	33	1	10	65	2	60	4.07e-11	49.7
tr|C0H5C7|C0H5C7_PLAF7	CDD:240775	35.088	57	37	0	10	66	2	58	9.93e-11	48.9
tr|C0H5C7|C0H5C7_PLAF7	CDD:241027	31.667	60	41	0	10	69	2	61	1.16e-10	48.5
tr|C0H5C7|C0H5C7_PLAF7	CDD:409761	27.027	74	47	2	10	83	3	69	2.14e-08	42.7
tr|C0H5C7|C0H5C7_PLAF7	CDD:410154	39.655	58	33	2	10	66	5	61	6.53e-08	41.6
tr|C0H5C7|C0H5C7_PLAF7	CDD:410155	33.898	59	36	1	10	65	5	63	7.16e-08	41.6
tr|C0H5C7|C0H5C7_PLAF7	CDD:410156	41.667	60	30	3	10	65	5	63	2.75e-06	37.3
tr|C0H5F0|C0H5F0_PLAF7	CDD:350786	30.233	172	103	6	318	486	20	177	2.97e-29	109
tr|C0H5F0|C0H5F0_PLAF7	CDD:350182	22.346	179	90	2	503	677	9	142	6.50e-27	102
tr|C0H5F0|C0H5F0_PLAF7	CDD:350680	24.176	182	88	9	323	478	9	166	7.38e-09	50.7
tr|C0H5F0|C0H5F0_PLAF7	CDD:350183	24.324	74	48	3	605	676	71	138	9.80e-05	38.4
tr|C0H5J5|C0H5J5_PLAF7	CDD:240775	30.189	53	34	2	234	284	2	53	4.00e-06	38.9
tr|C0H5J5|C0H5J5_PLAF7	CDD:409992	24.138	58	43	1	234	290	2	59	4.25e-06	39.0
tr|C0H5J5|C0H5J5_PLAF7	CDD:410154	28.070	57	40	1	234	289	5	61	1.33e-05	37.7
tr|C0H5J5|C0H5J5_PLAF7	CDD:409761	23.214	56	39	1	232	287	1	52	2.02e-05	36.9
tr|C6KSM1|C6KSM1_PLAF7	CDD:350182	26.180	233	91	3	427	659	1	152	8.31e-57	187
tr|C6KSM1|C6KSM1_PLAF7	CDD:350786	36.478	159	83	4	266	410	14	168	1.37e-32	119
tr|C6KSM1|C6KSM1_PLAF7	CDD:350680	29.940	167	92	7	269	411	1	166	1.15e-17	76.1
tr|C6KSM6|C6KSM6_PLAF7	CDD:427279	24.419	172	98	8	982	1127	49	214	1.13e-07	49.1
tr|C6KSN4|C6KSN4_PLAF7	CDD:350627	24.176	91	63	2	2	90	1	87	3.23e-16	70.1
tr|C6KSN4|C6KSN4_PLAF7	CDD:426236	26.087	92	60	3	2	90	1	87	1.32e-15	68.4
tr|C6KSN4|C6KSN4_PLAF7	CDD:350630	29.032	93	58	3	2	91	1	88	5.69e-11	55.3
tr|C6KSN4|C6KSN4_PLAF7	CDD:350635	26.374	91	60	4	4	91	4	90	1.34e-08	48.8
tr|C6KSN4|C6KSN4_PLAF7	CDD:350636	26.087	92	59	3	2	90	1	86	4.71e-07	44.2
tr|C6KSP4|C6KSP4_PLAF7	CDD:350770	32.215	149	84	7	714	855	25	163	1.36e-26	103
tr|C6KSP4|C6KSP4_PLAF7	CDD:350758	30.189	159	84	6	717	855	23	174	4.84e-18	78.5
tr|C6KSP4|C6KSP4_PLAF7	CDD:350180	22.069	145	97	5	1064	1204	3	135	7.31e-12	59.0
tr|C6KSP9|C6KSP9_PLAF7	CDD:411866	39.130	69	40	1	464	532	1	67	1.57e-11	54.6
tr|C6KSP9|C6KSP9_PLAF7	CDD:411866	37.705	61	31	1	395	455	13	66	3.07e-10	51.1
tr|C6KSP9|C6KSP9_PLAF7	CDD:411806	45.455	55	29	1	464	517	4	58	1.73e-10	51.9
tr|C6KSP9|C6KSP9_PLAF7	CDD:411806	37.705	61	34	2	395	455	16	72	1.05e-07	44.2
tr|C6KSP9|C6KSP9_PLAF7	CDD:411806	32.308	65	40	1	63	127	6	66	3.97e-07	42.3
tr|C6KSP9|C6KSP9_PLAF7	CDD:411867	35.000	60	39	0	466	525	6	65	2.19e-10	51.5
tr|C6KSP9|C6KSP9_PLAF7	CDD:411867	36.364	55	30	1	395	449	16	65	9.65e-07	41.1
tr|C6KSP9|C6KSP9_PLAF7	CDD:411867	41.176	51	28	2	698	748	20	68	2.95e-05	37.2
tr|C6KSP9|C6KSP9_PLAF7	CDD:411867	34.211	76	39	2	52	127	1	65	4.55e-05	36.4
tr|C6KSP9|C6KSP9_PLAF7	CDD:411945	36.765	68	41	1	464	531	4	69	1.30e-09	49.6
tr|C6KSP9|C6KSP9_PLAF7	CDD:411945	31.034	87	37	3	369	455	6	69	9.75e-05	35.8
tr|C6KSP9|C6KSP9_PLAF7	CDD:411950	36.667	60	38	0	466	525	13	72	1.91e-09	49.3
tr|C6KSP9|C6KSP9_PLAF7	CDD:411948	37.931	58	35	1	464	520	4	61	2.97e-09	48.5
tr|C6KSP9|C6KSP9_PLAF7	CDD:411948	36.486	74	39	3	380	453	1	66	1.14e-06	41.2
tr|C6KSP9|C6KSP9_PLAF7	CDD:411951	38.333	60	37	0	466	525	6	65	4.20e-09	48.0
tr|C6KSP9|C6KSP9_PLAF7	CDD:411951	37.736	53	28	1	63	115	6	53	3.84e-05	36.8
tr|C6KSP9|C6KSP9_PLAF7	CDD:411947	42.105	57	32	1	464	519	8	64	5.78e-09	47.9
tr|C6KSP9|C6KSP9_PLAF7	CDD:411947	33.333	78	48	2	380	457	5	78	4.70e-06	39.8
tr|C6KSP9|C6KSP9_PLAF7	CDD:411949	33.846	65	43	0	466	530	9	73	4.03e-08	45.4
tr|C6KSP9|C6KSP9_PLAF7	CDD:411944	32.877	73	47	1	459	531	6	76	6.40e-08	45.1
tr|C6KSP9|C6KSP9_PLAF7	CDD:411943	30.882	68	45	1	464	531	4	69	6.54e-08	44.6
tr|C6KSP9|C6KSP9_PLAF7	CDD:411943	30.137	73	44	1	383	455	4	69	1.20e-05	38.5
tr|C6KSP9|C6KSP9_PLAF7	CDD:411862	24.615	65	49	0	468	532	8	72	3.52e-07	42.7
tr|C6KSP9|C6KSP9_PLAF7	CDD:411862	36.066	61	31	2	395	452	16	71	8.18e-07	41.5
tr|C6KSP9|C6KSP9_PLAF7	CDD:411862	29.577	71	39	2	53	123	2	61	1.80e-05	37.7
tr|C6KSP9|C6KSP9_PLAF7	CDD:411946	36.842	57	35	1	464	519	9	65	1.13e-06	41.3
tr|C6KSP9|C6KSP9_PLAF7	CDD:411946	34.211	76	46	2	380	455	6	77	1.45e-06	41.3
tr|C6KSP9|C6KSP9_PLAF7	CDD:411827	36.538	52	32	1	466	516	4	55	1.47e-06	40.7
tr|C6KSP9|C6KSP9_PLAF7	CDD:411827	34.375	64	38	1	64	127	5	64	7.15e-05	36.0
tr|C6KSP9|C6KSP9_PLAF7	CDD:411915	35.385	65	39	1	468	529	8	72	2.47e-06	40.3
tr|C6KSP9|C6KSP9_PLAF7	CDD:411826	29.630	54	38	0	464	517	2	55	6.27e-06	38.8
tr|C6KSP9|C6KSP9_PLAF7	CDD:411912	32.258	62	37	1	468	524	7	68	4.15e-05	36.8
tr|C6KSP9|C6KSP9_PLAF7	CDD:411916	28.788	66	39	2	65	127	6	66	6.41e-05	36.2
tr|C6KSP9|C6KSP9_PLAF7	CDD:411917	28.125	64	43	1	468	528	6	69	8.20e-05	36.1
tr|C6KSQ9|C6KSQ9_PLAF7	CDD:240775	33.333	54	34	1	11	62	2	55	5.34e-05	36.2
sp|C6KSS5|LRR2_PLAF7	CDD:432843	27.660	47	34	0	1283	1329	1	47	9.27e-06	39.8
tr|C6KSV0|C6KSV0_PLAF7	CDD:425478	65.909	132	40	1	1	132	1	127	3.48e-50	151
tr|C6KSY0|C6KSY0_PLAF7	CDD:425904	46.000	50	27	0	3087	3136	3	52	1.43e-12	59.2
tr|C6KSY0|C6KSY0_PLAF7	CDD:425904	44.898	49	27	0	3677	3725	4	52	4.48e-12	58.0
tr|C6KSY0|C6KSY0_PLAF7	CDD:425904	42.500	40	22	1	4048	4087	14	52	8.39e-06	40.3
tr|C6KSY9|C6KSY9_PLAF7	CDD:425841	30.405	148	93	4	249	393	1	141	1.93e-35	122
tr|C6KSY9|C6KSY9_PLAF7	CDD:425789	44.828	29	16	0	314	342	1	29	7.55e-09	45.5
tr|C6KT18|C6KT18_PLAF7	CDD:238029	84.348	115	18	0	6	120	1	115	7.63e-75	212
tr|C6KT18|C6KT18_PLAF7	CDD:425478	31.461	89	60	1	2	89	37	125	1.59e-18	70.5
tr|C6KT18|C6KT18_PLAF7	CDD:395650	25.397	63	47	0	26	88	3	65	2.27e-05	34.5
tr|C6KT19|C6KT19_PLAF7	CDD:425478	66.667	132	39	1	1	132	1	127	7.04e-51	152
tr|C6KT30|C6KT30_PLAF7	CDD:310411	20.879	182	123	4	992	1169	236	400	3.74e-07	48.8
tr|C6KT39|C6KT39_PLAF7	CDD:432845	52.000	25	12	0	54	78	1	25	9.52e-08	41.3
tr|C6KT48|C6KT48_PLAF7	CDD:427997	39.474	38	23	0	655	692	4	41	1.41e-05	38.4
tr|C6KT72|C6KT72_PLAF7	CDD:411866	50.000	24	12	0	175	198	11	34	3.81e-05	36.5
tr|C6KT73|C6KT73_PLAF7	CDD:350182	38.776	49	30	0	642	690	92	140	7.73e-10	52.9
tr|C6KT82|C6KT82_PLAF7	CDD:350770	38.587	184	101	5	335	515	2	176	7.30e-54	183
tr|C6KT82|C6KT82_PLAF7	CDD:350180	55.046	109	48	1	1094	1202	28	135	3.48e-50	169
tr|C6KT82|C6KT82_PLAF7	CDD:350758	35.052	194	103	7	338	515	1	187	2.98e-44	154
tr|C6KT89|C6KT89_PLAF7	CDD:176474	31.395	344	160	10	1019	1351	82	360	2.19e-59	203
tr|C6KT89|C6KT89_PLAF7	CDD:176475	29.799	349	181	11	1019	1350	52	353	2.95e-56	194
tr|C6KT89|C6KT89_PLAF7	CDD:176476	27.628	333	151	11	1014	1334	33	287	1.76e-35	132
tr|C6KT89|C6KT89_PLAF7	CDD:176477	23.757	362	169	12	1024	1345	56	350	4.07e-32	124
tr|C6KT89|C6KT89_PLAF7	CDD:176473	20.414	338	177	11	1019	1330	35	306	1.80e-24	100
tr|C6KTC1|C6KTC1_PLAF7	CDD:435256	48.148	81	38	2	100	178	2	80	1.21e-30	106
tr|C6KTC1|C6KTC1_PLAF7	CDD:212556	42.222	45	26	0	129	173	1	45	1.41e-13	59.0
tr|C6KTD1|C6KTD1_PLAF7	CDD:409761	23.333	60	37	2	47	106	5	55	1.90e-05	36.1
tr|C6KTE4|C6KTE4_PLAF7	CDD:350678	25.373	201	107	14	175	354	17	195	4.37e-09	51.0
tr|C6KTE4|C6KTE4_PLAF7	CDD:350680	30.159	126	74	5	185	303	1	119	8.33e-09	49.5
tr|C6KTE4|C6KTE4_PLAF7	CDD:350189	32.308	65	40	2	425	489	77	137	3.70e-07	44.1
tr|C6KTE4|C6KTE4_PLAF7	CDD:350786	23.171	164	97	10	182	335	14	158	1.26e-06	43.5
tr|C6KTE4|C6KTE4_PLAF7	CDD:350774	26.000	200	111	13	175	354	22	204	7.18e-06	41.4
tr|C6KTE4|C6KTE4_PLAF7	CDD:350776	22.034	177	108	11	183	345	25	185	1.09e-05	40.7
tr|C6KTE4|C6KTE4_PLAF7	CDD:350180	19.231	104	74	4	373	469	7	107	9.75e-05	37.1
tr|C6S3C2|C6S3C2_PLAF7	CDD:432845	44.000	25	14	0	473	497	1	25	6.79e-07	40.5
tr|C6S3C2|C6S3C2_PLAF7	CDD:432381	48.000	25	13	0	473	497	2	26	1.85e-05	36.4
tr|C6S3H8|C6S3H8_PLAF7	CDD:350189	29.787	47	31	1	418	464	86	130	3.23e-05	39.1
tr|C6S3H8|C6S3H8_PLAF7	CDD:350180	21.569	102	72	5	357	454	12	109	3.43e-05	38.6
tr|C6S3J7|C6S3J7_PLAF7	CDD:427618	53.333	60	27	1	15	73	1	60	3.71e-19	72.1
tr|O77345|O77345_PLAF7	CDD:370807	25.424	118	86	2	137	252	6	123	6.68e-14	62.3
tr|O77375|O77375_PLAF7	CDD:132720	63.918	194	70	0	1861	2054	217	410	3.84e-106	340
tr|O77375|O77375_PLAF7	CDD:132720	52.703	222	104	1	1373	1594	1	221	8.89e-103	331
tr|O77375|O77375_PLAF7	CDD:132725	31.602	231	137	4	1825	2054	152	362	3.14e-43	157
tr|O77375|O77375_PLAF7	CDD:132725	29.817	218	114	5	1373	1583	14	199	2.12e-37	140
tr|O77375|O77375_PLAF7	CDD:132723	38.514	148	85	3	1391	1538	2	143	5.93e-40	145
tr|O77375|O77375_PLAF7	CDD:132723	28.436	211	127	4	1839	2049	114	300	8.30e-36	133
tr|O77375|O77375_PLAF7	CDD:132719	41.818	110	64	0	1939	2048	49	158	6.76e-37	131
tr|O77375|O77375_PLAF7	CDD:132719	77.083	48	11	0	1399	1446	1	48	4.50e-24	95.2
tr|O77375|O77375_PLAF7	CDD:132722	53.684	95	41	2	1391	1484	2	94	1.17e-34	130
tr|O77375|O77375_PLAF7	CDD:132722	30.435	184	116	4	1870	2052	137	309	1.30e-30	118
tr|O77375|O77375_PLAF7	CDD:132721	59.091	44	17	1	1399	1442	6	48	4.14e-14	67.9
tr|O77375|O77375_PLAF7	CDD:132721	26.797	153	73	5	1933	2047	52	203	5.34e-09	52.9
tr|O96139|O96139_PLAF7	CDD:188618	49.315	73	37	0	458	530	1	73	5.00e-24	90.2
tr|O96139|O96139_PLAF7	CDD:188619	31.081	74	49	2	458	531	2	73	6.95e-06	38.6
tr|O96154|O96154_PLAF7	CDD:188624	42.268	97	55	1	1292	1388	1	96	6.32e-39	134
tr|O96154|O96154_PLAF7	CDD:350215	33.028	109	59	3	1191	1285	97	205	8.95e-22	90.5
tr|O96154|O96154_PLAF7	CDD:350215	28.906	128	65	4	22	145	17	122	2.41e-13	65.9
tr|O96154|O96154_PLAF7	CDD:188620	43.182	44	23	1	1292	1335	1	42	2.45e-15	66.0
tr|O96154|O96154_PLAF7	CDD:188617	24.731	93	45	2	1292	1384	1	68	8.59e-15	64.9
tr|O96154|O96154_PLAF7	CDD:188621	32.394	71	45	2	1292	1362	1	68	9.32e-09	47.9
tr|O96154|O96154_PLAF7	CDD:188628	26.471	68	47	2	1292	1359	1	65	4.09e-07	43.3
tr|O96154|O96154_PLAF7	CDD:188627	35.821	67	41	1	1292	1358	1	65	1.25e-06	41.8
tr|O96154|O96154_PLAF7	CDD:188625	45.714	35	18	1	1291	1324	1	35	1.93e-06	42.3
tr|O96154|O96154_PLAF7	CDD:188626	26.852	108	64	7	1291	1387	1	104	4.96e-06	41.1
tr|O96154|O96154_PLAF7	CDD:188616	34.615	52	28	2	1292	1337	1	52	1.07e-05	39.3
tr|O96239|O96239_PLAF7	CDD:350770	34.335	233	134	5	882	1112	3	218	2.21e-60	201
tr|O96239|O96239_PLAF7	CDD:350758	36.702	188	107	3	884	1060	1	187	4.58e-50	170
tr|O96239|O96239_PLAF7	CDD:350180	22.388	268	66	1	1192	1459	10	135	2.19e-36	129
tr|O96264|O96264_PLAF7	CDD:350680	28.477	151	90	10	202	339	10	155	2.81e-10	53.7
tr|O96264|O96264_PLAF7	CDD:350180	28.205	78	52	2	398	472	30	106	7.71e-10	51.7
tr|O96264|O96264_PLAF7	CDD:350678	23.874	222	114	14	165	358	1	195	3.36e-09	51.0
tr|O96264|O96264_PLAF7	CDD:350189	28.448	116	65	4	399	498	29	142	1.50e-08	48.0
tr|O96264|O96264_PLAF7	CDD:350181	21.649	97	72	2	398	493	33	126	9.84e-05	36.8
tr|O96271|O96271_PLAF7	CDD:349379	36.842	76	39	2	213	288	1	67	3.09e-18	74.4
tr|O96271|O96271_PLAF7	CDD:349383	44.262	61	27	2	218	278	11	64	3.47e-14	63.0
tr|O97240|O97240_PLAF7	CDD:197321	27.381	336	158	12	280	614	3	253	1.35e-70	223
tr|O97240|O97240_PLAF7	CDD:197307	25.893	336	162	12	280	614	2	251	5.22e-44	152
tr|O97240|O97240_PLAF7	CDD:197319	25.000	336	165	14	280	614	3	252	5.76e-27	104
tr|O97240|O97240_PLAF7	CDD:197322	19.137	371	193	14	280	610	2	305	1.39e-25	102
tr|O97240|O97240_PLAF7	CDD:197320	22.563	359	143	20	280	612	3	252	5.83e-25	98.7
tr|O97240|O97240_PLAF7	CDD:197336	23.304	339	164	13	280	612	3	251	1.47e-16	74.2
tr|O97253|O97253_PLAF7	CDD:402803	63.855	83	30	0	281	363	1	83	1.17e-38	128
tr|O97285|O97285_PLAF7	CDD:350181	31.183	93	64	0	300	392	33	125	5.35e-16	68.8
tr|O97285|O97285_PLAF7	CDD:350189	27.273	110	70	1	278	387	31	130	5.55e-13	60.3
tr|O97285|O97285_PLAF7	CDD:350180	21.053	95	73	1	300	392	30	124	2.47e-10	52.5
tr|O97285|O97285_PLAF7	CDD:350183	29.293	99	58	4	301	390	42	137	6.27e-10	51.9
tr|O97285|O97285_PLAF7	CDD:350182	25.472	106	57	4	298	390	44	140	4.64e-06	40.6
tr|O97290|O97290_PLAF7	CDD:350189	24.460	139	88	4	493	617	1	136	1.29e-07	45.7
tr|O97290|O97290_PLAF7	CDD:350181	26.667	105	73	1	507	611	20	120	1.00e-05	40.3
tr|O97290|O97290_PLAF7	CDD:350180	21.374	131	78	7	501	616	10	130	1.32e-05	39.8
tr|O97318|O97318_PLAF7	CDD:240775	30.000	50	35	0	38	87	2	51	3.05e-07	41.6
tr|O97318|O97318_PLAF7	CDD:409992	32.653	49	33	0	38	86	2	50	3.75e-07	41.7
tr|O97318|O97318_PLAF7	CDD:409998	30.000	50	35	0	38	87	2	51	9.69e-07	40.4
tr|O97318|O97318_PLAF7	CDD:241027	32.000	50	34	0	38	87	2	51	1.22e-05	37.3
tr|O97320|O97320_PLAF7	CDD:238029	68.269	104	31	2	42	144	12	114	7.94e-56	165
tr|O97320|O97320_PLAF7	CDD:425478	28.947	76	54	0	42	117	52	127	1.67e-18	71.3
sp|P61074|PCNA_PLAF7	CDD:238322	39.464	261	142	4	4	264	1	245	6.97e-70	210
sp|P61074|PCNA_PLAF7	CDD:395574	58.400	125	52	0	1	125	1	125	5.50e-61	183
sp|P61074|PCNA_PLAF7	CDD:280843	30.657	137	84	2	128	264	2	127	5.74e-22	83.3
sp|Q25802|RPOC2_PLAF7	CDD:132721	29.697	165	102	1	790	954	54	204	1.53e-53	180
sp|Q25802|RPOC2_PLAF7	CDD:132721	37.838	37	23	0	305	341	1	37	2.52e-10	55.2
sp|Q25802|RPOC2_PLAF7	CDD:132725	44.828	29	16	0	310	338	40	68	8.69e-07	46.1
sp|Q25802|RPOC2_PLAF7	CDD:132719	48.276	29	15	0	310	338	1	29	1.22e-06	43.6
sp|Q25802|RPOC2_PLAF7	CDD:132723	52.000	25	12	0	310	334	10	34	9.91e-05	39.5
sp|Q7K734|FEN1_PLAF7	CDD:350215	38.235	340	121	4	4	343	1	251	2.54e-110	327
sp|Q7K734|FEN1_PLAF7	CDD:188627	58.571	70	29	0	234	303	1	70	1.79e-38	131
sp|Q7K734|FEN1_PLAF7	CDD:188621	46.575	73	36	1	234	303	1	73	1.42e-31	111
sp|Q7K734|FEN1_PLAF7	CDD:188617	44.118	68	35	1	234	298	1	68	1.87e-25	94.2
sp|Q7K734|FEN1_PLAF7	CDD:188628	40.323	62	34	2	234	292	1	62	3.62e-17	70.7
sp|Q7K734|FEN1_PLAF7	CDD:188616	35.211	71	36	2	234	294	1	71	1.00e-15	66.6
sp|Q7K734|FEN1_PLAF7	CDD:188620	37.778	45	27	1	234	277	1	45	3.22e-11	53.3
sp|Q7K734|FEN1_PLAF7	CDD:188623	37.681	69	36	2	234	301	1	63	4.67e-10	50.3
sp|Q7K734|FEN1_PLAF7	CDD:188618	35.849	53	24	2	234	280	2	50	6.63e-08	44.3
sp|Q7K734|FEN1_PLAF7	CDD:188624	18.947	95	50	2	234	301	1	95	9.41e-06	39.2
tr|Q7KQJ9|Q7KQJ9_PLAF7	CDD:238322	32.558	258	158	4	6	261	4	247	1.04e-68	207
tr|Q7KQJ9|Q7KQJ9_PLAF7	CDD:395574	37.008	127	75	3	1	126	1	123	9.40e-30	103
tr|Q7KQJ9|Q7KQJ9_PLAF7	CDD:280843	32.593	135	76	4	133	260	2	128	7.95e-19	74.8
tr|Q7KQL1|Q7KQL1_PLAF7	CDD:212557	81.132	53	10	0	55	107	1	53	1.21e-30	108
tr|Q7KQL1|Q7KQL1_PLAF7	CDD:372817	43.860	57	31	1	14	70	5	60	3.42e-12	56.5
tr|Q7KQL1|Q7KQL1_PLAF7	CDD:372817	38.636	44	26	1	62	104	1	44	7.59e-05	35.7
tr|Q7KQL1|Q7KQL1_PLAF7	CDD:238096	50.000	40	20	0	14	53	6	45	3.77e-11	53.3
tr|Q7KQL1|Q7KQL1_PLAF7	CDD:238096	37.778	45	26	2	61	103	1	45	4.66e-07	41.8
tr|Q7KQL1|Q7KQL1_PLAF7	CDD:425555	47.500	40	20	1	14	53	8	46	8.42e-10	49.4
tr|Q7KQL1|Q7KQL1_PLAF7	CDD:425555	32.609	46	30	1	59	103	1	46	7.89e-08	43.7
tr|Q8I0W1|Q8I0W1_PLAF7	CDD:240775	23.611	72	49	2	10	75	2	73	7.34e-05	36.2
tr|Q8I0W7|Q8I0W7_PLAF7	CDD:350181	24.823	141	89	2	940	1080	11	134	5.05e-17	73.0
tr|Q8I0W7|Q8I0W7_PLAF7	CDD:350189	33.588	131	64	5	955	1065	8	135	7.51e-14	64.1
tr|Q8I0W7|Q8I0W7_PLAF7	CDD:350180	21.905	105	78	2	945	1045	3	107	6.15e-13	61.3
tr|Q8I0W7|Q8I0W7_PLAF7	CDD:350183	30.208	96	61	2	971	1060	42	137	9.91e-09	49.6
tr|Q8I0W7|Q8I0W7_PLAF7	CDD:350680	26.562	128	77	5	736	856	2	119	7.44e-07	44.5
sp|Q8I1N6|AP2A_PLAF7	CDD:425904	43.478	46	25	1	1961	2006	4	48	2.86e-10	52.6
sp|Q8I1N6|AP2A_PLAF7	CDD:425904	28.261	46	33	0	3271	3316	3	48	2.73e-06	41.5
tr|Q8I1N8|Q8I1N8_PLAF7	CDD:430463	60.976	82	32	0	8	89	1	82	2.05e-33	116
tr|Q8I1Q5|Q8I1Q5_PLAF7	CDD:396121	25.962	104	75	1	290	391	1	104	1.28e-13	61.1
tr|Q8I1T2|Q8I1T2_PLAF7	CDD:409998	35.294	51	33	0	36	86	2	52	1.03e-07	42.7
tr|Q8I1T2|Q8I1T2_PLAF7	CDD:240775	29.412	51	36	0	36	86	2	52	4.01e-06	38.1
tr|Q8I1T2|Q8I1T2_PLAF7	CDD:241027	31.373	51	35	0	36	86	2	52	8.63e-06	37.3
tr|Q8I1T2|Q8I1T2_PLAF7	CDD:409992	29.577	71	47	3	36	105	2	70	6.19e-05	34.7
tr|Q8I1U3|Q8I1U3_PLAF7	CDD:409992	39.744	78	46	1	199	275	1	78	3.07e-17	70.2
tr|Q8I1U3|Q8I1U3_PLAF7	CDD:409992	38.889	72	41	2	115	184	1	71	5.50e-13	58.2
tr|Q8I1U3|Q8I1U3_PLAF7	CDD:240775	40.000	75	44	1	199	272	1	75	8.42e-17	68.9
tr|Q8I1U3|Q8I1U3_PLAF7	CDD:240775	34.247	73	47	1	115	186	1	73	6.33e-11	52.4
tr|Q8I1U3|Q8I1U3_PLAF7	CDD:409997	36.842	76	47	1	198	272	5	80	3.60e-15	64.6
tr|Q8I1U3|Q8I1U3_PLAF7	CDD:409997	28.000	75	53	1	115	188	6	80	8.25e-09	46.5
tr|Q8I1U3|Q8I1U3_PLAF7	CDD:410155	35.526	76	48	1	198	272	3	78	4.20e-13	58.9
tr|Q8I1U3|Q8I1U3_PLAF7	CDD:410155	42.000	50	29	0	115	164	4	53	2.35e-10	50.8
tr|Q8I1U3|Q8I1U3_PLAF7	CDD:410154	34.211	76	49	1	198	272	3	78	5.05e-12	55.8
tr|Q8I1U3|Q8I1U3_PLAF7	CDD:410154	46.000	50	27	0	115	164	4	53	4.00e-11	53.1
tr|Q8I1U3|Q8I1U3_PLAF7	CDD:409761	29.577	71	45	1	115	185	2	67	5.56e-12	55.0
tr|Q8I1U3|Q8I1U3_PLAF7	CDD:409761	34.211	76	45	2	198	273	1	71	1.88e-09	48.1
tr|Q8I1U3|Q8I1U3_PLAF7	CDD:409998	32.000	75	50	1	199	272	1	75	1.29e-11	54.2
tr|Q8I1U3|Q8I1U3_PLAF7	CDD:409998	24.658	73	54	1	115	186	1	73	9.16e-09	46.1
tr|Q8I1U3|Q8I1U3_PLAF7	CDD:241027	32.000	75	50	1	199	272	1	75	7.51e-11	52.3
tr|Q8I1U3|Q8I1U3_PLAF7	CDD:241027	36.170	47	30	0	115	161	1	47	1.49e-07	42.7
tr|Q8I1U3|Q8I1U3_PLAF7	CDD:410156	37.500	72	42	2	115	184	4	74	2.48e-10	50.8
tr|Q8I1U3|Q8I1U3_PLAF7	CDD:410156	35.526	76	48	1	198	272	3	78	3.70e-10	50.4
tr|Q8I1X9|Q8I1X9_PLAF7	CDD:350786	23.387	124	79	5	155	277	16	124	2.46e-07	45.4
tr|Q8I237|Q8I237_PLAF7	CDD:410254	27.551	98	52	2	147	235	1	88	2.42e-11	53.7
tr|Q8I248|Q8I248_PLAF7	CDD:239905	36.667	60	28	1	30	79	1	60	1.51e-14	59.1
tr|Q8I2L0|Q8I2L0_PLAF7	CDD:238096	30.435	46	27	1	497	542	1	41	6.92e-05	35.6
tr|Q8I2R0|Q8I2R0_PLAF7	CDD:432197	70.833	120	35	0	470	589	1	120	1.55e-77	235
tr|Q8I2R8|Q8I2R8_PLAF7	CDD:409992	27.586	58	42	0	73	130	2	59	5.37e-07	40.5
tr|Q8I2R8|Q8I2R8_PLAF7	CDD:410154	26.667	60	44	0	71	130	3	62	4.81e-06	37.7
tr|Q8I2R8|Q8I2R8_PLAF7	CDD:410155	20.000	60	48	0	71	130	3	62	1.73e-05	36.2
tr|Q8I2U4|Q8I2U4_PLAF7	CDD:409992	28.358	67	45	1	326	392	7	70	1.58e-06	40.5
tr|Q8I2U4|Q8I2U4_PLAF7	CDD:409761	27.273	77	47	2	319	395	1	68	3.50e-06	39.2
tr|Q8I2U4|Q8I2U4_PLAF7	CDD:410155	26.471	68	47	1	323	390	7	71	3.57e-05	36.6
tr|Q8I2U4|Q8I2U4_PLAF7	CDD:241027	37.255	51	29	1	321	371	2	49	6.36e-05	35.8
tr|Q8I2W7|Q8I2W7_PLAF7	CDD:350678	43.158	190	105	1	46	235	3	189	1.15e-70	223
tr|Q8I2W7|Q8I2W7_PLAF7	CDD:350181	47.445	137	69	1	282	418	1	134	4.66e-55	179
tr|Q8I2W7|Q8I2W7_PLAF7	CDD:350773	40.722	194	113	2	41	233	4	196	4.35e-50	168
tr|Q8I2W7|Q8I2W7_PLAF7	CDD:350776	36.923	195	111	5	45	234	2	189	1.46e-48	164
tr|Q8I2W7|Q8I2W7_PLAF7	CDD:350774	40.000	190	112	2	46	234	8	196	2.22e-46	158
tr|Q8I2W7|Q8I2W7_PLAF7	CDD:350772	41.361	191	105	3	47	233	4	191	5.04e-43	149
tr|Q8I2W7|Q8I2W7_PLAF7	CDD:350775	38.421	190	103	5	47	234	4	181	8.83e-43	147
tr|Q8I2W7|Q8I2W7_PLAF7	CDD:350680	23.022	139	65	7	71	186	2	121	5.44e-07	44.5
tr|Q8I2W7|Q8I2W7_PLAF7	CDD:350182	23.684	152	72	8	286	409	7	142	1.48e-06	42.9
tr|Q8I2W7|Q8I2W7_PLAF7	CDD:350189	23.770	122	76	2	311	417	22	141	2.02e-06	42.2
tr|Q8I2W7|Q8I2W7_PLAF7	CDD:350183	34.848	66	40	1	345	410	75	137	8.11e-06	40.7
tr|Q8I2Y2|Q8I2Y2_PLAF7	CDD:429744	28.873	142	72	3	62	203	1	113	3.84e-27	100
tr|Q8I2Y2|Q8I2Y2_PLAF7	CDD:425841	25.620	121	72	7	439	550	9	120	3.62e-09	50.0
tr|Q8I2Y5|Q8I2Y5_PLAF7	CDD:409992	35.897	78	49	1	225	301	1	78	3.56e-14	61.7
tr|Q8I2Y5|Q8I2Y5_PLAF7	CDD:409992	26.761	71	50	2	142	210	1	71	7.00e-12	55.1
tr|Q8I2Y5|Q8I2Y5_PLAF7	CDD:410155	42.308	78	44	1	225	301	4	81	4.23e-14	61.6
tr|Q8I2Y5|Q8I2Y5_PLAF7	CDD:410155	30.435	69	46	2	141	207	3	71	1.50e-10	51.6
tr|Q8I2Y5|Q8I2Y5_PLAF7	CDD:410154	39.744	78	46	1	225	301	4	81	1.25e-13	60.5
tr|Q8I2Y5|Q8I2Y5_PLAF7	CDD:410154	33.333	69	44	2	141	207	3	71	1.41e-09	48.9
tr|Q8I2Y5|Q8I2Y5_PLAF7	CDD:410156	39.744	78	46	1	225	301	4	81	2.05e-11	53.9
tr|Q8I2Y5|Q8I2Y5_PLAF7	CDD:410156	31.884	69	45	2	141	207	3	71	1.43e-08	46.2
tr|Q8I2Y5|Q8I2Y5_PLAF7	CDD:240775	30.000	70	48	1	225	293	1	70	5.46e-07	41.2
tr|Q8I2Y5|Q8I2Y5_PLAF7	CDD:240775	30.159	63	42	2	152	212	11	73	5.70e-06	38.5
tr|Q8I2Y5|Q8I2Y5_PLAF7	CDD:409761	22.535	71	51	1	141	211	1	67	1.30e-06	40.0
tr|Q8I2Y5|Q8I2Y5_PLAF7	CDD:409761	21.622	74	53	2	225	298	2	70	4.71e-06	38.5
tr|Q8I2Y5|Q8I2Y5_PLAF7	CDD:409998	38.462	52	31	1	152	202	11	62	6.99e-06	38.1
tr|Q8I2Y5|Q8I2Y5_PLAF7	CDD:409997	28.000	75	52	2	141	213	5	79	8.49e-06	38.0
tr|Q8I2Y5|Q8I2Y5_PLAF7	CDD:241027	31.667	60	40	1	225	283	1	60	7.81e-05	35.4
tr|Q8I347|Q8I347_PLAF7	CDD:176458	11.685	368	275	10	668	1025	1	328	4.24e-37	137
tr|Q8I347|Q8I347_PLAF7	CDD:176455	25.822	213	138	5	626	828	1	203	5.24e-20	88.5
tr|Q8I347|Q8I347_PLAF7	CDD:176459	24.359	156	91	7	668	814	1	138	8.06e-06	43.7
tr|Q8I353|Q8I353_PLAF7	CDD:350182	29.231	195	88	3	574	768	9	153	8.49e-43	147
tr|Q8I353|Q8I353_PLAF7	CDD:350786	33.333	153	92	3	317	459	18	170	7.37e-34	123
tr|Q8I353|Q8I353_PLAF7	CDD:350680	27.108	166	96	7	317	458	2	166	2.48e-10	54.9
tr|Q8I353|Q8I353_PLAF7	CDD:350181	38.095	84	38	5	676	755	50	123	2.27e-06	43.0
tr|Q8I3A1|Q8I3A1_PLAF7	CDD:239920	42.718	103	56	1	10	109	2	104	2.21e-36	124
tr|Q8I3A1|Q8I3A1_PLAF7	CDD:239921	25.455	110	71	6	140	247	1	101	6.68e-19	76.1
tr|Q8I3A2|Q8I3A2_PLAF7	CDD:425532	30.682	88	61	0	59	146	1	88	6.51e-28	95.3
tr|Q8I3A2|Q8I3A2_PLAF7	CDD:259854	36.471	85	54	0	60	144	1	85	3.88e-18	69.8
tr|Q8I3A2|Q8I3A2_PLAF7	CDD:259858	34.831	89	57	1	58	145	1	89	2.07e-17	68.3
tr|Q8I3A2|Q8I3A2_PLAF7	CDD:259853	31.395	86	59	0	59	144	1	86	3.48e-17	67.4
tr|Q8I3A2|Q8I3A2_PLAF7	CDD:259852	29.412	85	60	0	60	144	1	85	9.48e-15	61.0
tr|Q8I3A2|Q8I3A2_PLAF7	CDD:259857	28.090	89	62	2	59	146	1	88	2.27e-12	54.8
tr|Q8I3B4|Q8I3B4_PLAF7	CDD:350182	37.500	88	48	1	1834	1914	64	151	3.57e-20	83.8
tr|Q8I3B4|Q8I3B4_PLAF7	CDD:350786	29.050	179	89	10	1249	1416	18	169	3.80e-10	55.8
tr|Q8I3B4|Q8I3B4_PLAF7	CDD:350680	23.196	194	82	13	1249	1410	2	160	6.82e-10	54.5
tr|Q8I3I5|Q8I3I5_PLAF7	CDD:396121	20.270	74	59	0	367	440	31	104	2.95e-10	51.8
tr|Q8I3I8|Q8I3I8_PLAF7	CDD:350181	32.000	100	68	0	472	571	34	133	3.78e-19	78.4
tr|Q8I3I8|Q8I3I8_PLAF7	CDD:350180	29.358	109	69	3	457	557	16	124	5.78e-15	66.3
tr|Q8I3I8|Q8I3I8_PLAF7	CDD:350189	34.545	55	36	0	504	558	76	130	5.14e-12	58.4
tr|Q8I3I8|Q8I3I8_PLAF7	CDD:350183	28.571	63	45	0	499	561	75	137	5.81e-09	49.6
tr|Q8I3I8|Q8I3I8_PLAF7	CDD:350680	22.137	131	87	5	254	381	1	119	6.70e-07	44.1
tr|Q8I3P6|Q8I3P6_PLAF7	CDD:350181	22.143	140	88	3	573	708	11	133	1.25e-12	60.3
tr|Q8I3P6|Q8I3P6_PLAF7	CDD:350180	23.750	80	59	1	623	700	45	124	1.17e-10	54.4
tr|Q8I3P6|Q8I3P6_PLAF7	CDD:350189	21.854	151	91	4	572	708	4	141	1.53e-06	43.0
tr|Q8I3P6|Q8I3P6_PLAF7	CDD:350786	25.000	128	82	7	339	464	44	159	3.22e-06	42.7
tr|Q8I3T5|Q8I3T5_PLAF7	CDD:409761	25.862	58	41	1	8	65	1	56	1.15e-05	36.9
tr|Q8I3U0|Q8I3U0_PLAF7	CDD:425904	44.231	52	28	1	1804	1855	1	51	1.69e-13	61.1
tr|Q8I3U0|Q8I3U0_PLAF7	CDD:425904	36.170	47	30	0	953	999	2	48	7.82e-12	56.5
tr|Q8I3W6|Q8I3W6_PLAF7	CDD:350194	41.250	80	39	2	1349	1420	71	150	9.40e-23	90.4
tr|Q8I3W6|Q8I3W6_PLAF7	CDD:350194	31.183	93	56	2	726	811	1	92	3.05e-15	68.8
tr|Q8I3W6|Q8I3W6_PLAF7	CDD:350196	28.571	56	29	2	1365	1420	36	80	3.38e-08	46.4
tr|Q8I3W6|Q8I3W6_PLAF7	CDD:350173	21.622	74	45	2	1346	1418	26	87	1.72e-06	42.0
tr|Q8I3Z9|Q8I3Z9_PLAF7	CDD:239572	61.233	227	78	1	155	381	1	217	4.05e-120	356
tr|Q8I3Z9|Q8I3Z9_PLAF7	CDD:238356	43.668	229	113	3	155	381	1	215	1.10e-94	290
tr|Q8I3Z9|Q8I3Z9_PLAF7	CDD:239570	39.912	228	121	3	156	381	2	215	2.30e-60	198
tr|Q8I3Z9|Q8I3Z9_PLAF7	CDD:239571	39.207	227	123	2	155	381	1	212	2.04e-52	176
tr|Q8I3Z9|Q8I3Z9_PLAF7	CDD:271176	30.892	314	94	6	390	697	2	198	3.33e-45	155
tr|Q8I410|Q8I410_PLAF7	CDD:132722	29.317	249	157	7	2666	2906	72	309	1.02e-49	174
tr|Q8I410|Q8I410_PLAF7	CDD:132722	42.149	121	52	5	2050	2167	1	106	5.29e-29	114
tr|Q8I410|Q8I410_PLAF7	CDD:132723	34.463	177	101	8	2050	2221	1	167	6.17e-26	104
tr|Q8I410|Q8I410_PLAF7	CDD:132725	26.667	165	108	5	2743	2900	196	354	1.52e-25	105
tr|Q8I410|Q8I410_PLAF7	CDD:132725	34.286	140	75	6	2050	2183	31	159	1.05e-22	96.9
tr|Q8I410|Q8I410_PLAF7	CDD:132720	33.548	155	79	6	2047	2194	15	152	1.61e-25	106
tr|Q8I410|Q8I410_PLAF7	CDD:132720	21.708	281	165	8	2635	2900	162	402	1.30e-23	100
tr|Q8I410|Q8I410_PLAF7	CDD:132719	30.556	108	74	1	2794	2900	49	156	9.02e-20	83.2
tr|Q8I410|Q8I410_PLAF7	CDD:132719	62.500	48	16	1	2059	2104	1	48	1.46e-17	76.7
tr|Q8I410|Q8I410_PLAF7	CDD:132721	48.980	49	24	1	2054	2101	1	49	3.70e-13	65.2
tr|Q8I415|Q8I415_PLAF7	CDD:239942	39.796	98	54	3	85	182	1	93	1.13e-28	100
tr|Q8I416|Q8I416_PLAF7	CDD:350183	31.313	99	60	5	973	1064	41	138	3.25e-10	54.6
tr|Q8I416|Q8I416_PLAF7	CDD:350680	21.264	174	122	6	760	926	1	166	4.54e-10	54.5
tr|Q8I416|Q8I416_PLAF7	CDD:350181	24.793	121	91	0	943	1063	3	123	2.20e-09	51.4
tr|Q8I416|Q8I416_PLAF7	CDD:350189	29.600	125	66	4	956	1060	8	130	2.81e-09	51.4
tr|Q8I416|Q8I416_PLAF7	CDD:350180	27.869	122	65	6	954	1059	10	124	6.90e-08	47.5
tr|Q8I416|Q8I416_PLAF7	CDD:350773	51.613	31	15	0	750	780	23	53	1.87e-05	41.6
tr|Q8I416|Q8I416_PLAF7	CDD:350774	21.472	163	96	8	733	882	4	147	8.03e-05	39.8
tr|Q8I416|Q8I416_PLAF7	CDD:350678	21.233	146	79	8	750	882	17	139	8.11e-05	39.4
tr|Q8I440|Q8I440_PLAF7	CDD:425630	43.678	87	46	1	239	325	1	84	1.12e-29	103
tr|Q8I440|Q8I440_PLAF7	CDD:425630	37.143	70	43	1	148	216	1	70	2.43e-19	75.6
tr|Q8I457|Q8I457_PLAF7	CDD:350183	22.449	147	98	3	405	536	2	147	2.14e-11	56.9
tr|Q8I457|Q8I457_PLAF7	CDD:350181	27.132	129	86	2	412	536	10	134	1.57e-10	54.1
tr|Q8I457|Q8I457_PLAF7	CDD:350180	21.212	99	75	2	410	505	4	102	3.80e-08	47.1
tr|Q8I457|Q8I457_PLAF7	CDD:350189	27.119	118	67	6	429	529	22	137	4.93e-08	46.8
tr|Q8I459|Q8I459_PLAF7	CDD:350189	23.358	137	79	6	336	450	3	135	9.74e-06	39.9
tr|Q8I459|Q8I459_PLAF7	CDD:350180	14.754	122	100	2	341	458	12	133	2.21e-05	38.6
tr|Q8I468|Q8I468_PLAF7	CDD:240775	34.247	73	41	2	19	88	7	75	2.72e-10	50.4
tr|Q8I468|Q8I468_PLAF7	CDD:409761	25.000	72	47	2	14	85	3	67	7.24e-10	48.9
tr|Q8I468|Q8I468_PLAF7	CDD:409998	37.313	67	41	1	22	88	10	75	1.81e-08	45.4
tr|Q8I468|Q8I468_PLAF7	CDD:410154	30.667	75	51	1	10	84	1	74	1.14e-06	40.4
tr|Q8I468|Q8I468_PLAF7	CDD:409992	31.507	73	46	1	14	82	2	74	1.63e-06	39.7
tr|Q8I468|Q8I468_PLAF7	CDD:409997	30.667	75	51	1	14	88	7	80	2.54e-06	39.2
tr|Q8I468|Q8I468_PLAF7	CDD:241027	28.000	75	53	1	14	88	2	75	7.42e-06	37.7
tr|Q8I468|Q8I468_PLAF7	CDD:410155	32.000	75	50	1	10	84	1	74	1.59e-05	36.9
tr|Q8I468|Q8I468_PLAF7	CDD:410156	32.000	75	50	1	10	84	1	74	2.26e-05	36.6
tr|Q8I4R9|Q8I4R9_PLAF7	CDD:350189	27.358	106	61	3	389	479	28	132	4.58e-11	55.7
tr|Q8I4R9|Q8I4R9_PLAF7	CDD:350183	23.810	105	58	6	389	479	41	137	3.24e-09	50.7
tr|Q8I4R9|Q8I4R9_PLAF7	CDD:350180	21.849	119	75	4	389	502	30	135	5.73e-06	40.9
tr|Q8I4R9|Q8I4R9_PLAF7	CDD:350680	27.206	136	74	7	124	251	1	119	1.69e-05	39.9
tr|Q8I4R9|Q8I4R9_PLAF7	CDD:350181	18.939	132	100	2	366	490	3	134	2.20e-05	39.1
tr|Q8I4R9|Q8I4R9_PLAF7	CDD:350786	28.571	133	68	6	122	251	15	123	6.62e-05	38.5
tr|Q8I4S6|Q8I4S6_PLAF7	CDD:350180	46.212	132	70	1	1471	1602	5	135	2.55e-51	171
tr|Q8I4S6|Q8I4S6_PLAF7	CDD:350770	38.095	63	38	1	1026	1088	113	174	1.48e-17	77.6
tr|Q8I4S6|Q8I4S6_PLAF7	CDD:350770	46.296	54	28	1	222	275	1	53	1.20e-12	63.4
tr|Q8I4S6|Q8I4S6_PLAF7	CDD:350770	38.095	63	36	2	437	498	50	110	1.46e-12	63.0
tr|Q8I4S6|Q8I4S6_PLAF7	CDD:350758	40.625	64	36	2	1030	1093	128	189	2.10e-13	65.0
tr|Q8I4S6|Q8I4S6_PLAF7	CDD:350758	39.655	58	19	2	226	268	1	57	9.38e-10	54.3
sp|Q8I4V2|RBM22_PLAF7	CDD:409998	33.333	57	30	2	223	272	1	56	2.03e-05	36.9
sp|Q8I4V2|RBM22_PLAF7	CDD:409997	28.788	66	39	2	218	276	1	65	3.80e-05	36.1
sp|Q8I4V2|RBM22_PLAF7	CDD:240775	25.333	75	48	2	223	290	1	74	3.97e-05	35.8
sp|Q8I4V2|RBM22_PLAF7	CDD:241027	29.333	75	45	2	223	290	1	74	6.10e-05	35.4
tr|Q8I4Z1|Q8I4Z1_PLAF7	CDD:370664	30.556	72	50	0	1523	1594	2	73	9.40e-09	51.2
tr|Q8I4Z1|Q8I4Z1_PLAF7	CDD:370664	28.866	97	64	3	1511	1606	2	94	6.24e-07	45.8
tr|Q8I4Z1|Q8I4Z1_PLAF7	CDD:370664	27.586	87	60	1	1487	1570	8	94	8.19e-06	42.7
tr|Q8I4Z8|Q8I4Z8_PLAF7	CDD:432845	28.000	25	18	0	112	136	1	25	8.18e-07	39.0
tr|Q8I4Z8|Q8I4Z8_PLAF7	CDD:432381	32.000	25	17	0	112	136	2	26	4.06e-06	36.8
tr|Q8I511|Q8I511_PLAF7	CDD:350680	22.807	171	104	7	149	306	1	156	5.69e-09	50.7
tr|Q8I562|Q8I562_PLAF7	CDD:410154	37.931	58	35	1	362	418	5	62	1.71e-05	37.3
tr|Q8I562|Q8I562_PLAF7	CDD:409992	37.500	56	34	1	362	416	2	57	1.85e-05	37.4
tr|Q8I562|Q8I562_PLAF7	CDD:410156	38.596	57	34	1	362	417	5	61	5.74e-05	36.2
tr|Q8I580|Q8I580_PLAF7	CDD:350195	30.597	134	89	2	1738	1869	1	132	9.13e-34	123
tr|Q8I5E7|Q8I5E7_PLAF7	CDD:350181	25.758	132	98	0	573	704	3	134	4.69e-20	81.1
tr|Q8I5E7|Q8I5E7_PLAF7	CDD:350180	27.500	120	77	5	578	689	7	124	1.20e-13	62.9
tr|Q8I5E7|Q8I5E7_PLAF7	CDD:350189	24.818	137	77	5	588	703	10	141	3.76e-13	61.8
tr|Q8I5E7|Q8I5E7_PLAF7	CDD:350183	21.970	132	89	6	581	704	22	147	9.38e-09	49.2
tr|Q8I5E7|Q8I5E7_PLAF7	CDD:350182	21.084	166	96	10	558	703	2	152	1.79e-05	39.8
tr|Q8I5G5|Q8I5G5_PLAF7	CDD:425555	28.571	42	30	0	867	908	4	45	6.82e-07	41.3
tr|Q8I5G5|Q8I5G5_PLAF7	CDD:238096	38.462	39	23	1	871	908	6	44	1.37e-06	40.6
tr|Q8I5G5|Q8I5G5_PLAF7	CDD:372817	28.000	50	36	0	867	916	1	50	3.69e-06	40.0
tr|Q8I5H4|Q8I5H4_PLAF7	CDD:409992	41.071	56	32	1	452	506	2	57	1.61e-10	52.4
tr|Q8I5H4|Q8I5H4_PLAF7	CDD:409992	34.694	49	29	1	205	250	12	60	4.84e-06	39.7
tr|Q8I5H4|Q8I5H4_PLAF7	CDD:410154	43.103	58	32	1	452	508	5	62	2.07e-09	49.3
tr|Q8I5H4|Q8I5H4_PLAF7	CDD:409998	28.814	59	39	1	195	250	2	60	1.08e-08	47.3
tr|Q8I5H4|Q8I5H4_PLAF7	CDD:241027	38.462	52	28	2	201	249	9	59	4.88e-08	45.4
tr|Q8I5H4|Q8I5H4_PLAF7	CDD:409761	32.143	56	36	1	193	248	1	54	5.50e-08	45.0
tr|Q8I5H4|Q8I5H4_PLAF7	CDD:409761	32.787	61	35	2	466	526	17	71	2.95e-06	40.0
tr|Q8I5H4|Q8I5H4_PLAF7	CDD:410156	43.103	58	32	1	452	508	5	62	6.38e-08	45.0
tr|Q8I5H4|Q8I5H4_PLAF7	CDD:410155	37.931	58	35	1	452	508	5	62	8.92e-07	42.0
tr|Q8I5H4|Q8I5H4_PLAF7	CDD:410155	23.810	63	48	0	18	80	5	67	4.07e-06	40.0
tr|Q8I5H4|Q8I5H4_PLAF7	CDD:240775	30.435	69	41	2	195	256	2	70	1.09e-06	41.6
tr|Q8I5H4|Q8I5H4_PLAF7	CDD:409997	28.571	70	43	2	195	257	7	76	3.24e-06	40.3
tr|Q8I5I9|Q8I5I9_PLAF7	CDD:425904	35.417	48	29	1	2163	2210	5	50	1.13e-07	44.9
tr|Q8I5J1|Q8I5J1_PLAF7	CDD:425904	44.231	52	29	0	1873	1924	1	52	1.74e-18	75.4
tr|Q8I5K4|Q8I5K4_PLAF7	CDD:425653	58.537	41	16	1	8	47	1	41	4.42e-12	54.1
tr|Q8I5K4|Q8I5K4_PLAF7	CDD:349307	48.276	29	15	0	25	53	36	64	3.71e-06	38.1
tr|Q8I5K4|Q8I5K4_PLAF7	CDD:349312	31.250	48	30	1	6	53	15	59	9.27e-05	34.3
tr|Q8I5N6|Q8I5N6_PLAF7	CDD:410155	27.692	65	46	1	983	1046	3	67	9.18e-07	42.3
tr|Q8I5N6|Q8I5N6_PLAF7	CDD:241027	33.333	63	41	1	984	1045	1	63	2.06e-06	41.1
tr|Q8I5N6|Q8I5N6_PLAF7	CDD:409992	27.273	66	43	2	984	1046	1	64	8.13e-06	39.3
tr|Q8I5N6|Q8I5N6_PLAF7	CDD:410154	28.788	66	42	2	983	1045	3	66	1.01e-05	39.3
tr|Q8I5N6|Q8I5N6_PLAF7	CDD:409761	34.000	50	29	1	983	1032	1	46	1.42e-05	38.5
tr|Q8I5N6|Q8I5N6_PLAF7	CDD:409997	27.536	69	49	1	979	1046	1	69	1.78e-05	38.4
tr|Q8I5N6|Q8I5N6_PLAF7	CDD:409998	26.984	63	45	1	984	1045	1	63	2.18e-05	38.1
tr|Q8I5N6|Q8I5N6_PLAF7	CDD:240775	33.333	48	31	1	984	1030	1	48	2.55e-05	38.1
tr|Q8I5N9|Q8I5N9_PLAF7	CDD:238096	27.907	43	28	1	769	811	1	40	6.23e-06	38.3
tr|Q8I5N9|Q8I5N9_PLAF7	CDD:238096	34.694	49	27	1	880	928	1	44	4.17e-05	36.0
tr|Q8I5N9|Q8I5N9_PLAF7	CDD:425555	31.915	47	26	1	878	924	1	41	4.43e-05	35.9
tr|Q8I5P4|Q8I5P4_PLAF7	CDD:426510	41.489	94	51	1	37	126	1	94	7.00e-36	114
tr|Q8I5T6|Q8I5T6_PLAF7	CDD:426036	40.000	55	29	1	227	281	1	51	5.09e-12	54.7
tr|Q8I5U5|Q8I5U5_PLAF7	CDD:430785	34.646	127	77	2	549	669	25	151	1.51e-33	120
tr|Q8I5X8|Q8I5X8_PLAF7	CDD:426485	43.220	118	63	2	9	126	1	114	5.18e-47	154
tr|Q8I5Y0|Q8I5Y0_PLAF7	CDD:429296	41.935	62	36	0	448	509	1	62	5.91e-14	61.2
tr|Q8I5Y3|Q8I5Y3_PLAF7	CDD:396121	24.286	70	49	1	826	895	40	105	1.69e-06	41.8
tr|Q8I5Y7|Q8I5Y7_PLAF7	CDD:435039	33.333	81	54	0	2135	2215	3	83	1.89e-22	87.6
tr|Q8I5Y7|Q8I5Y7_PLAF7	CDD:438789	30.000	60	40	1	826	885	1	58	2.75e-10	52.1
tr|Q8I5Y7|Q8I5Y7_PLAF7	CDD:438789	31.250	48	31	1	899	946	4	49	3.79e-10	51.8
tr|Q8I5Y7|Q8I5Y7_PLAF7	CDD:438820	34.000	50	23	2	900	945	8	51	1.35e-06	42.5
tr|Q8I5Y7|Q8I5Y7_PLAF7	CDD:438791	33.929	56	35	1	830	885	7	60	6.59e-06	40.3
tr|Q8I5Y7|Q8I5Y7_PLAF7	CDD:438800	31.148	61	40	1	826	886	2	60	8.12e-06	39.9
tr|Q8I5Y7|Q8I5Y7_PLAF7	CDD:438801	32.258	62	36	2	820	881	2	57	1.30e-05	39.5
tr|Q8I5Y7|Q8I5Y7_PLAF7	CDD:438796	28.846	52	25	2	899	945	7	51	1.36e-05	39.8
tr|Q8I5Y7|Q8I5Y7_PLAF7	CDD:238096	22.222	45	34	1	2142	2185	1	45	2.25e-05	37.9
tr|Q8I5Y7|Q8I5Y7_PLAF7	CDD:395407	31.915	47	30	1	899	945	6	50	2.56e-05	38.7
tr|Q8I5Y7|Q8I5Y7_PLAF7	CDD:395407	29.508	61	41	1	825	885	2	60	5.06e-05	37.6
tr|Q8I5Y7|Q8I5Y7_PLAF7	CDD:438824	31.250	64	38	2	821	884	11	68	9.05e-05	37.2
tr|Q8I616|Q8I616_PLAF7	CDD:438792	51.852	81	37	1	10	90	3	81	7.00e-20	71.2
tr|Q8I616|Q8I616_PLAF7	CDD:438829	47.500	80	40	1	13	92	1	78	1.13e-15	60.6
tr|Q8I616|Q8I616_PLAF7	CDD:395407	47.143	70	35	1	21	90	1	68	5.77e-15	58.4
tr|Q8I616|Q8I616_PLAF7	CDD:438796	35.211	71	44	1	20	90	1	69	6.74e-15	58.7
tr|Q8I616|Q8I616_PLAF7	CDD:438795	45.070	71	37	1	20	90	2	70	7.94e-14	55.5
tr|Q8I616|Q8I616_PLAF7	CDD:438789	49.180	61	29	1	23	83	1	59	4.81e-13	53.3
tr|Q8I616|Q8I616_PLAF7	CDD:438832	34.615	78	49	1	15	90	2	79	3.35e-12	51.6
tr|Q8I616|Q8I616_PLAF7	CDD:438825	40.000	70	39	1	21	90	1	67	5.04e-12	50.9
tr|Q8I616|Q8I616_PLAF7	CDD:438833	34.524	84	53	1	9	92	9	90	5.02e-11	49.2
tr|Q8I616|Q8I616_PLAF7	CDD:438810	39.706	68	39	1	23	90	1	66	1.39e-10	47.3
tr|Q8I616|Q8I616_PLAF7	CDD:438820	30.435	69	46	1	22	90	3	69	5.27e-09	43.3
tr|Q8I616|Q8I616_PLAF7	CDD:438794	37.879	66	41	0	21	86	2	67	6.59e-09	43.1
tr|Q8I616|Q8I616_PLAF7	CDD:438826	31.429	70	46	1	21	90	1	68	8.80e-09	42.5
tr|Q8I616|Q8I616_PLAF7	CDD:438821	37.097	62	37	1	22	83	1	60	1.25e-08	41.9
tr|Q8I616|Q8I616_PLAF7	CDD:438823	34.286	70	44	1	21	90	1	68	1.26e-08	42.2
tr|Q8I616|Q8I616_PLAF7	CDD:430369	40.580	69	39	1	18	86	1	67	2.24e-08	41.6
tr|Q8I616|Q8I616_PLAF7	CDD:438799	25.676	74	53	1	17	90	1	72	2.34e-08	41.5
tr|Q8I616|Q8I616_PLAF7	CDD:438824	35.443	79	49	1	12	90	1	77	2.48e-08	41.9
tr|Q8I616|Q8I616_PLAF7	CDD:438791	30.303	66	44	1	21	86	1	64	8.90e-08	40.3
tr|Q8I616|Q8I616_PLAF7	CDD:438834	35.714	70	43	1	21	90	2	69	1.39e-07	40.0
tr|Q8I616|Q8I616_PLAF7	CDD:438806	35.593	59	36	1	22	80	3	59	2.86e-07	39.0
tr|Q8I616|Q8I616_PLAF7	CDD:438851	28.986	69	47	1	22	90	5	71	3.22e-07	38.9
tr|Q8I616|Q8I616_PLAF7	CDD:438828	35.616	73	38	2	20	92	1	64	3.47e-07	38.4
tr|Q8I616|Q8I616_PLAF7	CDD:438840	30.435	69	46	1	22	90	3	69	4.06e-07	38.5
tr|Q8I616|Q8I616_PLAF7	CDD:438827	33.333	72	47	1	21	92	1	71	4.17e-07	38.7
tr|Q8I616|Q8I616_PLAF7	CDD:438850	28.986	69	47	1	22	90	8	74	6.43e-07	38.1
tr|Q8I616|Q8I616_PLAF7	CDD:438801	31.818	66	43	1	22	87	3	66	1.45e-06	37.1
tr|Q8I616|Q8I616_PLAF7	CDD:438805	24.638	69	50	1	22	90	1	67	1.46e-06	37.0
tr|Q8I616|Q8I616_PLAF7	CDD:438793	29.310	58	39	1	21	78	1	56	2.17e-06	36.5
tr|Q8I616|Q8I616_PLAF7	CDD:438798	37.500	56	33	1	22	77	2	55	3.48e-06	35.7
tr|Q8I616|Q8I616_PLAF7	CDD:438800	32.143	56	36	1	22	77	1	54	5.60e-06	35.3
tr|Q8I616|Q8I616_PLAF7	CDD:438822	34.783	69	43	1	22	90	1	67	6.39e-06	35.1
tr|Q8I616|Q8I616_PLAF7	CDD:438847	28.986	69	47	1	22	90	13	79	1.06e-05	35.0
tr|Q8I616|Q8I616_PLAF7	CDD:438817	39.394	66	38	1	21	86	3	66	1.38e-05	34.2
tr|Q8I616|Q8I616_PLAF7	CDD:438804	30.303	66	41	2	22	87	1	61	1.56e-05	34.4
tr|Q8I616|Q8I616_PLAF7	CDD:438849	26.087	69	49	1	22	90	13	79	1.57e-05	34.7
tr|Q8I616|Q8I616_PLAF7	CDD:438844	27.536	69	48	1	22	90	9	75	2.50e-05	34.3
tr|Q8I616|Q8I616_PLAF7	CDD:438848	30.769	65	42	2	22	85	4	66	3.12e-05	33.7
tr|Q8I616|Q8I616_PLAF7	CDD:438839	30.769	65	42	2	22	85	3	65	4.39e-05	33.4
tr|Q8I616|Q8I616_PLAF7	CDD:438831	28.571	70	48	1	21	90	1	68	4.47e-05	33.2
tr|Q8I616|Q8I616_PLAF7	CDD:438838	30.435	69	46	1	22	90	3	69	4.55e-05	33.2
tr|Q8I616|Q8I616_PLAF7	CDD:438837	30.435	69	46	1	22	90	3	69	5.03e-05	33.1
tr|Q8I616|Q8I616_PLAF7	CDD:438841	28.986	69	47	1	22	90	3	69	8.81e-05	32.4
tr|Q8I617|Q8I617_PLAF7	CDD:426509	27.273	66	44	2	17	80	3	66	6.95e-10	45.3
tr|Q8I619|Q8I619_PLAF7	CDD:428644	30.000	140	89	3	7	137	1	140	1.54e-17	81.9
tr|Q8I625|Q8I625_PLAF7	CDD:350189	18.095	105	66	4	509	595	28	130	4.24e-07	44.5
tr|Q8I625|Q8I625_PLAF7	CDD:350181	25.000	124	87	4	490	609	13	134	2.17e-06	42.2
tr|Q8I625|Q8I625_PLAF7	CDD:350182	21.795	156	95	12	468	608	9	152	7.28e-06	41.0
tr|Q8I625|Q8I625_PLAF7	CDD:350183	23.214	112	72	4	507	606	39	148	1.56e-05	39.9
tr|Q8IAN4|Q8IAN4_PLAF7	CDD:350770	33.607	244	127	8	133	372	5	217	1.58e-52	178
tr|Q8IAN4|Q8IAN4_PLAF7	CDD:350180	47.706	109	57	0	627	735	27	135	3.03e-47	159
tr|Q8IAN4|Q8IAN4_PLAF7	CDD:350758	32.461	191	112	5	133	315	1	182	3.85e-32	118
tr|Q8IAR1|Q8IAR1_PLAF7	CDD:350181	27.778	90	65	0	730	819	41	130	6.65e-08	47.2
tr|Q8IAR1|Q8IAR1_PLAF7	CDD:350189	25.000	68	51	0	742	809	63	130	4.00e-07	45.3
tr|Q8IAU1|Q8IAU1_PLAF7	CDD:350189	32.110	109	58	3	648	741	28	135	1.65e-15	68.8
tr|Q8IAU1|Q8IAU1_PLAF7	CDD:350180	25.532	94	62	3	649	734	31	124	7.34e-15	66.7
tr|Q8IAU1|Q8IAU1_PLAF7	CDD:350181	22.581	93	72	0	648	740	33	125	1.53e-09	51.4
tr|Q8IAU1|Q8IAU1_PLAF7	CDD:350183	26.214	103	64	2	648	741	41	140	5.01e-09	50.3
tr|Q8IAU1|Q8IAU1_PLAF7	CDD:350786	24.503	151	86	5	400	550	18	140	8.27e-05	38.5
tr|Q8IAU5|Q8IAU5_PLAF7	CDD:431356	39.683	63	37	1	761	822	1	63	3.48e-18	73.6
tr|Q8IAW1|Q8IAW1_PLAF7	CDD:240775	39.216	51	31	0	179	229	2	52	2.14e-07	43.5
tr|Q8IAW1|Q8IAW1_PLAF7	CDD:409992	26.027	73	50	2	179	247	2	74	3.88e-07	42.8
tr|Q8IAW1|Q8IAW1_PLAF7	CDD:410155	29.787	47	33	0	179	225	5	51	2.06e-05	38.1
sp|Q8IAW3|RU1C_PLAF7	CDD:368798	57.895	38	16	0	1	38	1	38	3.26e-15	62.1
tr|Q8IAX8|Q8IAX8_PLAF7	CDD:426509	43.939	66	35	2	12	76	2	66	7.25e-19	72.6
tr|Q8IAZ3|Q8IAZ3_PLAF7	CDD:409992	35.294	51	33	0	192	242	7	57	2.78e-07	41.7
tr|Q8IAZ3|Q8IAZ3_PLAF7	CDD:409998	34.483	58	38	0	187	244	2	59	6.37e-07	40.8
tr|Q8IAZ3|Q8IAZ3_PLAF7	CDD:240775	38.596	57	35	0	189	245	4	60	1.44e-06	39.7
tr|Q8IAZ3|Q8IAZ3_PLAF7	CDD:241027	33.333	57	38	0	189	245	4	60	1.15e-05	37.3
tr|Q8IAZ3|Q8IAZ3_PLAF7	CDD:409761	28.571	56	35	1	185	240	1	51	5.00e-05	35.0
tr|Q8IB05|Q8IB05_PLAF7	CDD:410921	56.170	235	103	0	110	344	1	235	9.50e-129	362
tr|Q8IB05|Q8IB05_PLAF7	CDD:410868	56.223	233	102	0	110	342	1	233	2.21e-128	361
tr|Q8IB05|Q8IB05_PLAF7	CDD:434010	24.561	57	42	1	32	87	1	57	2.39e-06	38.6
tr|Q8IB14|Q8IB14_PLAF7	CDD:438792	51.351	74	34	1	20	93	10	81	2.12e-20	72.8
tr|Q8IB14|Q8IB14_PLAF7	CDD:438829	48.718	78	38	1	20	97	5	80	1.82e-18	68.0
tr|Q8IB14|Q8IB14_PLAF7	CDD:438796	34.247	73	46	1	23	95	1	71	4.81e-16	61.4
tr|Q8IB14|Q8IB14_PLAF7	CDD:395407	42.857	70	38	1	24	93	1	68	4.86e-15	58.8
tr|Q8IB14|Q8IB14_PLAF7	CDD:438789	47.541	61	30	1	26	86	1	59	2.47e-14	56.8
tr|Q8IB14|Q8IB14_PLAF7	CDD:438795	41.667	72	40	1	23	94	2	71	6.13e-14	55.9
tr|Q8IB14|Q8IB14_PLAF7	CDD:438810	37.681	69	41	1	26	94	1	67	2.30e-12	51.9
tr|Q8IB14|Q8IB14_PLAF7	CDD:430369	40.580	69	39	1	21	89	1	67	9.50e-12	50.5
tr|Q8IB14|Q8IB14_PLAF7	CDD:438823	40.000	70	40	1	24	93	1	68	6.86e-11	48.0
tr|Q8IB14|Q8IB14_PLAF7	CDD:438821	38.710	62	36	1	25	86	1	60	7.59e-11	47.7
tr|Q8IB14|Q8IB14_PLAF7	CDD:438832	34.211	76	48	1	20	93	4	79	1.02e-10	48.1
tr|Q8IB14|Q8IB14_PLAF7	CDD:438825	32.857	70	44	1	24	93	1	67	1.63e-10	47.1
tr|Q8IB14|Q8IB14_PLAF7	CDD:438826	34.286	70	44	1	24	93	1	68	1.16e-09	44.8
tr|Q8IB14|Q8IB14_PLAF7	CDD:438794	31.818	66	45	0	24	89	2	67	1.59e-09	44.6
tr|Q8IB14|Q8IB14_PLAF7	CDD:438833	31.579	76	50	1	20	95	17	90	1.67e-09	45.3
tr|Q8IB14|Q8IB14_PLAF7	CDD:438824	34.667	75	47	1	20	94	6	78	3.51e-09	44.2
tr|Q8IB14|Q8IB14_PLAF7	CDD:438799	28.378	74	51	1	20	93	1	72	3.80e-09	43.8
tr|Q8IB14|Q8IB14_PLAF7	CDD:438822	37.143	70	42	1	25	94	1	68	4.41e-09	43.6
tr|Q8IB14|Q8IB14_PLAF7	CDD:438849	30.000	70	47	1	25	94	13	80	5.51e-09	43.9
tr|Q8IB14|Q8IB14_PLAF7	CDD:438820	28.571	70	48	1	25	94	3	70	2.17e-08	41.8
tr|Q8IB14|Q8IB14_PLAF7	CDD:438828	32.877	73	40	2	23	95	1	64	2.71e-08	41.5
tr|Q8IB14|Q8IB14_PLAF7	CDD:438850	27.143	70	49	1	25	94	8	75	3.99e-08	41.6
tr|Q8IB14|Q8IB14_PLAF7	CDD:438834	30.556	72	48	1	24	95	2	71	5.99e-08	41.1
tr|Q8IB14|Q8IB14_PLAF7	CDD:438841	30.000	70	47	1	25	94	3	70	2.12e-07	39.3
tr|Q8IB14|Q8IB14_PLAF7	CDD:438827	33.784	74	46	2	24	96	1	72	2.24e-07	39.4
tr|Q8IB14|Q8IB14_PLAF7	CDD:438851	28.571	70	48	1	25	94	5	72	2.34e-07	39.3
tr|Q8IB14|Q8IB14_PLAF7	CDD:438848	33.846	65	40	2	25	88	4	66	2.55e-07	39.1
tr|Q8IB14|Q8IB14_PLAF7	CDD:438791	24.658	73	53	1	24	96	1	71	3.45e-07	38.7
tr|Q8IB14|Q8IB14_PLAF7	CDD:438817	36.364	66	40	1	24	89	3	66	1.39e-06	36.9
tr|Q8IB14|Q8IB14_PLAF7	CDD:438839	32.308	65	41	2	25	88	3	65	2.10e-06	36.9
tr|Q8IB14|Q8IB14_PLAF7	CDD:438806	30.508	59	39	1	25	83	3	59	5.28e-06	35.9
tr|Q8IB14|Q8IB14_PLAF7	CDD:438800	31.579	57	37	1	25	81	1	55	6.85e-06	34.9
tr|Q8IB14|Q8IB14_PLAF7	CDD:438837	27.778	72	50	1	25	96	3	72	8.17e-06	35.4
tr|Q8IB14|Q8IB14_PLAF7	CDD:438797	38.983	59	34	1	25	83	41	97	9.10e-06	35.6
tr|Q8IB14|Q8IB14_PLAF7	CDD:438793	26.786	56	39	1	24	79	1	54	1.38e-05	34.2
tr|Q8IB14|Q8IB14_PLAF7	CDD:438804	24.561	57	41	1	25	81	1	55	1.86e-05	34.0
tr|Q8IB14|Q8IB14_PLAF7	CDD:438844	25.714	70	50	1	25	94	9	76	4.65e-05	33.5
tr|Q8IB14|Q8IB14_PLAF7	CDD:438847	23.611	72	53	1	25	96	13	82	4.83e-05	33.5
tr|Q8IB14|Q8IB14_PLAF7	CDD:438798	33.929	56	35	1	25	80	2	55	9.06e-05	32.2
tr|Q8IB14|Q8IB14_PLAF7	CDD:438846	23.611	72	53	1	25	96	13	82	9.76e-05	32.8
tr|Q8IB66|Q8IB66_PLAF7	CDD:409992	36.923	65	38	2	8	70	1	64	2.23e-08	44.7
tr|Q8IB66|Q8IB66_PLAF7	CDD:409992	27.586	58	41	1	152	208	2	59	3.85e-05	35.9
tr|Q8IB66|Q8IB66_PLAF7	CDD:409761	31.250	48	29	2	7	54	1	44	4.00e-08	43.8
tr|Q8IB66|Q8IB66_PLAF7	CDD:409761	29.630	54	34	1	152	205	3	52	3.92e-06	38.5
tr|Q8IB66|Q8IB66_PLAF7	CDD:240775	30.000	60	39	2	8	65	1	59	2.53e-07	42.0
tr|Q8IB66|Q8IB66_PLAF7	CDD:410154	35.385	65	39	2	8	70	4	67	5.22e-07	41.2
tr|Q8IB66|Q8IB66_PLAF7	CDD:410154	31.579	57	38	1	152	207	5	61	8.07e-06	37.7
tr|Q8IB66|Q8IB66_PLAF7	CDD:410156	33.846	65	40	2	8	70	4	67	1.74e-06	39.7
tr|Q8IB66|Q8IB66_PLAF7	CDD:409998	30.508	59	40	1	8	65	1	59	8.18e-06	37.7
tr|Q8IB66|Q8IB66_PLAF7	CDD:410155	34.426	61	37	2	8	66	4	63	9.79e-06	37.7
tr|Q8IBA2|Q8IBA2_PLAF7	CDD:350180	25.893	112	81	2	389	499	12	122	7.80e-11	55.6
tr|Q8IBA2|Q8IBA2_PLAF7	CDD:350680	27.273	121	80	5	198	313	2	119	1.14e-06	44.1
tr|Q8IBA2|Q8IBA2_PLAF7	CDD:350678	46.429	28	15	0	187	214	17	44	3.15e-05	40.6
tr|Q8IBI4|Q8IBI4_PLAF7	CDD:238192	16.667	144	104	3	254	385	86	225	1.27e-12	63.0
tr|Q8IBK1|Q8IBK1_PLAF7	CDD:350215	24.272	206	117	6	10	194	3	190	2.29e-24	98.2
tr|Q8IBK1|Q8IBK1_PLAF7	CDD:188621	37.349	83	42	2	336	418	1	73	7.52e-23	88.0
tr|Q8IBK1|Q8IBK1_PLAF7	CDD:188628	29.412	85	46	3	336	418	1	73	2.08e-16	69.5
tr|Q8IBK1|Q8IBK1_PLAF7	CDD:188617	26.923	78	47	2	336	413	1	68	1.48e-14	64.2
tr|Q8IBK1|Q8IBK1_PLAF7	CDD:188627	33.735	83	42	3	336	418	1	70	1.30e-13	61.4
tr|Q8IBK1|Q8IBK1_PLAF7	CDD:188616	29.730	74	49	1	336	409	1	71	5.32e-11	54.3
tr|Q8IBN8|Q8IBN8_PLAF7	CDD:350774	29.710	138	60	9	211	334	33	147	3.66e-05	39.8
tr|Q8IBQ5|Q8IBQ5_PLAF7	CDD:427337	61.957	92	35	0	14	105	1	92	1.21e-54	161
tr|Q8IBT6|Q8IBT6_PLAF7	CDD:199899	27.358	106	39	4	101	197	26	102	6.49e-07	40.6
tr|Q8IBV7|Q8IBV7_PLAF7	CDD:425478	17.647	102	78	3	2	98	27	127	3.08e-14	59.0
tr|Q8IBY6|Q8IBY6_PLAF7	CDD:410962	32.099	81	48	2	230	306	20	97	1.68e-06	40.7
tr|Q8IBY6|Q8IBY6_PLAF7	CDD:410963	25.000	96	68	4	213	306	2	95	2.39e-05	37.4
tr|Q8IC35|Q8IC35_PLAF7	CDD:350195	37.113	194	110	6	1995	2187	1	183	1.59e-52	177
tr|Q8IC35|Q8IC35_PLAF7	CDD:350173	22.353	85	58	2	2085	2168	12	89	1.71e-08	48.2
tr|Q8ID37|Q8ID37_PLAF7	CDD:409992	31.507	73	45	2	100	167	2	74	1.26e-09	49.0
tr|Q8ID37|Q8ID37_PLAF7	CDD:240775	31.507	73	45	2	100	167	2	74	2.68e-08	45.0
tr|Q8ID37|Q8ID37_PLAF7	CDD:409997	37.736	53	32	1	95	146	2	54	2.77e-08	45.3
tr|Q8ID37|Q8ID37_PLAF7	CDD:410154	29.333	75	48	2	98	167	3	77	3.84e-08	45.0
tr|Q8ID37|Q8ID37_PLAF7	CDD:410155	32.000	75	46	2	98	167	3	77	4.90e-08	44.7
tr|Q8ID37|Q8ID37_PLAF7	CDD:409998	34.043	47	30	1	100	145	2	48	5.77e-06	38.4
tr|Q8ID37|Q8ID37_PLAF7	CDD:410156	28.000	75	49	2	98	167	3	77	7.64e-06	38.5
tr|Q8ID37|Q8ID37_PLAF7	CDD:241027	33.333	48	31	1	100	146	2	49	1.66e-05	37.3
tr|Q8ID37|Q8ID37_PLAF7	CDD:409761	31.915	47	26	2	100	145	3	44	9.38e-05	35.0
tr|Q8ID85|Q8ID85_PLAF7	CDD:410864	35.556	45	25	1	66	110	22	62	1.03e-05	41.0
tr|Q8IDA4|Q8IDA4_PLAF7	CDD:410155	26.316	76	55	1	51	126	4	78	2.89e-06	38.1
tr|Q8IDA4|Q8IDA4_PLAF7	CDD:409992	27.632	76	54	1	51	126	1	75	3.02e-06	38.2
tr|Q8IDA4|Q8IDA4_PLAF7	CDD:410154	25.000	76	56	1	51	126	4	78	3.27e-06	38.1
tr|Q8IDA4|Q8IDA4_PLAF7	CDD:410156	27.632	76	54	1	51	126	4	78	2.11e-05	35.8
tr|Q8IDA4|Q8IDA4_PLAF7	CDD:240775	25.000	76	56	1	51	126	1	75	2.16e-05	35.8
tr|Q8IDB5|Q8IDB5_PLAF7	CDD:438827	25.000	76	52	1	6	81	1	71	6.31e-15	62.6
tr|Q8IDB5|Q8IDB5_PLAF7	CDD:430369	30.263	76	47	1	4	79	2	71	1.37e-14	61.7
tr|Q8IDB5|Q8IDB5_PLAF7	CDD:438789	34.375	64	36	1	9	72	2	59	5.95e-13	56.8
tr|Q8IDB5|Q8IDB5_PLAF7	CDD:395407	34.211	76	40	2	6	79	1	68	1.22e-12	56.1
tr|Q8IDB5|Q8IDB5_PLAF7	CDD:438796	29.333	75	47	1	6	80	2	70	4.93e-12	54.9
tr|Q8IDB5|Q8IDB5_PLAF7	CDD:438795	29.333	75	47	1	6	80	3	71	1.25e-11	53.6
tr|Q8IDB5|Q8IDB5_PLAF7	CDD:438829	35.366	82	44	2	3	81	3	78	1.15e-10	51.0
tr|Q8IDB5|Q8IDB5_PLAF7	CDD:438824	31.646	79	48	1	2	80	6	78	2.18e-10	50.3
tr|Q8IDB5|Q8IDB5_PLAF7	CDD:438794	31.944	72	45	1	5	76	1	68	3.01e-10	49.6
tr|Q8IDB5|Q8IDB5_PLAF7	CDD:438832	29.577	71	48	1	6	76	8	76	2.24e-09	47.3
tr|Q8IDB5|Q8IDB5_PLAF7	CDD:438828	30.263	76	40	2	6	81	2	64	3.65e-09	46.5
tr|Q8IDB5|Q8IDB5_PLAF7	CDD:438833	28.750	80	51	1	2	81	17	90	3.77e-09	47.6
tr|Q8IDB5|Q8IDB5_PLAF7	CDD:438830	35.211	71	37	2	6	76	1	62	3.86e-09	46.2
tr|Q8IDB5|Q8IDB5_PLAF7	CDD:438792	32.051	78	47	1	2	79	10	81	5.04e-09	46.6
tr|Q8IDB5|Q8IDB5_PLAF7	CDD:438810	30.556	72	44	1	9	80	2	67	6.33e-09	45.8
tr|Q8IDB5|Q8IDB5_PLAF7	CDD:438822	35.135	74	42	1	7	80	1	68	1.62e-08	44.8
tr|Q8IDB5|Q8IDB5_PLAF7	CDD:438826	31.081	74	45	1	6	79	1	68	2.62e-08	44.1
tr|Q8IDB5|Q8IDB5_PLAF7	CDD:438823	36.486	74	41	1	6	79	1	68	1.20e-07	42.2
tr|Q8IDB5|Q8IDB5_PLAF7	CDD:438834	32.000	75	45	2	6	80	2	70	1.67e-07	42.3
tr|Q8IDB5|Q8IDB5_PLAF7	CDD:438791	23.438	64	43	1	6	69	1	58	2.61e-07	41.4
tr|Q8IDB5|Q8IDB5_PLAF7	CDD:438821	27.273	66	42	1	7	72	1	60	2.98e-07	41.1
tr|Q8IDB5|Q8IDB5_PLAF7	CDD:438819	31.646	79	43	4	5	81	2	71	4.19e-07	41.1
tr|Q8IDB5|Q8IDB5_PLAF7	CDD:438799	19.481	77	56	1	4	80	3	73	6.03e-07	40.4
tr|Q8IDB5|Q8IDB5_PLAF7	CDD:438803	28.409	88	53	1	5	92	20	97	6.07e-07	41.2
tr|Q8IDB5|Q8IDB5_PLAF7	CDD:438800	33.333	30	20	0	41	70	29	58	1.34e-06	39.1
tr|Q8IDB5|Q8IDB5_PLAF7	CDD:438820	36.111	36	23	0	40	75	30	65	1.65e-06	39.5
tr|Q8IDB5|Q8IDB5_PLAF7	CDD:438801	44.444	36	20	0	41	76	31	66	5.20e-06	37.9
tr|Q8IDB5|Q8IDB5_PLAF7	CDD:438825	30.000	40	28	0	40	79	28	67	8.34e-06	37.1
tr|Q8IDB5|Q8IDB5_PLAF7	CDD:438817	22.222	72	50	1	4	75	1	66	1.04e-05	36.9
tr|Q8IDB5|Q8IDB5_PLAF7	CDD:438802	32.394	71	41	2	6	76	1	64	2.38e-05	36.0
tr|Q8IDB5|Q8IDB5_PLAF7	CDD:395650	15.152	66	55	1	97	162	1	65	6.39e-05	34.5
tr|Q8IDB7|Q8IDB7_PLAF7	CDD:409992	32.143	84	44	2	185	266	1	73	7.07e-10	49.7
tr|Q8IDB7|Q8IDB7_PLAF7	CDD:409992	38.596	57	35	0	86	142	1	57	1.89e-08	45.9
tr|Q8IDB7|Q8IDB7_PLAF7	CDD:410156	32.558	86	45	2	185	268	4	78	2.19e-08	45.8
tr|Q8IDB7|Q8IDB7_PLAF7	CDD:410156	34.483	58	38	0	86	143	4	61	3.47e-07	42.3
tr|Q8IDB7|Q8IDB7_PLAF7	CDD:410154	34.483	58	38	0	86	143	4	61	2.56e-08	45.8
tr|Q8IDB7|Q8IDB7_PLAF7	CDD:410154	29.070	86	48	2	185	268	4	78	3.23e-08	45.4
tr|Q8IDB7|Q8IDB7_PLAF7	CDD:410154	34.483	58	38	0	371	428	5	62	1.44e-05	37.7
tr|Q8IDB7|Q8IDB7_PLAF7	CDD:410155	32.759	58	39	0	86	143	4	61	3.07e-08	45.4
tr|Q8IDB7|Q8IDB7_PLAF7	CDD:410155	26.744	86	50	2	185	268	4	78	1.01e-06	41.2
tr|Q8IDB7|Q8IDB7_PLAF7	CDD:240775	30.000	70	43	2	185	249	1	69	3.49e-08	45.0
tr|Q8IDB7|Q8IDB7_PLAF7	CDD:240775	26.923	52	38	0	371	422	2	53	1.95e-05	37.3
tr|Q8IDB7|Q8IDB7_PLAF7	CDD:409761	35.185	54	30	1	185	238	2	50	1.45e-07	43.1
tr|Q8IDB7|Q8IDB7_PLAF7	CDD:409761	34.000	50	28	1	86	135	2	46	8.93e-06	38.1
tr|Q8IDB7|Q8IDB7_PLAF7	CDD:409998	30.769	52	36	0	185	236	1	52	2.43e-07	42.7
tr|Q8IDB7|Q8IDB7_PLAF7	CDD:241027	34.615	52	34	0	185	236	1	52	4.03e-07	41.9
tr|Q8IDB7|Q8IDB7_PLAF7	CDD:409997	29.231	65	42	1	185	249	6	66	2.01e-05	37.2
tr|Q8IDD0|Q8IDD0_PLAF7	CDD:350180	38.095	126	77	1	644	769	11	135	9.44e-45	152
tr|Q8IDD0|Q8IDD0_PLAF7	CDD:350770	28.061	196	113	12	352	529	4	189	9.67e-29	109
tr|Q8IDD0|Q8IDD0_PLAF7	CDD:350758	24.868	189	100	9	353	509	1	179	1.80e-16	73.1
tr|Q8IDD0|Q8IDD0_PLAF7	CDD:350787	27.966	118	66	7	348	456	4	111	6.44e-08	47.7
tr|Q8IDH3|Q8IDH3_PLAF7	CDD:350195	31.183	186	114	5	2292	2471	1	178	1.26e-41	146
tr|Q8IDM7|Q8IDM7_PLAF7	CDD:238110	24.085	519	251	8	169	683	2	381	2.01e-104	318
tr|Q8IDN4|Q8IDN4_PLAF7	CDD:426509	42.857	63	34	2	13	73	1	63	3.95e-13	56.8
tr|Q8IDQ5|Q8IDQ5_PLAF7	CDD:350180	35.762	151	75	1	1238	1388	7	135	1.56e-44	152
tr|Q8IDQ5|Q8IDQ5_PLAF7	CDD:350770	22.368	304	120	9	680	977	25	218	2.65e-33	123
tr|Q8IDQ5|Q8IDQ5_PLAF7	CDD:350758	19.101	267	99	6	680	932	21	184	7.90e-14	65.8
tr|Q8IDQ6|Q8IDQ6_PLAF7	CDD:430251	24.138	174	122	5	543	710	4	173	7.41e-40	139
tr|Q8IDV2|Q8IDV2_PLAF7	CDD:396121	28.571	105	73	2	327	430	1	104	4.07e-15	65.7
sp|Q8IDX6|RBP2A_PLAF7	CDD:370664	31.868	91	60	2	2742	2831	6	95	4.85e-09	52.7
sp|Q8IDX6|RBP2A_PLAF7	CDD:370664	29.293	99	68	2	2792	2889	6	103	2.09e-08	51.2
tr|Q8IDY9|Q8IDY9_PLAF7	CDD:350195	17.538	325	117	6	987	1309	8	183	4.88e-27	103
tr|Q8IDZ1|Q8IDZ1_PLAF7	CDD:425478	46.617	133	62	2	35	167	4	127	3.04e-44	137
tr|Q8IE01|Q8IE01_PLAF7	CDD:350189	30.159	126	64	5	307	412	12	133	1.37e-12	59.5
tr|Q8IE01|Q8IE01_PLAF7	CDD:350183	27.193	114	73	4	304	411	28	137	6.49e-09	49.2
tr|Q8IE01|Q8IE01_PLAF7	CDD:350181	30.556	108	71	2	310	417	23	126	6.39e-07	43.0
tr|Q8IE01|Q8IE01_PLAF7	CDD:350786	22.581	124	86	4	104	227	14	127	1.01e-05	40.4
tr|Q8IE18|Q8IE18_PLAF7	CDD:409761	28.070	57	40	1	432	487	1	57	8.45e-07	41.2
tr|Q8IE49|Q8IE49_PLAF7	CDD:132723	26.740	546	154	8	1782	2327	1	300	7.85e-88	283
tr|Q8IE49|Q8IE49_PLAF7	CDD:132720	25.627	558	243	11	1782	2332	18	410	1.53e-65	223
tr|Q8IE49|Q8IE49_PLAF7	CDD:132725	25.458	546	184	8	1790	2333	39	363	8.13e-61	208
tr|Q8IE49|Q8IE49_PLAF7	CDD:132722	19.455	550	201	10	1782	2330	1	309	1.14e-36	136
tr|Q8IE49|Q8IE49_PLAF7	CDD:132719	42.202	109	63	0	2218	2326	50	158	1.90e-32	119
tr|Q8IE49|Q8IE49_PLAF7	CDD:132719	75.000	52	13	0	1791	1842	1	52	4.76e-25	97.9
tr|Q8IE49|Q8IE49_PLAF7	CDD:132721	51.724	58	27	1	1791	1848	6	62	1.05e-16	75.3
tr|Q8IE49|Q8IE49_PLAF7	CDD:132721	23.841	151	77	3	2213	2325	53	203	1.22e-07	48.7
tr|Q8IE99|Q8IE99_PLAF7	CDD:409992	40.323	62	34	1	587	648	1	59	1.90e-12	57.8
tr|Q8IE99|Q8IE99_PLAF7	CDD:409992	23.377	77	51	2	494	570	7	75	3.17e-05	37.4
tr|Q8IE99|Q8IE99_PLAF7	CDD:410155	35.484	62	37	1	587	648	4	62	6.16e-09	48.1
tr|Q8IE99|Q8IE99_PLAF7	CDD:410154	35.484	62	37	1	587	648	4	62	4.96e-08	45.4
tr|Q8IE99|Q8IE99_PLAF7	CDD:410156	35.484	62	37	1	587	648	4	62	6.81e-08	45.0
tr|Q8IE99|Q8IE99_PLAF7	CDD:240775	30.380	79	51	3	587	665	1	75	1.42e-07	43.9
tr|Q8IE99|Q8IE99_PLAF7	CDD:409997	31.646	79	50	3	587	665	6	80	6.05e-07	42.2
tr|Q8IE99|Q8IE99_PLAF7	CDD:409998	35.294	51	30	2	587	637	1	48	1.01e-06	41.5
tr|Q8IEA2|Q8IEA2_PLAF7	CDD:403958	59.459	37	14	1	39	74	2	38	3.56e-15	57.5
sp|Q8IEF6|MYB1_PLAF7	CDD:238096	40.000	45	26	1	275	319	1	44	8.35e-08	42.9
sp|Q8IEF6|MYB1_PLAF7	CDD:372817	36.232	69	35	3	276	344	1	60	2.69e-07	41.9
sp|Q8IEF6|MYB1_PLAF7	CDD:212557	36.170	47	27	2	272	318	4	47	8.21e-06	37.3
tr|Q8IEN3|Q8IEN3_PLAF7	CDD:426982	44.304	79	43	1	1090	1168	1	78	2.21e-30	110
tr|Q8IEN4|Q8IEN4_PLAF7	CDD:395650	24.138	58	38	1	24	81	11	62	8.56e-09	44.1
tr|Q8IEP2|Q8IEP2_PLAF7	CDD:350680	26.519	181	95	8	191	351	2	164	6.55e-15	67.2
tr|Q8IEP2|Q8IEP2_PLAF7	CDD:350786	27.545	167	98	8	189	349	16	165	1.85e-09	51.6
tr|Q8IEP2|Q8IEP2_PLAF7	CDD:350678	22.642	159	94	9	161	310	1	139	5.60e-05	38.7
tr|Q8IES4|Q8IES4_PLAF7	CDD:185710	59.817	219	88	0	525	743	1	219	5.38e-136	400
tr|Q8IES4|Q8IES4_PLAF7	CDD:153438	64.384	146	50	1	748	893	1	144	5.32e-89	273
tr|Q8IES4|Q8IES4_PLAF7	CDD:185711	36.744	215	124	9	531	742	2	207	1.54e-59	196
tr|Q8IES4|Q8IES4_PLAF7	CDD:185709	32.394	213	128	8	534	742	1	201	2.07e-54	182
tr|Q8IES4|Q8IES4_PLAF7	CDD:153435	45.865	133	68	2	749	881	1	129	3.17e-47	159
tr|Q8IES4|Q8IES4_PLAF7	CDD:185713	31.507	219	140	4	533	745	11	225	7.13e-45	155
tr|Q8IES4|Q8IES4_PLAF7	CDD:185712	34.884	215	124	7	532	743	12	213	9.30e-38	135
tr|Q8IES4|Q8IES4_PLAF7	CDD:185715	26.087	207	134	7	534	740	1	188	1.09e-31	116
tr|Q8IES4|Q8IES4_PLAF7	CDD:153441	33.094	139	74	2	749	887	1	120	1.85e-28	104
tr|Q8IES4|Q8IES4_PLAF7	CDD:153436	32.653	147	84	4	747	886	1	139	5.59e-25	95.9
tr|Q8IES4|Q8IES4_PLAF7	CDD:153437	31.333	150	80	5	748	884	1	140	6.25e-20	81.5
tr|Q8IES4|Q8IES4_PLAF7	CDD:185716	25.792	221	117	9	559	743	26	235	3.87e-19	82.1
tr|Q8IES4|Q8IES4_PLAF7	CDD:185708	24.528	212	140	11	537	742	8	205	2.98e-18	78.4
tr|Q8IES4|Q8IES4_PLAF7	CDD:153442	24.800	125	77	2	749	873	1	108	2.82e-17	72.7
tr|Q8IES4|Q8IES4_PLAF7	CDD:153440	26.923	130	70	8	754	879	5	113	1.23e-12	59.5
tr|Q8IES4|Q8IES4_PLAF7	CDD:185714	25.116	215	129	11	534	740	1	191	2.62e-12	61.1
tr|Q8IES4|Q8IES4_PLAF7	CDD:185707	24.084	191	95	11	562	741	23	174	4.56e-11	56.8
tr|Q8IET9|Q8IET9_PLAF7	CDD:350195	23.127	307	112	5	2275	2580	1	184	1.43e-41	146
tr|Q8IET9|Q8IET9_PLAF7	CDD:350173	15.000	60	49	1	2375	2432	10	69	6.15e-06	41.3
tr|Q8IFN9|Q8IFN9_PLAF7	CDD:350181	29.703	101	71	0	259	359	33	133	1.62e-15	67.2
tr|Q8IFN9|Q8IFN9_PLAF7	CDD:350180	22.105	95	66	2	259	345	30	124	2.05e-13	61.3
tr|Q8IFN9|Q8IFN9_PLAF7	CDD:350189	21.875	128	85	1	234	346	3	130	2.64e-13	61.1
tr|Q8IFN9|Q8IFN9_PLAF7	CDD:350183	26.984	63	46	0	287	349	75	137	3.77e-06	40.7
tr|Q8IFN9|Q8IFN9_PLAF7	CDD:350680	21.893	169	111	8	54	206	1	164	1.33e-05	39.5
tr|Q8IFP1|Q8IFP1_PLAF7	CDD:350182	35.533	197	79	3	1002	1193	1	154	1.80e-56	188
tr|Q8IFP1|Q8IFP1_PLAF7	CDD:350182	29.670	91	62	1	2306	2396	65	153	4.26e-11	57.9
tr|Q8IFP1|Q8IFP1_PLAF7	CDD:350786	35.928	167	91	6	714	879	1	152	5.20e-30	113
tr|Q8IFP1|Q8IFP1_PLAF7	CDD:350786	24.409	127	84	5	1820	1941	33	152	3.40e-06	44.2
tr|Q8IFP1|Q8IFP1_PLAF7	CDD:350680	32.468	154	87	7	732	877	2	146	1.43e-23	94.2
tr|Q8IFP1|Q8IFP1_PLAF7	CDD:350183	21.053	152	76	6	1030	1179	28	137	7.34e-08	48.4
tr|Q8IFP2|Q8IFP2_PLAF7	CDD:426041	46.377	138	73	1	28	165	1	137	2.50e-68	198
tr|Q8IHM0|Q8IHM0_PLAF7	CDD:238023	42.308	26	15	0	1545	1570	4	29	5.98e-05	36.9
tr|Q8IHQ2|Q8IHQ2_PLAF7	CDD:395650	43.939	66	36	1	1132	1197	1	65	1.03e-22	87.3
tr|Q8IHT5|Q8IHT5_PLAF7	CDD:425904	37.255	51	30	1	1367	1415	2	52	6.91e-11	53.4
tr|Q8IHV8|Q8IHV8_PLAF7	CDD:425653	42.308	52	18	2	45	96	1	40	1.54e-08	47.2
tr|Q8IHV8|Q8IHV8_PLAF7	CDD:349312	34.211	38	24	1	64	101	20	56	5.14e-05	37.8
tr|Q8IHX2|Q8IHX2_PLAF7	CDD:425904	41.176	51	30	0	287	337	1	51	3.76e-15	66.1
tr|Q8IHX4|Q8IHX4_PLAF7	CDD:409992	40.000	60	32	2	1086	1141	1	60	2.71e-10	52.8
tr|Q8IHX4|Q8IHX4_PLAF7	CDD:410155	39.655	58	34	1	1086	1142	4	61	3.36e-08	47.0
tr|Q8IHX4|Q8IHX4_PLAF7	CDD:410154	32.308	65	43	1	1086	1149	4	68	9.78e-07	42.7
tr|Q8IHX4|Q8IHX4_PLAF7	CDD:409997	34.921	63	39	2	1081	1142	1	62	1.27e-05	39.5
tr|Q8IHX4|Q8IHX4_PLAF7	CDD:410156	32.308	65	43	1	1086	1149	4	68	3.24e-05	38.5
tr|Q8IHX4|Q8IHX4_PLAF7	CDD:409761	32.727	55	33	1	1086	1140	2	52	6.54e-05	37.3
tr|Q8IHX4|Q8IHX4_PLAF7	CDD:241027	27.941	68	48	1	1086	1152	1	68	8.57e-05	36.9
tr|Q8II01|Q8II01_PLAF7	CDD:425754	20.661	121	91	4	874	993	1	117	3.72e-13	61.6
tr|Q8II01|Q8II01_PLAF7	CDD:395448	25.000	80	60	0	776	855	26	105	2.15e-09	50.4
tr|Q8II01|Q8II01_PLAF7	CDD:395448	23.404	94	69	2	46	137	11	103	1.13e-06	42.7
tr|Q8II01|Q8II01_PLAF7	CDD:395448	22.000	100	74	1	301	396	7	106	4.53e-06	40.8
tr|Q8II68|Q8II68_PLAF7	CDD:425841	32.773	119	75	4	216	329	1	119	4.07e-28	104
tr|Q8II68|Q8II68_PLAF7	CDD:239523	24.561	57	40	1	541	597	65	118	8.24e-05	36.9
tr|Q8II71|Q8II71_PLAF7	CDD:396121	24.762	105	79	0	258	362	1	105	9.61e-15	64.2
tr|Q8II81|Q8II81_PLAF7	CDD:238045	41.818	55	32	0	76	130	1	55	1.60e-12	53.3
tr|Q8II81|Q8II81_PLAF7	CDD:396104	38.462	52	32	0	79	130	1	52	1.93e-11	50.2
tr|Q8II81|Q8II81_PLAF7	CDD:433309	26.829	41	30	0	74	114	1	41	3.74e-06	36.7
tr|Q8II81|Q8II81_PLAF7	CDD:403907	35.294	51	33	0	79	129	4	54	2.12e-05	34.6
tr|Q8II95|Q8II95_PLAF7	CDD:409992	35.714	70	44	1	8	77	2	70	2.53e-09	49.0
tr|Q8II95|Q8II95_PLAF7	CDD:240775	28.000	75	53	1	8	82	2	75	1.58e-07	43.9
tr|Q8II95|Q8II95_PLAF7	CDD:241027	33.333	63	42	0	8	70	2	64	1.72e-07	43.8
tr|Q8II95|Q8II95_PLAF7	CDD:410154	32.836	67	44	1	8	74	5	70	2.26e-07	43.9
tr|Q8II95|Q8II95_PLAF7	CDD:409997	32.000	75	50	1	8	82	7	80	3.70e-07	43.0
tr|Q8II95|Q8II95_PLAF7	CDD:409761	25.974	77	44	5	6	79	1	67	5.17e-07	42.3
tr|Q8II95|Q8II95_PLAF7	CDD:410155	31.343	67	45	1	8	74	5	70	1.16e-06	41.6
tr|Q8II95|Q8II95_PLAF7	CDD:410156	32.836	67	44	1	8	74	5	70	8.27e-06	39.3
tr|Q8II95|Q8II95_PLAF7	CDD:409998	29.412	51	36	0	8	58	2	52	1.73e-05	38.1
tr|Q8IIA2|Q8IIA2_PLAF7	CDD:425669	48.062	129	45	1	16	144	1	107	1.10e-44	137
sp|Q8IIG1|YK213_PLAF7	CDD:370664	31.443	194	124	3	2329	2519	1	188	2.46e-54	182
tr|Q8III2|Q8III2_PLAF7	CDD:407644	59.259	54	22	0	331	384	2	55	1.15e-24	91.5
tr|Q8III2|Q8III2_PLAF7	CDD:432022	39.394	33	20	0	258	290	23	55	1.37e-08	45.7
tr|Q8III2|Q8III2_PLAF7	CDD:350844	33.333	33	22	0	262	294	25	57	4.45e-06	39.0
tr|Q8IIK9|Q8IIK9_PLAF7	CDD:425904	37.778	45	28	0	180	224	1	45	1.48e-07	41.5
tr|Q8IIS4|Q8IIS4_PLAF7	CDD:425904	37.255	51	28	2	1488	1538	1	47	5.69e-07	42.6
tr|Q8IIS8|Q8IIS8_PLAF7	CDD:410921	76.170	235	56	0	112	346	1	235	0.0	506
tr|Q8IIS8|Q8IIS8_PLAF7	CDD:410868	72.414	232	64	0	113	344	2	233	9.60e-144	401
tr|Q8IIT2|Q8IIT2_PLAF7	CDD:409761	34.177	79	44	2	502	580	1	71	4.75e-30	107
tr|Q8IIT2|Q8IIT2_PLAF7	CDD:409761	28.000	75	48	2	227	301	2	70	9.17e-14	60.8
tr|Q8IIT2|Q8IIT2_PLAF7	CDD:409992	38.889	72	42	1	503	574	1	70	2.45e-17	71.3
tr|Q8IIT2|Q8IIT2_PLAF7	CDD:409992	22.857	70	54	0	227	296	1	70	6.68e-14	61.7
tr|Q8IIT2|Q8IIT2_PLAF7	CDD:240775	50.000	72	34	1	503	574	1	70	1.95e-16	68.5
tr|Q8IIT2|Q8IIT2_PLAF7	CDD:240775	36.000	75	48	0	227	301	1	75	2.38e-13	59.7
tr|Q8IIT2|Q8IIT2_PLAF7	CDD:409997	44.156	77	41	1	503	579	6	80	1.70e-13	60.3
tr|Q8IIT2|Q8IIT2_PLAF7	CDD:409997	29.333	75	53	0	227	301	6	80	6.03e-10	50.3
tr|Q8IIT2|Q8IIT2_PLAF7	CDD:409998	39.062	64	39	0	503	566	1	64	6.24e-13	58.9
tr|Q8IIT2|Q8IIT2_PLAF7	CDD:409998	26.667	75	55	0	227	301	1	75	2.80e-08	45.4
tr|Q8IIT2|Q8IIT2_PLAF7	CDD:410155	38.356	73	41	2	503	574	4	73	1.37e-11	55.1
tr|Q8IIT2|Q8IIT2_PLAF7	CDD:410155	28.169	71	51	0	224	294	1	71	2.27e-11	54.7
tr|Q8IIT2|Q8IIT2_PLAF7	CDD:241027	43.548	62	35	0	503	564	1	62	1.88e-11	54.6
tr|Q8IIT2|Q8IIT2_PLAF7	CDD:241027	26.667	75	55	0	227	301	1	75	7.73e-07	41.5
tr|Q8IIT2|Q8IIT2_PLAF7	CDD:410154	37.500	72	43	1	503	574	4	73	8.51e-11	52.8
tr|Q8IIT2|Q8IIT2_PLAF7	CDD:410154	26.471	68	50	0	227	294	4	71	1.25e-08	46.6
tr|Q8IIT2|Q8IIT2_PLAF7	CDD:410156	37.500	72	43	1	503	574	4	73	1.89e-08	46.2
tr|Q8IIT2|Q8IIT2_PLAF7	CDD:410156	26.471	68	50	0	227	294	4	71	1.46e-07	43.9
tr|Q8IIT6|Q8IIT6_PLAF7	CDD:350195	36.842	152	75	5	857	1000	43	181	7.40e-36	128
tr|Q8IIT6|Q8IIT6_PLAF7	CDD:350173	27.381	84	50	2	901	984	17	89	1.45e-09	50.1
tr|Q8IIT7|Q8IIT7_PLAF7	CDD:350180	16.456	79	60	3	926	1000	28	104	3.47e-05	39.4
tr|Q8IIV1|Q8IIV1_PLAF7	CDD:425478	22.917	96	70	1	3	94	32	127	2.31e-14	59.4
tr|Q8IIV2|Q8IIV2_PLAF7	CDD:238031	79.762	84	17	0	18	101	2	85	1.21e-43	131
tr|Q8IIV2|Q8IIV2_PLAF7	CDD:434768	28.169	71	46	2	32	97	10	80	3.37e-06	37.0
tr|Q8IIW0|Q8IIW0_PLAF7	CDD:350770	36.444	225	136	3	318	542	1	218	5.19e-63	208
tr|Q8IIW0|Q8IIW0_PLAF7	CDD:350180	51.181	127	61	1	625	751	10	135	4.61e-60	196
tr|Q8IIW0|Q8IIW0_PLAF7	CDD:350758	36.022	186	106	2	324	497	3	187	2.42e-48	165
tr|Q8IIW2|Q8IIW2_PLAF7	CDD:408077	48.193	83	34	1	1	74	1	83	2.96e-23	88.2
tr|Q8IIW2|Q8IIW2_PLAF7	CDD:427328	36.765	68	42	1	308	375	1	67	3.02e-21	82.1
tr|Q8IJ31|Q8IJ31_PLAF7	CDD:350787	60.355	169	64	1	380	548	2	167	4.44e-89	274
tr|Q8IJ31|Q8IJ31_PLAF7	CDD:350180	26.316	114	73	5	614	719	12	122	4.11e-12	58.6
tr|Q8IJ90|Q8IJ90_PLAF7	CDD:350189	28.125	128	66	4	768	872	6	130	2.96e-15	68.0
tr|Q8IJ90|Q8IJ90_PLAF7	CDD:350180	26.016	123	82	4	761	877	5	124	1.79e-14	65.6
tr|Q8IJ90|Q8IJ90_PLAF7	CDD:350181	30.252	119	81	1	762	878	8	126	1.00e-12	60.7
tr|Q8IJ90|Q8IJ90_PLAF7	CDD:350183	30.159	63	44	0	813	875	75	137	2.95e-08	48.0
tr|Q8IJ90|Q8IJ90_PLAF7	CDD:350182	21.387	173	91	10	730	883	4	150	1.89e-07	46.0
tr|Q8IJA0|Q8IJA0_PLAF7	CDD:396121	21.101	109	79	4	245	351	2	105	3.50e-09	48.4
tr|Q8IJA6|Q8IJA6_PLAF7	CDD:412052	24.088	137	94	6	562	694	111	241	1.49e-13	68.4
tr|Q8IJA6|Q8IJA6_PLAF7	CDD:412052	23.077	78	55	2	96	168	1	78	6.41e-05	41.0
tr|Q8IJG3|Q8IJG3_PLAF7	CDD:239570	26.984	63	43	1	72	131	61	123	1.48e-05	37.7
tr|Q8IJG6|Q8IJG6_PLAF7	CDD:350180	52.239	134	62	2	1605	1738	4	135	1.11e-61	202
tr|Q8IJG6|Q8IJG6_PLAF7	CDD:350770	35.593	236	128	6	1296	1529	5	218	5.43e-55	186
tr|Q8IJG6|Q8IJG6_PLAF7	CDD:350758	32.979	188	119	3	1299	1483	4	187	7.98e-39	138
tr|Q8IJG6|Q8IJG6_PLAF7	CDD:349312	66.667	36	12	0	1133	1168	30	65	3.97e-13	61.2
tr|Q8IJG6|Q8IJG6_PLAF7	CDD:425653	37.037	54	31	2	1204	1257	2	52	1.69e-10	53.4
tr|Q8IJG6|Q8IJG6_PLAF7	CDD:349307	47.222	36	19	0	1133	1168	35	70	4.65e-09	49.7
tr|Q8IJG6|Q8IJG6_PLAF7	CDD:349313	46.154	39	19	1	1132	1168	47	85	2.88e-07	45.0
tr|Q8IJI8|Q8IJI8_PLAF7	CDD:350183	21.774	124	91	1	471	588	27	150	4.67e-08	47.3
tr|Q8IJI8|Q8IJI8_PLAF7	CDD:350189	27.885	104	64	3	470	573	39	131	1.16e-06	43.0
tr|Q8IJJ5|Q8IJJ5_PLAF7	CDD:433433	22.078	231	135	5	983	1211	5	192	2.00e-14	68.3
tr|Q8IJM0|Q8IJM0_PLAF7	CDD:396121	28.704	108	72	2	308	415	3	105	3.14e-10	51.4
tr|Q8IJP9|Q8IJP9_PLAF7	CDD:238096	30.612	49	29	1	1590	1638	1	44	2.98e-11	54.9
tr|Q8IJP9|Q8IJP9_PLAF7	CDD:425555	30.000	50	29	2	1588	1637	1	44	3.48e-09	49.0
tr|Q8IJP9|Q8IJP9_PLAF7	CDD:212558	36.842	38	24	0	1591	1628	3	40	3.97e-06	40.6
tr|Q8IJS7|Q8IJS7_PLAF7	CDD:411862	33.333	66	38	2	877	937	3	67	5.34e-06	40.0
tr|Q8IJS7|Q8IJS7_PLAF7	CDD:411826	32.308	65	40	2	879	939	3	67	1.53e-05	38.4
tr|Q8IJT9|Q8IJT9_PLAF7	CDD:426485	47.273	110	56	1	88	197	8	115	3.91e-48	148
tr|Q8IJU1|Q8IJU1_PLAF7	CDD:310411	21.875	96	68	2	109	198	255	349	9.19e-07	44.6
tr|Q8IJU3|Q8IJU3_PLAF7	CDD:350195	24.215	223	87	6	1324	1543	41	184	6.18e-27	103
tr|Q8IJV1|Q8IJV1_PLAF7	CDD:411020	69.512	82	25	0	13	94	1	82	4.74e-54	167
tr|Q8IJW1|Q8IJW1_PLAF7	CDD:188627	39.286	84	32	1	303	386	1	65	9.56e-22	82.6
tr|Q8IJW1|Q8IJW1_PLAF7	CDD:188621	41.667	84	33	2	303	386	1	68	4.78e-21	80.7
tr|Q8IJW1|Q8IJW1_PLAF7	CDD:188617	35.714	84	38	1	303	386	1	68	2.99e-18	73.0
tr|Q8IJW1|Q8IJW1_PLAF7	CDD:188620	42.308	52	28	2	303	352	1	52	2.52e-13	58.7
tr|Q8IJW1|Q8IJW1_PLAF7	CDD:188628	51.351	37	18	0	303	339	1	37	1.46e-12	56.8
tr|Q8IJW1|Q8IJW1_PLAF7	CDD:188616	38.182	55	28	2	303	351	1	55	6.94e-11	52.4
tr|Q8IJW1|Q8IJW1_PLAF7	CDD:188624	36.842	38	24	0	303	340	1	38	1.07e-07	43.8
tr|Q8IJW1|Q8IJW1_PLAF7	CDD:188623	44.186	43	23	1	303	344	1	43	1.16e-07	43.0
tr|Q8IJW1|Q8IJW1_PLAF7	CDD:350215	30.380	79	43	2	237	303	142	220	1.19e-07	46.6
tr|Q8IJW1|Q8IJW1_PLAF7	CDD:188618	40.000	45	23	2	303	344	2	45	3.79e-05	35.8
tr|Q8IJW6|Q8IJW6_PLAF7	CDD:425904	36.538	52	33	0	524	575	1	52	2.24e-15	66.1
tr|Q8IJW6|Q8IJW6_PLAF7	CDD:425904	38.776	49	30	0	775	823	3	51	1.08e-14	64.2
tr|Q8IJX8|Q8IJX8_PLAF7	CDD:426509	25.352	71	48	1	14	84	1	66	2.46e-09	44.1
tr|Q8IJY4|Q8IJY4_PLAF7	CDD:350195	50.820	183	84	3	1022	1203	1	178	3.14e-72	233
tr|Q8IJY4|Q8IJY4_PLAF7	CDD:350173	31.325	83	49	2	1107	1188	12	87	6.38e-20	80.2
tr|Q8IJZ3|Q8IJZ3_PLAF7	CDD:409761	26.316	57	39	1	331	384	1	57	5.96e-06	39.2
tr|Q8IK00|Q8IK00_PLAF7	CDD:188617	30.645	62	30	3	209	269	1	50	1.22e-06	41.8
tr|Q8IK12|Q8IK12_PLAF7	CDD:409992	37.143	70	43	1	22	91	2	70	2.64e-13	58.2
tr|Q8IK12|Q8IK12_PLAF7	CDD:410154	39.706	68	40	1	22	89	5	71	7.69e-12	54.3
tr|Q8IK12|Q8IK12_PLAF7	CDD:410155	36.765	68	42	1	22	89	5	71	2.51e-11	53.1
tr|Q8IK12|Q8IK12_PLAF7	CDD:410156	38.235	68	41	1	22	89	5	71	1.65e-09	47.7
tr|Q8IK12|Q8IK12_PLAF7	CDD:409761	24.000	75	50	2	22	96	3	70	2.58e-09	46.9
tr|Q8IK12|Q8IK12_PLAF7	CDD:240775	28.000	75	53	1	22	96	2	75	1.03e-08	45.4
tr|Q8IK12|Q8IK12_PLAF7	CDD:409997	27.143	70	46	1	11	80	1	65	2.32e-05	36.1
tr|Q8IK12|Q8IK12_PLAF7	CDD:409998	27.451	51	37	0	22	72	2	52	2.49e-05	36.1
tr|Q8IK12|Q8IK12_PLAF7	CDD:241027	27.119	59	43	0	22	80	2	60	9.67e-05	34.2
tr|Q8IKF0|Q8IKF0_PLAF7	CDD:350181	31.000	100	69	0	266	365	34	133	1.06e-16	70.7
tr|Q8IKF0|Q8IKF0_PLAF7	CDD:350180	23.894	113	82	2	249	357	12	124	4.97e-13	60.2
tr|Q8IKF0|Q8IKF0_PLAF7	CDD:350189	23.438	128	83	2	240	352	3	130	6.37e-13	60.3
tr|Q8IKF0|Q8IKF0_PLAF7	CDD:350183	27.835	97	64	1	265	355	41	137	4.12e-11	55.0
tr|Q8IKF0|Q8IKF0_PLAF7	CDD:350182	26.190	126	47	5	264	363	45	150	1.66e-08	47.5
tr|Q8IKG2|Q8IKG2_PLAF7	CDD:431229	47.154	123	63	1	55	175	1	123	1.07e-51	164
tr|Q8IKG2|Q8IKG2_PLAF7	CDD:407963	37.500	48	26	2	325	370	5	50	2.99e-05	35.8
tr|Q8IKG6|Q8IKG6_PLAF7	CDD:187726	43.011	93	50	2	109	201	13	102	3.42e-32	116
tr|Q8IKJ3|Q8IKJ3_PLAF7	CDD:432381	55.556	27	12	0	53	79	1	27	4.35e-07	37.5
tr|Q8IKP1|Q8IKP1_PLAF7	CDD:350189	28.302	106	73	1	554	659	16	118	6.05e-14	64.1
tr|Q8IKP1|Q8IKP1_PLAF7	CDD:350786	27.500	160	104	7	352	506	6	158	4.75e-08	47.7
tr|Q8IKP1|Q8IKP1_PLAF7	CDD:350183	20.611	131	66	5	566	692	41	137	7.32e-06	40.7
tr|Q8IKP1|Q8IKP1_PLAF7	CDD:350182	30.337	89	50	4	614	700	72	150	2.85e-05	39.1
tr|Q8IKP1|Q8IKP1_PLAF7	CDD:350181	25.926	81	42	1	614	694	63	125	4.10e-05	38.3
tr|Q8IKX4|Q8IKX4_PLAF7	CDD:427090	44.444	99	52	1	327	425	1	96	6.92e-35	120
tr|Q8IKY2|Q8IKY2_PLAF7	CDD:410257	51.087	92	45	0	185	276	1	92	1.35e-46	154
tr|Q8IKY2|Q8IKY2_PLAF7	CDD:410256	59.341	91	37	0	90	180	1	91	1.06e-45	152
tr|Q8IKY2|Q8IKY2_PLAF7	CDD:410253	28.235	85	58	1	188	272	1	82	9.28e-11	53.4
tr|Q8IKY2|Q8IKY2_PLAF7	CDD:410252	25.882	85	63	0	98	182	15	99	1.36e-10	53.0
tr|Q8IKY2|Q8IKY2_PLAF7	CDD:410254	26.506	83	61	0	99	181	6	88	2.58e-10	51.8
tr|Q8IKY2|Q8IKY2_PLAF7	CDD:410258	24.211	95	69	2	91	182	3	97	4.01e-10	51.9
tr|Q8IL13|Q8IL13_PLAF7	CDD:350180	23.894	113	78	2	345	449	12	124	1.54e-18	76.4
tr|Q8IL13|Q8IL13_PLAF7	CDD:350181	25.893	112	81	1	344	455	16	125	4.64e-16	69.2
tr|Q8IL13|Q8IL13_PLAF7	CDD:350189	32.812	64	40	1	394	457	77	137	3.21e-10	52.6
tr|Q8IL13|Q8IL13_PLAF7	CDD:350183	24.219	128	90	3	336	457	15	141	8.85e-08	46.1
tr|Q8IL13|Q8IL13_PLAF7	CDD:350680	25.153	163	102	5	150	300	1	155	7.71e-06	40.6
tr|Q8IL13|Q8IL13_PLAF7	CDD:350678	22.159	176	104	9	147	307	24	181	2.39e-05	39.4
tr|Q8IL21|Q8IL21_PLAF7	CDD:350189	24.779	113	76	4	550	662	29	132	3.47e-10	53.4
tr|Q8IL21|Q8IL21_PLAF7	CDD:350680	23.485	132	86	3	275	404	2	120	3.10e-09	51.0
tr|Q8IL21|Q8IL21_PLAF7	CDD:350786	18.881	143	91	5	263	404	6	124	4.47e-05	39.2
tr|Q8IL74|Q8IL74_PLAF7	CDD:425478	25.263	95	67	2	10	103	36	127	3.60e-24	93.2
tr|Q8IL74|Q8IL74_PLAF7	CDD:395650	32.308	65	41	1	35	99	3	64	9.38e-18	72.6
tr|Q8IL78|Q8IL78_PLAF7	CDD:350182	51.087	92	43	1	1814	1905	65	154	3.79e-44	152
tr|Q8IL78|Q8IL78_PLAF7	CDD:350182	28.571	196	94	3	655	846	1	154	1.52e-40	142
tr|Q8IL78|Q8IL78_PLAF7	CDD:350786	32.418	182	113	4	1370	1551	1	172	1.02e-42	149
tr|Q8IL78|Q8IL78_PLAF7	CDD:350786	29.496	139	84	4	506	643	47	172	1.26e-19	83.2
tr|Q8IL78|Q8IL78_PLAF7	CDD:350680	28.824	170	110	6	1386	1548	1	166	1.46e-18	79.5
tr|Q8IL78|Q8IL78_PLAF7	CDD:350680	25.658	152	88	8	500	640	29	166	8.45e-14	66.1
tr|Q8IL78|Q8IL78_PLAF7	CDD:350787	23.140	121	66	6	1394	1502	34	139	2.32e-05	41.5
tr|Q8IL78|Q8IL78_PLAF7	CDD:350183	24.793	121	64	6	1774	1891	41	137	2.52e-05	41.1
tr|Q8IL81|Q8IL81_PLAF7	CDD:432843	27.273	55	39	1	442	496	11	64	7.09e-06	38.7
tr|Q8ILF8|Q8ILF8_PLAF7	CDD:197322	23.256	258	152	10	8	262	4	218	1.29e-23	96.6
tr|Q8ILF8|Q8ILF8_PLAF7	CDD:197322	47.619	42	22	0	606	647	240	281	1.78e-10	57.3
tr|Q8ILF8|Q8ILF8_PLAF7	CDD:197321	23.651	241	100	6	6	246	3	159	5.20e-21	87.6
tr|Q8ILF8|Q8ILF8_PLAF7	CDD:197321	37.778	45	26	2	603	646	181	224	1.60e-06	44.5
tr|Q8ILF8|Q8ILF8_PLAF7	CDD:197319	26.141	241	94	7	6	246	3	159	1.12e-19	83.9
tr|Q8ILF8|Q8ILF8_PLAF7	CDD:197307	25.514	243	93	8	6	246	2	158	2.06e-19	83.1
tr|Q8ILF8|Q8ILF8_PLAF7	CDD:197307	43.243	37	20	1	609	645	186	221	3.42e-06	43.4
tr|Q8ILF8|Q8ILF8_PLAF7	CDD:197320	18.107	243	109	10	6	246	3	157	5.67e-09	52.1
tr|Q8ILF8|Q8ILF8_PLAF7	CDD:197320	40.000	40	21	3	608	646	184	221	4.04e-05	40.2
tr|Q8ILF8|Q8ILF8_PLAF7	CDD:197336	20.332	241	104	8	7	245	4	158	3.88e-07	46.5
tr|Q8ILG5|Q8ILG5_PLAF7	CDD:350678	44.554	202	100	5	44	239	5	200	4.03e-79	253
tr|Q8ILG5|Q8ILG5_PLAF7	CDD:350775	45.902	183	92	3	44	225	5	181	1.47e-65	214
tr|Q8ILG5|Q8ILG5_PLAF7	CDD:350776	41.304	184	101	6	47	225	8	189	3.12e-55	185
tr|Q8ILG5|Q8ILG5_PLAF7	CDD:350773	41.546	207	106	7	42	239	9	209	3.27e-53	179
tr|Q8ILG5|Q8ILG5_PLAF7	CDD:350181	45.578	147	65	3	242	388	3	134	6.69e-47	158
tr|Q8ILG5|Q8ILG5_PLAF7	CDD:350774	38.756	209	114	7	39	239	6	208	6.36e-44	153
tr|Q8ILG5|Q8ILG5_PLAF7	CDD:350772	39.409	203	106	9	42	233	3	199	2.76e-43	151
tr|Q8ILG5|Q8ILG5_PLAF7	CDD:430572	20.909	110	82	1	567	676	4	108	4.17e-17	73.0
tr|Q8ILG5|Q8ILG5_PLAF7	CDD:350183	23.077	104	74	1	280	377	34	137	4.43e-15	68.4
tr|Q8ILG5|Q8ILG5_PLAF7	CDD:350182	24.516	155	95	8	245	387	8	152	2.11e-10	54.9
tr|Q8ILG5|Q8ILG5_PLAF7	CDD:350786	21.678	143	76	5	56	181	6	129	4.50e-05	40.0
tr|Q8ILG5|Q8ILG5_PLAF7	CDD:350189	31.818	66	45	0	316	381	72	137	7.99e-05	38.7
tr|Q8ILH6|Q8ILH6_PLAF7	CDD:425630	28.448	116	49	3	248	362	1	83	1.48e-09	48.6
tr|Q8ILH6|Q8ILH6_PLAF7	CDD:425630	47.059	34	18	0	206	239	51	84	4.02e-07	41.7
tr|Q8ILK9|Q8ILK9_PLAF7	CDD:350786	25.926	216	110	6	63	268	1	176	1.33e-25	99.3
tr|Q8ILK9|Q8ILK9_PLAF7	CDD:350182	20.833	168	83	4	626	786	30	154	3.12e-13	63.0
tr|Q8ILK9|Q8ILK9_PLAF7	CDD:350680	20.408	196	107	4	83	260	1	165	2.47e-06	43.3
tr|Q8ILN6|Q8ILN6_PLAF7	CDD:398703	21.533	274	175	6	48	284	47	317	4.53e-29	107
tr|Q8ILN8|Q8ILN8_PLAF7	CDD:427234	46.535	101	52	2	4	103	1	100	1.34e-19	71.5
tr|Q8ILP6|Q8ILP6_PLAF7	CDD:239106	27.193	114	75	3	759	864	15	128	7.50e-09	49.3
tr|Q8ILQ0|Q8ILQ0_PLAF7	CDD:409992	33.898	59	38	1	109	166	2	60	5.70e-08	44.4
tr|Q8ILQ0|Q8ILQ0_PLAF7	CDD:410154	34.483	58	37	1	109	165	5	62	1.85e-05	37.3
tr|Q8ILQ0|Q8ILQ0_PLAF7	CDD:410155	31.579	57	38	1	109	164	5	61	2.69e-05	36.9
tr|Q8ILQ0|Q8ILQ0_PLAF7	CDD:240775	28.000	75	52	2	109	182	2	75	5.96e-05	35.8
tr|Q8ILU3|Q8ILU3_PLAF7	CDD:411862	39.655	58	35	0	110	167	2	59	1.89e-12	56.6
tr|Q8ILU3|Q8ILU3_PLAF7	CDD:411862	31.507	73	45	2	253	323	2	71	4.84e-10	49.6
tr|Q8ILU3|Q8ILU3_PLAF7	CDD:411862	35.088	57	34	1	25	81	8	61	1.01e-05	37.7
tr|Q8ILU3|Q8ILU3_PLAF7	CDD:411826	35.088	57	37	0	114	170	4	60	1.04e-11	54.2
tr|Q8ILU3|Q8ILU3_PLAF7	CDD:411826	33.871	62	38	1	28	89	9	67	1.38e-07	42.6
tr|Q8ILU3|Q8ILU3_PLAF7	CDD:411949	38.571	70	40	1	255	324	9	75	1.18e-11	54.3
tr|Q8ILU3|Q8ILU3_PLAF7	CDD:411949	32.075	53	36	0	114	166	9	61	1.64e-06	40.0
tr|Q8ILU3|Q8ILU3_PLAF7	CDD:411867	37.879	66	38	1	255	320	6	68	1.79e-11	53.4
tr|Q8ILU3|Q8ILU3_PLAF7	CDD:411867	38.889	54	33	0	114	167	6	59	1.41e-10	51.1
tr|Q8ILU3|Q8ILU3_PLAF7	CDD:411806	45.000	60	30	2	109	166	1	59	1.57e-10	51.1
tr|Q8ILU3|Q8ILU3_PLAF7	CDD:411806	36.842	57	34	1	257	313	8	62	2.21e-07	42.3
tr|Q8ILU3|Q8ILU3_PLAF7	CDD:411806	32.787	61	39	1	31	91	14	72	4.85e-07	41.1
tr|Q8ILU3|Q8ILU3_PLAF7	CDD:411950	34.848	66	40	1	255	320	13	75	1.78e-10	50.9
tr|Q8ILU3|Q8ILU3_PLAF7	CDD:411950	33.929	56	37	0	111	166	10	65	1.76e-07	42.4
tr|Q8ILU3|Q8ILU3_PLAF7	CDD:411947	42.373	59	29	2	111	166	7	63	6.18e-10	49.8
tr|Q8ILU3|Q8ILU3_PLAF7	CDD:411947	36.066	61	37	1	250	310	5	63	6.19e-09	46.7
tr|Q8ILU3|Q8ILU3_PLAF7	CDD:411948	37.705	61	36	1	250	310	1	59	9.08e-10	48.9
tr|Q8ILU3|Q8ILU3_PLAF7	CDD:411948	37.288	59	32	2	111	166	3	59	3.25e-09	47.3
tr|Q8ILU3|Q8ILU3_PLAF7	CDD:411948	34.483	58	36	1	21	78	4	59	2.56e-05	36.5
tr|Q8ILU3|Q8ILU3_PLAF7	CDD:411866	33.333	54	34	1	113	166	2	53	4.62e-09	46.9
tr|Q8ILU3|Q8ILU3_PLAF7	CDD:411866	25.000	72	49	1	21	92	1	67	3.38e-05	35.7
tr|Q8ILU3|Q8ILU3_PLAF7	CDD:411866	31.148	61	37	1	262	322	10	65	4.24e-05	35.7
tr|Q8ILU3|Q8ILU3_PLAF7	CDD:411946	45.763	59	27	2	111	166	8	64	5.61e-09	47.0
tr|Q8ILU3|Q8ILU3_PLAF7	CDD:411946	33.929	56	35	1	250	305	6	59	1.85e-07	42.4
tr|Q8ILU3|Q8ILU3_PLAF7	CDD:411951	39.344	61	34	1	257	317	8	65	2.14e-08	44.9
tr|Q8ILU3|Q8ILU3_PLAF7	CDD:411951	32.075	53	36	0	114	166	6	58	3.72e-07	41.4
tr|Q8ILU3|Q8ILU3_PLAF7	CDD:411945	31.429	70	46	1	111	180	3	70	8.91e-08	43.1
tr|Q8ILU3|Q8ILU3_PLAF7	CDD:411943	29.577	71	45	1	21	91	4	69	5.48e-07	41.2
tr|Q8ILU3|Q8ILU3_PLAF7	CDD:411912	36.957	46	29	0	116	161	7	52	1.10e-06	39.9
tr|Q8ILU3|Q8ILU3_PLAF7	CDD:411912	29.412	68	45	1	20	87	2	66	4.41e-05	35.7
tr|Q8ILU3|Q8ILU3_PLAF7	CDD:411827	33.898	59	37	1	30	88	11	67	2.01e-05	36.4
tr|Q8ILU3|Q8ILU3_PLAF7	CDD:411827	27.778	54	38	1	114	166	4	57	3.46e-05	35.7
tr|Q8ILU3|Q8ILU3_PLAF7	CDD:411944	28.169	71	46	1	21	91	11	76	2.06e-05	36.6
tr|Q8ILU3|Q8ILU3_PLAF7	CDD:411917	36.538	52	30	1	252	303	1	49	8.45e-05	34.9
tr|Q8ILY1|Q8ILY1_PLAF7	CDD:176476	51.282	312	150	1	1704	2013	13	324	3.41e-164	499
tr|Q8ILY1|Q8ILY1_PLAF7	CDD:176474	32.249	369	198	12	1677	2013	29	377	1.30e-75	251
tr|Q8ILY1|Q8ILY1_PLAF7	CDD:176475	25.895	363	215	10	1696	2014	20	372	1.39e-53	187
tr|Q8ILY1|Q8ILY1_PLAF7	CDD:176477	29.290	338	182	11	1721	2013	45	370	2.16e-53	186
tr|Q8ILY1|Q8ILY1_PLAF7	CDD:176473	25.075	335	203	9	1715	2012	23	346	7.83e-51	178
tr|Q8ILY1|Q8ILY1_PLAF7	CDD:176480	21.753	308	188	9	1743	2012	133	425	3.30e-13	67.8
tr|Q8ILZ7|Q8ILZ7_PLAF7	CDD:409761	39.583	48	25	1	153	200	2	45	1.38e-10	51.6
tr|Q8ILZ7|Q8ILZ7_PLAF7	CDD:409761	34.783	46	25	2	55	100	2	42	2.66e-05	36.9
tr|Q8ILZ7|Q8ILZ7_PLAF7	CDD:240775	30.435	69	41	3	153	215	1	68	4.69e-08	44.7
tr|Q8ILZ7|Q8ILZ7_PLAF7	CDD:240775	36.000	50	32	0	55	104	1	50	4.92e-08	44.7
tr|Q8ILZ7|Q8ILZ7_PLAF7	CDD:240775	26.923	52	38	0	407	458	2	53	3.02e-06	39.7
tr|Q8ILZ7|Q8ILZ7_PLAF7	CDD:409992	36.364	55	30	2	153	204	1	53	1.06e-07	44.0
tr|Q8ILZ7|Q8ILZ7_PLAF7	CDD:409992	35.556	45	27	1	55	99	1	43	1.95e-06	40.1
tr|Q8ILZ7|Q8ILZ7_PLAF7	CDD:410154	39.623	53	31	1	153	204	4	56	7.28e-07	41.6
tr|Q8ILZ7|Q8ILZ7_PLAF7	CDD:410155	37.255	51	27	2	153	200	4	52	5.30e-06	39.3
tr|Q8ILZ7|Q8ILZ7_PLAF7	CDD:410156	36.735	49	30	1	153	200	4	52	1.84e-05	37.7
tr|Q8ILZ7|Q8ILZ7_PLAF7	CDD:409998	28.302	53	35	2	153	203	1	52	2.75e-05	36.9
tr|Q8ILZ7|Q8ILZ7_PLAF7	CDD:409997	36.538	52	32	1	153	204	6	56	3.69e-05	36.8
tr|Q8ILZ7|Q8ILZ7_PLAF7	CDD:241027	36.538	52	32	1	153	204	1	51	6.84e-05	35.8
tr|Q8IM32|Q8IM32_PLAF7	CDD:291309	34.314	102	59	3	2060	2159	8	103	2.01e-12	60.3
tr|Q8IM34|Q8IM34_PLAF7	CDD:240775	29.268	41	29	0	33	73	10	50	3.89e-06	36.2
tr|Q8IM34|Q8IM34_PLAF7	CDD:409997	27.083	48	35	0	25	72	7	54	5.54e-06	36.1
tr|Q8IM34|Q8IM34_PLAF7	CDD:409998	35.897	39	25	0	33	71	10	48	1.39e-05	35.0
tr|Q8IM34|Q8IM34_PLAF7	CDD:241027	20.000	60	48	0	25	84	2	61	9.34e-05	32.7
tr|Q8IM63|Q8IM63_PLAF7	CDD:409992	31.884	69	40	2	170	234	2	67	2.05e-08	46.3
tr|Q8IM63|Q8IM63_PLAF7	CDD:409998	28.125	64	40	2	170	233	2	59	1.48e-05	38.1
tr|Q8IM63|Q8IM63_PLAF7	CDD:410155	33.871	62	38	1	170	231	5	63	1.90e-05	37.7
tr|Q8IM63|Q8IM63_PLAF7	CDD:240775	36.508	63	34	2	170	232	2	58	5.42e-05	36.2
tr|Q8IM66|Q8IM66_PLAF7	CDD:396121	22.330	103	80	0	531	633	3	105	1.26e-11	56.1
tr|Q9NFE4|Q9NFE4_PLAF7	CDD:396104	50.000	28	14	0	97	124	25	52	3.19e-05	34.0
tr|Q9NFE4|Q9NFE4_PLAF7	CDD:238045	46.429	28	15	0	97	124	28	55	5.38e-05	33.3
tr|Q9NFE6|Q9NFE6_PLAF7	CDD:370807	22.105	95	68	1	96	190	38	126	5.31e-12	56.1
tr|Q9TY94|Q9TY94_PLAF7	CDD:350181	28.926	121	82	2	297	413	5	125	1.70e-14	64.5
tr|Q9TY94|Q9TY94_PLAF7	CDD:350189	31.200	125	65	4	305	409	8	131	1.38e-12	59.5
tr|Q9TY94|Q9TY94_PLAF7	CDD:350180	29.661	118	73	4	305	415	12	126	2.14e-11	55.6
tr|Q9TY94|Q9TY94_PLAF7	CDD:350183	27.119	118	69	8	306	411	25	137	1.36e-09	51.1
tr|Q9U0I1|Q9U0I1_PLAF7	CDD:310411	20.930	129	97	2	58	184	246	371	3.32e-06	44.6
tr|Q9U0I8|Q9U0I8_PLAF7	CDD:432762	33.673	98	62	1	255	349	1	98	1.05e-25	95.8
tr|Q9U0J0|Q9U0J0_PLAF7	CDD:239920	55.340	103	45	1	685	786	1	103	9.43e-41	139
tr|Q9U0J0|Q9U0J0_PLAF7	CDD:239921	36.893	103	61	2	817	919	2	100	1.91e-34	121
