sp|O33927|LEXA_THEMA	CDD:396335	63.492	63	22	1	3	64	1	63	6.88e-28	94.8
sp|O33927|LEXA_THEMA	CDD:433438	27.273	55	39	1	2	55	1	55	7.04e-06	36.7
sp|O51934|RGYR_THEMA	CDD:238110	37.101	407	209	8	716	1101	1	381	6.93e-119	366
sp|O54310|CSP_THEMA	CDD:239905	61.538	65	24	1	1	64	1	65	5.86e-30	95.0
sp|P36203|RECA_THEMA	CDD:410868	27.358	212	123	12	42	230	1	204	4.34e-16	71.0
sp|P36203|RECA_THEMA	CDD:410921	29.767	215	114	13	42	230	1	204	5.02e-09	50.4
sp|P36206|DBH_THEMA	CDD:259853	68.605	86	27	0	2	87	1	86	4.16e-37	114
sp|P36206|DBH_THEMA	CDD:425532	61.364	88	34	0	2	89	1	88	1.81e-31	100
sp|P36206|DBH_THEMA	CDD:259858	53.933	89	40	1	1	88	1	89	4.96e-30	96.8
sp|P36206|DBH_THEMA	CDD:259852	56.471	85	37	0	3	87	1	85	6.93e-29	93.8
sp|P36206|DBH_THEMA	CDD:259854	54.118	85	39	0	3	87	1	85	6.33e-28	91.4
sp|P36206|DBH_THEMA	CDD:259857	42.045	88	51	0	2	89	1	88	7.84e-28	91.4
sp|P36206|DBH_THEMA	CDD:259859	44.186	86	48	0	2	87	1	86	9.55e-25	83.5
sp|P36206|DBH_THEMA	CDD:436389	29.787	94	56	3	1	90	32	119	1.44e-07	40.3
sp|P36206|DBH_THEMA	CDD:259856	39.362	94	49	3	2	87	1	94	2.04e-07	39.5
sp|P36206|DBH_THEMA	CDD:434303	30.435	69	43	2	20	86	23	88	4.40e-05	33.4
sp|P36252|RPOC_THEMA	CDD:132721	32.303	356	89	4	1314	1669	1	204	5.12e-79	253
sp|P36252|RPOC_THEMA	CDD:132720	23.877	423	211	25	1315	1668	23	403	3.59e-16	76.9
sp|P36252|RPOC_THEMA	CDD:132719	18.803	351	92	7	1319	1669	1	158	1.07e-15	70.5
sp|P36252|RPOC_THEMA	CDD:132725	25.000	432	221	27	1263	1668	1	355	3.02e-15	73.4
sp|P36252|RPOC_THEMA	CDD:132723	24.737	380	177	22	1314	1669	5	299	3.65e-12	63.4
sp|P36252|RPOC_THEMA	CDD:132722	67.742	31	10	0	1316	1346	7	37	2.15e-10	58.0
sp|P46798|DNAA_THEMA	CDD:429906	38.182	55	33	1	348	401	3	57	3.34e-15	64.3
sp|P46799|TOP1_THEMA	CDD:238110	45.972	422	178	7	131	543	1	381	1.65e-160	460
sp|P77994|SIGA_THEMA	CDD:427998	45.070	71	39	0	159	229	1	71	3.95e-27	97.3
sp|P77994|SIGA_THEMA	CDD:427997	48.649	74	38	0	238	311	1	74	6.11e-27	97.3
sp|P77994|SIGA_THEMA	CDD:427999	51.852	54	22	1	327	380	1	50	9.40e-16	65.1
sp|P77994|SIGA_THEMA	CDD:100119	35.593	59	34	1	321	379	1	55	7.54e-15	62.9
sp|Q56313|RUVB_THEMA	CDD:398896	56.944	72	31	0	254	325	1	72	2.13e-29	102
tr|Q9S5Y0|Q9S5Y0_THEMA	CDD:294013	57.778	90	37	1	151	240	1	89	6.27e-44	137
tr|Q9S5Y0|Q9S5Y0_THEMA	CDD:425712	58.442	77	32	0	164	240	1	77	4.49e-41	130
sp|Q9WW19|ARGR_THEMA	CDD:396056	53.623	69	32	0	3	71	1	69	3.98e-30	98.9
tr|Q9WXM0|Q9WXM0_THEMA	CDD:350195	43.781	201	89	4	449	642	1	184	2.44e-63	202
tr|Q9WXM0|Q9WXM0_THEMA	CDD:350173	21.429	84	50	2	549	623	13	89	8.96e-12	55.9
tr|Q9WXN9|Q9WXN9_THEMA	CDD:432797	28.846	52	37	0	17	68	9	60	3.79e-09	46.8
tr|Q9WXN9|Q9WXN9_THEMA	CDD:404317	31.111	45	31	0	13	57	1	45	2.30e-08	44.3
tr|Q9WXN9|Q9WXN9_THEMA	CDD:238042	33.333	69	40	2	8	76	2	64	4.15e-07	41.5
tr|Q9WXN9|Q9WXN9_THEMA	CDD:430539	39.535	43	25	1	17	58	7	49	1.33e-06	39.3
tr|Q9WXN9|Q9WXN9_THEMA	CDD:238044	34.146	41	27	0	29	69	27	67	9.95e-05	34.6
tr|Q9WXS0|Q9WXS0_THEMA	CDD:430539	33.333	48	32	0	3	50	1	48	2.88e-10	48.9
tr|Q9WXS0|Q9WXS0_THEMA	CDD:238042	33.929	56	34	2	9	64	11	63	6.23e-08	43.4
tr|Q9WXS0|Q9WXS0_THEMA	CDD:429896	29.091	55	36	1	8	62	1	52	7.77e-07	39.7
tr|Q9WXS0|Q9WXS0_THEMA	CDD:404317	30.435	46	31	1	5	50	1	45	2.56e-06	37.8
tr|Q9WXS0|Q9WXS0_THEMA	CDD:432824	26.531	49	35	1	9	57	14	61	2.38e-05	35.6
tr|Q9WXS0|Q9WXS0_THEMA	CDD:426012	38.182	55	30	2	8	59	6	59	2.57e-05	35.6
sp|Q9WXV5|DNLJ_THEMA	CDD:349379	51.316	76	32	1	595	665	1	76	2.44e-28	102
sp|Q9WXV5|DNLJ_THEMA	CDD:432812	54.688	64	29	0	512	575	1	64	1.55e-27	 99
sp|Q9WXV5|DNLJ_THEMA	CDD:349383	42.105	76	43	1	593	667	4	79	4.16e-23	88.0
sp|Q9WXV5|DNLJ_THEMA	CDD:434010	35.849	53	33	1	517	568	5	57	3.99e-10	50.2
sp|Q9WXV5|DNLJ_THEMA	CDD:434010	33.898	59	37	2	446	504	1	57	3.05e-07	42.1
sp|Q9WXV5|DNLJ_THEMA	CDD:425789	46.667	30	16	0	536	565	1	30	3.17e-07	41.2
tr|Q9WXW1|Q9WXW1_THEMA	CDD:434010	37.500	56	33	1	166	219	1	56	8.82e-09	45.9
tr|Q9WXW1|Q9WXW1_THEMA	CDD:176459	36.207	58	36	1	162	219	166	222	1.43e-07	46.7
tr|Q9WXW5|Q9WXW5_THEMA	CDD:404317	40.909	44	26	0	12	55	2	45	2.28e-08	44.3
tr|Q9WXW5|Q9WXW5_THEMA	CDD:432797	23.214	56	38	1	16	71	10	60	1.09e-07	43.0
tr|Q9WXW5|Q9WXW5_THEMA	CDD:426012	33.333	42	28	0	15	56	7	48	5.05e-07	41.0
tr|Q9WXW5|Q9WXW5_THEMA	CDD:430539	30.952	42	28	1	16	56	8	49	9.83e-07	39.7
tr|Q9WXW5|Q9WXW5_THEMA	CDD:238044	42.857	35	20	0	25	59	25	59	2.24e-06	39.2
tr|Q9WXW5|Q9WXW5_THEMA	CDD:433295	29.630	54	26	2	25	77	22	64	3.58e-06	38.6
tr|Q9WXW5|Q9WXW5_THEMA	CDD:396062	26.190	42	31	0	14	55	8	49	3.49e-05	35.8
tr|Q9WXW5|Q9WXW5_THEMA	CDD:238042	33.333	42	27	1	16	57	12	52	7.83e-05	35.4
tr|Q9WXX6|Q9WXX6_THEMA	CDD:133478	41.379	116	60	3	5	112	1	116	3.28e-31	101
tr|Q9WXX6|Q9WXX6_THEMA	CDD:426280	34.513	113	65	4	1	104	4	116	1.05e-19	73.0
tr|Q9WXX6|Q9WXX6_THEMA	CDD:429896	30.769	39	27	0	8	46	1	39	1.94e-06	36.6
tr|Q9WXX6|Q9WXX6_THEMA	CDD:430539	33.333	42	28	0	9	50	7	48	2.80e-06	36.2
tr|Q9WXX6|Q9WXX6_THEMA	CDD:396525	31.915	47	30	1	17	63	19	63	3.67e-06	36.3
tr|Q9WXX6|Q9WXX6_THEMA	CDD:432824	34.783	46	29	1	5	50	10	54	4.29e-06	36.0
tr|Q9WXX6|Q9WXX6_THEMA	CDD:238042	45.238	42	23	0	20	61	20	61	1.16e-05	35.4
tr|Q9WXY0|Q9WXY0_THEMA	CDD:294013	47.778	90	44	2	128	215	1	89	5.69e-35	114
tr|Q9WXY0|Q9WXY0_THEMA	CDD:425712	50.649	77	36	1	141	215	1	77	3.37e-32	106
sp|Q9WY12|RUVA_THEMA	CDD:434010	45.763	59	30	2	72	130	1	57	1.82e-15	62.1
sp|Q9WY16|REX1_THEMA	CDD:429222	53.061	49	23	0	4	52	1	49	1.53e-23	83.3
sp|Q9WY22|PRIA_THEMA	CDD:350776	26.027	146	91	7	244	377	35	175	1.01e-06	44.2
sp|Q9WY22|PRIA_THEMA	CDD:350678	24.026	154	83	9	244	377	35	174	3.87e-05	39.4
sp|Q9WY22|PRIA_THEMA	CDD:350786	26.946	167	102	8	220	377	3	158	7.91e-05	38.1
tr|Q9WY35|Q9WY35_THEMA	CDD:427805	83.951	81	13	0	3	83	1	81	1.14e-46	138
tr|Q9WY42|Q9WY42_THEMA	CDD:410864	27.027	185	83	10	59	201	2	176	7.70e-13	62.5
tr|Q9WY42|Q9WY42_THEMA	CDD:410868	23.849	239	137	12	59	259	1	232	7.21e-06	41.4
sp|Q9WY43|DISA_THEMA	CDD:425789	44.444	27	15	0	317	343	1	27	3.03e-07	40.5
sp|Q9WY43|DISA_THEMA	CDD:432812	35.714	42	27	0	313	354	21	62	7.70e-07	40.6
sp|Q9WY43|DISA_THEMA	CDD:434010	32.353	34	23	0	314	347	22	55	3.38e-05	35.5
tr|Q9WY48|Q9WY48_THEMA	CDD:239934	35.616	73	42	3	169	240	1	69	2.56e-12	57.2
tr|Q9WY48|Q9WY48_THEMA	CDD:350183	29.293	99	63	3	595	688	46	142	7.31e-07	43.8
tr|Q9WY48|Q9WY48_THEMA	CDD:350786	25.217	115	73	4	391	500	19	125	7.52e-07	44.2
tr|Q9WY48|Q9WY48_THEMA	CDD:350770	24.286	140	87	8	397	527	31	160	7.89e-07	44.9
tr|Q9WY48|Q9WY48_THEMA	CDD:350680	29.814	161	83	10	399	535	11	165	8.19e-06	41.0
tr|Q9WY48|Q9WY48_THEMA	CDD:350189	32.812	64	32	3	635	694	86	142	1.73e-05	39.5
tr|Q9WY48|Q9WY48_THEMA	CDD:350678	26.357	129	68	8	390	500	21	140	3.35e-05	39.8
tr|Q9WY72|Q9WY72_THEMA	CDD:277319	19.209	177	94	7	3	131	3	178	3.28e-05	36.5
tr|Q9WY92|Q9WY92_THEMA	CDD:436040	36.000	50	32	0	277	326	6	55	1.30e-12	56.4
tr|Q9WY92|Q9WY92_THEMA	CDD:238042	40.426	47	27	1	281	326	4	50	8.74e-05	35.0
tr|Q9WYA0|Q9WYA0_THEMA	CDD:238082	37.705	366	225	2	1	364	1	365	1.69e-122	352
tr|Q9WYA0|Q9WYA0_THEMA	CDD:426968	38.983	118	72	0	246	363	1	118	1.55e-32	112
tr|Q9WYA0|Q9WYA0_THEMA	CDD:395580	31.405	121	81	2	1	119	1	121	1.35e-18	75.4
tr|Q9WYA0|Q9WYA0_THEMA	CDD:397061	31.034	116	77	2	129	242	1	115	1.74e-14	63.5
sp|Q9WYA3|UVRC_THEMA	CDD:198381	48.148	81	39	2	12	89	1	81	9.26e-31	109
sp|Q9WYA3|UVRC_THEMA	CDD:198383	23.711	97	52	1	16	90	1	97	1.27e-07	44.3
sp|Q9WYA3|UVRC_THEMA	CDD:432812	38.298	47	26	2	511	555	8	53	2.31e-07	42.5
sp|Q9WYA3|UVRC_THEMA	CDD:188618	47.500	40	17	2	509	545	16	54	6.14e-07	41.6
sp|Q9WYA3|UVRC_THEMA	CDD:426314	37.662	77	44	4	16	88	2	78	1.03e-06	41.2
sp|Q9WYA3|UVRC_THEMA	CDD:434010	28.846	52	35	2	508	557	4	55	2.74e-06	39.4
tr|Q9WYB2|Q9WYB2_THEMA	CDD:153418	50.877	57	28	0	1	57	10	66	2.50e-22	83.3
tr|Q9WYB2|Q9WYB2_THEMA	CDD:306822	53.704	54	25	0	3	56	11	64	8.96e-20	76.5
tr|Q9WYB2|Q9WYB2_THEMA	CDD:433997	35.417	48	29	1	11	56	1	48	8.56e-05	34.0
tr|Q9WYC2|Q9WYC2_THEMA	CDD:397561	40.541	74	38	2	12	79	1	74	1.54e-23	82.3
tr|Q9WYC2|Q9WYC2_THEMA	CDD:238042	28.261	46	30	1	30	75	26	68	4.45e-06	37.3
tr|Q9WYD5|Q9WYD5_THEMA	CDD:143331	55.769	52	23	0	7	58	1	52	2.17e-23	85.9
tr|Q9WYD5|Q9WYD5_THEMA	CDD:306791	47.826	46	24	0	5	50	1	46	3.79e-17	68.8
sp|Q9WYG1|Y326_THEMA	CDD:334531	40.789	76	44	1	1	76	1	75	1.19e-21	80.8
tr|Q9WYH4|Q9WYH4_THEMA	CDD:430887	42.982	114	64	1	5	117	1	114	5.05e-44	134
tr|Q9WYJ8|Q9WYJ8_THEMA	CDD:428644	32.353	442	276	11	4	423	1	441	8.60e-114	340
sp|Q9WYK0|END3_THEMA	CDD:425841	46.809	141	70	4	27	162	1	141	5.03e-49	151
sp|Q9WYK0|END3_THEMA	CDD:425789	53.333	30	14	0	92	121	1	30	9.75e-10	46.6
sp|Q9WYK4|Y370_THEMA	CDD:410864	29.825	57	38	2	5	60	2	57	3.02e-05	38.3
tr|Q9WYL3|Q9WYL3_THEMA	CDD:425841	34.247	146	81	5	42	182	1	136	2.76e-27	96.6
tr|Q9WYL3|Q9WYL3_THEMA	CDD:425789	52.381	21	10	0	126	146	10	30	3.05e-05	34.3
tr|Q9WYM4|Q9WYM4_THEMA	CDD:404317	31.111	45	31	0	9	53	1	45	6.63e-09	45.9
tr|Q9WYM4|Q9WYM4_THEMA	CDD:238042	28.125	64	43	2	5	68	3	63	2.52e-07	42.3
tr|Q9WYM4|Q9WYM4_THEMA	CDD:432797	25.000	44	33	0	14	57	10	53	2.03e-06	39.1
tr|Q9WYN0|Q9WYN0_THEMA	CDD:294013	42.045	88	51	0	134	221	1	88	4.49e-32	107
tr|Q9WYN0|Q9WYN0_THEMA	CDD:425712	42.667	75	42	1	148	221	2	76	2.29e-24	86.8
tr|Q9WYP2|Q9WYP2_THEMA	CDD:432797	31.148	61	38	1	2	62	3	59	1.13e-09	48.4
tr|Q9WYP2|Q9WYP2_THEMA	CDD:404317	26.667	45	33	0	4	48	1	45	6.14e-07	40.1
tr|Q9WYP2|Q9WYP2_THEMA	CDD:396062	20.833	48	38	0	7	54	8	55	8.90e-06	37.4
tr|Q9WYS0|Q9WYS0_THEMA	CDD:153418	48.387	62	31	1	12	72	5	66	2.53e-19	73.3
tr|Q9WYS0|Q9WYS0_THEMA	CDD:306822	46.667	60	31	1	13	71	5	64	3.66e-16	64.9
tr|Q9WYW4|Q9WYW4_THEMA	CDD:427697	36.364	154	91	4	5	152	1	153	1.06e-44	139
tr|Q9WYY0|Q9WYY0_THEMA	CDD:396062	32.692	52	35	0	14	65	4	55	1.67e-11	51.6
tr|Q9WYY0|Q9WYY0_THEMA	CDD:432797	38.462	39	24	0	24	62	14	52	4.42e-06	37.2
tr|Q9WYY0|Q9WYY0_THEMA	CDD:426012	39.474	38	23	0	23	60	11	48	6.36e-06	36.4
tr|Q9WYY0|Q9WYY0_THEMA	CDD:404317	31.579	38	26	0	22	59	8	45	2.65e-05	34.3
tr|Q9WZ04|Q9WZ04_THEMA	CDD:427998	33.784	74	44	2	29	101	1	70	3.92e-15	61.8
tr|Q9WZ04|Q9WZ04_THEMA	CDD:400535	34.615	52	33	1	139	189	3	54	2.71e-09	45.9
tr|Q9WZ04|Q9WZ04_THEMA	CDD:100119	45.000	40	21	1	140	178	4	43	1.16e-07	41.3
tr|Q9WZ04|Q9WZ04_THEMA	CDD:427999	31.250	32	21	1	143	173	1	32	2.74e-05	34.7
sp|Q9WZ27|CARB_THEMA	CDD:426982	48.101	79	39	1	416	492	1	79	1.01e-28	104
sp|Q9WZ35|SFSA_THEMA	CDD:411762	34.300	207	124	5	10	206	3	207	8.28e-56	172
tr|Q9WZ37|Q9WZ37_THEMA	CDD:396591	33.835	133	82	3	2	130	1	131	3.57e-34	110
tr|Q9WZ71|Q9WZ71_THEMA	CDD:426954	32.353	68	46	0	62	129	1	68	2.29e-17	66.3
sp|Q9WZ73|SSB_THEMA	CDD:239942	54.000	100	45	1	7	106	1	99	5.41e-39	121
sp|Q9WZ74|RS18_THEMA	CDD:426036	59.615	52	21	0	19	70	1	52	3.52e-28	90.5
tr|Q9WZ87|Q9WZ87_THEMA	CDD:350195	24.402	209	119	8	975	1173	5	184	2.26e-29	110
tr|Q9WZA2|Q9WZA2_THEMA	CDD:427998	26.087	69	46	2	19	86	1	65	1.05e-08	43.3
sp|Q9WZC3|SPEH_THEMA	CDD:426918	61.682	107	41	0	7	113	1	107	1.72e-61	178
tr|Q9WZC4|Q9WZC4_THEMA	CDD:238045	51.724	58	28	0	4	61	1	58	1.79e-20	74.9
tr|Q9WZC4|Q9WZC4_THEMA	CDD:396104	49.091	55	28	0	7	61	1	55	3.07e-17	66.4
tr|Q9WZC4|Q9WZC4_THEMA	CDD:433309	45.614	57	30	1	2	57	1	57	7.63e-16	62.9
tr|Q9WZC4|Q9WZC4_THEMA	CDD:403907	48.438	64	33	0	4	67	1	64	1.27e-15	62.3
tr|Q9WZC4|Q9WZC4_THEMA	CDD:433211	42.593	54	30	1	6	58	1	54	4.79e-10	47.9
tr|Q9WZC4|Q9WZC4_THEMA	CDD:433449	35.185	54	34	1	7	59	23	76	7.25e-06	36.8
tr|Q9WZC4|Q9WZC4_THEMA	CDD:433187	40.000	35	21	0	7	41	2	36	1.46e-05	35.5
tr|Q9WZD2|Q9WZD2_THEMA	CDD:426548	40.426	94	47	4	26	110	3	96	7.45e-27	91.1
sp|Q9WZF3|Y687_THEMA	CDD:426844	39.080	87	51	1	26	110	1	87	8.90e-19	69.4
tr|Q9WZG9|Q9WZG9_THEMA	CDD:432797	50.000	60	30	0	27	86	1	60	3.16e-18	68.0
tr|Q9WZG9|Q9WZG9_THEMA	CDD:426012	46.552	58	31	0	29	86	1	58	4.63e-16	62.6
tr|Q9WZG9|Q9WZG9_THEMA	CDD:433228	29.412	68	47	1	29	95	1	68	3.69e-07	39.6
tr|Q9WZG9|Q9WZG9_THEMA	CDD:430539	28.571	49	30	2	34	79	6	52	1.81e-05	34.7
tr|Q9WZG9|Q9WZG9_THEMA	CDD:238042	29.730	74	50	2	31	104	7	78	2.08e-05	35.4
tr|Q9WZG9|Q9WZG9_THEMA	CDD:396062	34.000	50	29	1	35	80	5	54	2.90e-05	34.3
tr|Q9WZM5|Q9WZM5_THEMA	CDD:153418	51.515	66	32	0	12	77	1	66	2.85e-25	85.6
tr|Q9WZM5|Q9WZM5_THEMA	CDD:306822	46.032	63	34	0	14	76	2	64	1.13e-16	63.4
tr|Q9WZM5|Q9WZM5_THEMA	CDD:433438	41.176	34	20	0	31	64	20	53	6.59e-07	38.2
tr|Q9WZM5|Q9WZM5_THEMA	CDD:396591	21.667	60	44	2	21	78	9	67	4.81e-05	34.8
sp|Q9WZN3|IF2_THEMA	CDD:428110	47.917	48	24	1	1	48	1	47	2.35e-07	42.5
sp|Q9WZN3|IF2_THEMA	CDD:428110	27.907	43	30	1	97	139	9	50	4.96e-05	35.9
tr|Q9WZR5|Q9WZR5_THEMA	CDD:404317	48.837	43	22	0	11	53	2	44	3.22e-09	46.7
tr|Q9WZR5|Q9WZR5_THEMA	CDD:425993	44.444	45	24	1	9	53	1	44	1.21e-07	42.0
tr|Q9WZR5|Q9WZR5_THEMA	CDD:426012	36.957	46	29	0	8	53	1	46	2.57e-07	41.8
tr|Q9WZR5|Q9WZR5_THEMA	CDD:432797	25.455	55	41	0	6	60	1	55	6.71e-07	40.6
tr|Q9WZR5|Q9WZR5_THEMA	CDD:432824	31.373	51	35	0	9	59	9	59	7.69e-07	40.2
tr|Q9WZR5|Q9WZR5_THEMA	CDD:238042	25.974	77	48	2	9	85	6	73	7.00e-06	38.0
tr|Q9WZR5|Q9WZR5_THEMA	CDD:281443	33.824	68	36	4	7	69	1	64	1.42e-05	37.3
tr|Q9WZR5|Q9WZR5_THEMA	CDD:429896	41.176	51	26	2	14	63	2	49	1.56e-05	36.3
tr|Q9WZR5|Q9WZR5_THEMA	CDD:396525	25.926	54	40	0	6	59	4	57	1.86e-05	36.7
tr|Q9WZR5|Q9WZR5_THEMA	CDD:433180	46.667	30	16	0	14	43	6	35	2.90e-05	35.4
tr|Q9WZS3|Q9WZS3_THEMA	CDD:432797	32.203	59	40	0	28	86	1	59	2.19e-13	55.7
tr|Q9WZS3|Q9WZS3_THEMA	CDD:426012	52.381	42	20	0	45	86	16	57	2.20e-12	52.9
tr|Q9WZS3|Q9WZS3_THEMA	CDD:433228	38.462	52	32	0	45	96	17	68	1.98e-10	48.1
tr|Q9WZS3|Q9WZS3_THEMA	CDD:396525	37.288	59	35	1	33	91	9	65	4.60e-05	34.0
tr|Q9WZS3|Q9WZS3_THEMA	CDD:238044	34.783	46	26	1	45	90	24	65	6.74e-05	33.4
sp|Q9WZS9|SYFB_THEMA	CDD:427328	50.746	67	30	2	404	467	1	67	2.16e-21	82.8
tr|Q9WZT0|Q9WZT0_THEMA	CDD:425684	48.936	47	24	0	9	55	1	47	1.23e-19	72.8
sp|Q9WZV5|HRCA_THEMA	CDD:281443	24.638	69	49	2	15	82	2	68	1.65e-05	36.9
tr|Q9WZY9|Q9WZY9_THEMA	CDD:426006	58.750	80	30	2	60	136	1	80	1.06e-42	130
tr|Q9WZY9|Q9WZY9_THEMA	CDD:119438	58.228	79	30	2	61	136	1	79	2.18e-40	124
tr|Q9WZZ9|Q9WZZ9_THEMA	CDD:427805	62.963	81	30	0	3	83	1	81	1.14e-41	126
tr|Q9X004|Q9X004_THEMA	CDD:427998	30.556	72	46	2	8	78	2	70	9.60e-16	64.1
tr|Q9X004|Q9X004_THEMA	CDD:427999	44.000	50	28	0	162	211	1	50	1.40e-15	62.8
tr|Q9X004|Q9X004_THEMA	CDD:100119	42.593	54	31	0	157	210	2	55	5.63e-15	61.4
tr|Q9X004|Q9X004_THEMA	CDD:400535	37.736	53	33	0	157	209	2	54	4.96e-09	45.5
tr|Q9X004|Q9X004_THEMA	CDD:99777	35.556	45	28	1	166	210	1	44	3.40e-05	34.8
tr|Q9X004|Q9X004_THEMA	CDD:433164	33.333	39	26	0	165	203	1	39	3.75e-05	34.6
tr|Q9X004|Q9X004_THEMA	CDD:433591	45.714	35	19	0	165	199	4	38	6.21e-05	34.0
tr|Q9X004|Q9X004_THEMA	CDD:425517	40.000	45	26	1	166	210	3	46	8.93e-05	33.7
tr|Q9X035|Q9X035_THEMA	CDD:397561	36.364	77	43	3	18	91	1	74	3.83e-18	67.3
tr|Q9X046|Q9X046_THEMA	CDD:143331	50.980	51	25	0	9	59	2	52	8.84e-23	84.0
tr|Q9X046|Q9X046_THEMA	CDD:306791	58.696	46	19	0	6	51	1	46	1.19e-19	75.4
tr|Q9X062|Q9X062_THEMA	CDD:271193	36.364	176	85	4	93	242	2	176	1.42e-47	150
tr|Q9X062|Q9X062_THEMA	CDD:271175	36.310	168	78	5	101	240	1	167	1.38e-37	124
tr|Q9X062|Q9X062_THEMA	CDD:271180	24.294	177	99	9	102	243	1	177	2.09e-10	52.7
tr|Q9X073|Q9X073_THEMA	CDD:238042	34.615	78	50	1	11	87	1	78	8.97e-18	68.9
tr|Q9X073|Q9X073_THEMA	CDD:432824	36.066	61	38	1	8	67	1	61	6.17e-14	58.3
tr|Q9X073|Q9X073_THEMA	CDD:425993	37.778	45	28	0	16	60	1	45	7.74e-11	49.7
tr|Q9X073|Q9X073_THEMA	CDD:133478	34.921	63	33	3	19	73	3	65	1.44e-08	45.3
tr|Q9X073|Q9X073_THEMA	CDD:404317	31.111	45	30	1	17	60	1	45	2.20e-07	40.1
tr|Q9X073|Q9X073_THEMA	CDD:430539	34.884	43	26	1	20	60	6	48	4.47e-07	39.7
tr|Q9X073|Q9X073_THEMA	CDD:133390	38.000	50	26	2	31	79	1	46	7.56e-07	39.1
tr|Q9X073|Q9X073_THEMA	CDD:433301	28.302	53	38	0	19	71	1	53	2.61e-06	37.7
tr|Q9X073|Q9X073_THEMA	CDD:426012	39.286	56	32	2	16	70	2	56	4.12e-06	37.1
tr|Q9X073|Q9X073_THEMA	CDD:433164	29.787	47	32	1	13	59	1	46	1.46e-05	35.3
tr|Q9X073|Q9X073_THEMA	CDD:432748	29.630	54	32	2	31	84	2	49	1.70e-05	35.1
tr|Q9X073|Q9X073_THEMA	CDD:433276	29.268	41	28	1	19	59	2	41	2.60e-05	34.9
tr|Q9X073|Q9X073_THEMA	CDD:396591	29.508	61	37	2	14	68	1	61	2.61e-05	36.4
tr|Q9X073|Q9X073_THEMA	CDD:426280	31.818	66	36	3	19	75	10	75	2.82e-05	36.5
tr|Q9X073|Q9X073_THEMA	CDD:396525	30.000	40	28	0	25	64	17	56	5.06e-05	34.4
tr|Q9X085|Q9X085_THEMA	CDD:350180	33.824	136	77	3	347	479	10	135	1.40e-40	140
tr|Q9X085|Q9X085_THEMA	CDD:350770	25.694	144	94	6	8	149	27	159	1.40e-14	68.4
tr|Q9X085|Q9X085_THEMA	CDD:350758	23.577	123	77	4	9	117	23	142	1.19e-06	44.2
tr|Q9X093|Q9X093_THEMA	CDD:238042	42.424	66	38	0	7	72	1	66	4.10e-22	77.3
tr|Q9X093|Q9X093_THEMA	CDD:425993	46.667	45	24	0	12	56	1	45	2.36e-14	56.7
tr|Q9X093|Q9X093_THEMA	CDD:432824	27.586	58	41	1	5	61	2	59	1.09e-12	52.9
tr|Q9X0A0|Q9X0A0_THEMA	CDD:432818	38.961	77	45	1	210	284	1	77	7.99e-27	95.3
tr|Q9X0A0|Q9X0A0_THEMA	CDD:432818	31.250	48	30	2	193	239	36	81	3.50e-05	36.0
tr|Q9X0A0|Q9X0A0_THEMA	CDD:425497	35.714	42	27	0	197	238	1	42	2.39e-09	46.8
tr|Q9X0A0|Q9X0A0_THEMA	CDD:425497	43.333	30	16	1	255	284	11	39	2.05e-05	35.6
tr|Q9X0C0|Q9X0C0_THEMA	CDD:425684	54.545	44	20	0	8	51	1	44	1.87e-18	70.1
tr|Q9X0D4|Q9X0D4_THEMA	CDD:432479	52.381	42	20	0	4	45	2	43	3.05e-15	63.7
tr|Q9X0E2|Q9X0E2_THEMA	CDD:432821	53.333	60	28	0	120	179	3	62	9.11e-30	99.1
tr|Q9X0E2|Q9X0E2_THEMA	CDD:432821	45.000	60	33	0	46	105	3	62	1.72e-26	90.6
tr|Q9X0E2|Q9X0E2_THEMA	CDD:427597	27.083	96	62	3	74	168	145	233	3.40e-13	60.4
tr|Q9X0E2|Q9X0E2_THEMA	CDD:425789	46.154	26	14	0	49	74	5	30	1.67e-08	42.8
tr|Q9X0E2|Q9X0E2_THEMA	CDD:425789	48.148	27	14	0	122	148	4	30	1.77e-06	37.4
tr|Q9X0E2|Q9X0E2_THEMA	CDD:425789	39.286	28	17	0	149	176	1	28	1.49e-05	35.1
tr|Q9X0E2|Q9X0E2_THEMA	CDD:434010	36.364	55	22	2	55	101	2	51	2.19e-08	43.2
tr|Q9X0E2|Q9X0E2_THEMA	CDD:434010	32.143	56	25	2	128	175	1	51	7.32e-06	36.3
tr|Q9X0E2|Q9X0E2_THEMA	CDD:432812	44.444	27	15	0	48	74	28	54	1.83e-05	35.6
tr|Q9X0E9|Q9X0E9_THEMA	CDD:427805	83.951	81	13	0	3	83	1	81	8.91e-48	141
tr|Q9X0F8|Q9X0F8_THEMA	CDD:285436	42.000	50	29	0	5	54	1	50	2.52e-12	55.0
tr|Q9X0F8|Q9X0F8_THEMA	CDD:153418	44.118	34	19	0	20	53	27	60	3.08e-06	38.2
tr|Q9X0F8|Q9X0F8_THEMA	CDD:404317	33.333	45	30	0	4	48	1	45	9.30e-06	36.3
tr|Q9X0I5|Q9X0I5_THEMA	CDD:277319	21.081	185	100	8	4	148	1	179	3.89e-07	42.6
tr|Q9X0Q3|Q9X0Q3_THEMA	CDD:433295	37.097	62	35	2	133	192	1	60	7.27e-10	47.8
tr|Q9X0Q3|Q9X0Q3_THEMA	CDD:238044	31.481	54	37	0	135	188	8	61	1.30e-08	44.6
tr|Q9X0Q3|Q9X0Q3_THEMA	CDD:153418	34.211	38	24	1	151	188	25	61	1.20e-05	36.3
tr|Q9X0Q8|Q9X0Q8_THEMA	CDD:238042	38.462	78	47	1	7	83	1	78	2.34e-14	56.9
tr|Q9X0Q8|Q9X0Q8_THEMA	CDD:425993	47.619	42	22	0	15	56	4	45	5.16e-11	47.4
tr|Q9X0Q8|Q9X0Q8_THEMA	CDD:432824	34.426	61	39	1	4	63	1	61	3.04e-09	43.3
tr|Q9X0S7|Q9X0S7_THEMA	CDD:143331	61.538	52	20	0	9	60	1	52	4.27e-26	92.9
tr|Q9X0S7|Q9X0S7_THEMA	CDD:306791	52.174	46	22	0	7	52	1	46	1.31e-17	70.0
tr|Q9X0S7|Q9X0S7_THEMA	CDD:238045	43.750	48	24	1	1	48	8	52	1.56e-05	36.4
tr|Q9X0S7|Q9X0S7_THEMA	CDD:396104	34.694	49	29	1	1	49	5	50	4.32e-05	35.2
tr|Q9X0U5|Q9X0U5_THEMA	CDD:143331	60.465	43	17	0	5	47	1	43	4.24e-21	79.4
tr|Q9X0U5|Q9X0U5_THEMA	CDD:306791	62.222	45	17	0	3	47	1	45	2.23e-20	77.3
tr|Q9X0U5|Q9X0U5_THEMA	CDD:396104	34.043	47	28	1	3	49	11	54	1.10e-05	36.7
tr|Q9X0U5|Q9X0U5_THEMA	CDD:238045	39.474	38	23	0	3	40	14	51	3.06e-05	35.6
tr|Q9X0V1|Q9X0V1_THEMA	CDD:238042	30.508	59	41	0	3	61	2	60	8.27e-09	46.5
tr|Q9X0V1|Q9X0V1_THEMA	CDD:404317	39.024	41	24	1	12	51	5	45	7.71e-05	34.3
tr|Q9X0V5|Q9X0V5_THEMA	CDD:334531	48.000	75	39	0	1	75	1	75	5.01e-21	78.9
tr|Q9X0W5|Q9X0W5_THEMA	CDD:350194	42.424	66	33	1	551	611	85	150	1.27e-20	83.0
tr|Q9X0W5|Q9X0W5_THEMA	CDD:350196	21.818	55	31	1	555	609	36	78	9.41e-08	44.1
tr|Q9X0W5|Q9X0W5_THEMA	CDD:350173	27.119	59	30	2	551	609	42	87	3.87e-06	40.1
tr|Q9X0Y6|Q9X0Y6_THEMA	CDD:294013	53.933	89	36	2	136	219	1	89	6.48e-34	111
tr|Q9X0Y6|Q9X0Y6_THEMA	CDD:425712	53.247	77	30	2	149	219	1	77	1.04e-30	103
sp|Q9X137|Y1311_THEMA	CDD:435020	33.333	24	16	0	29	52	24	47	3.77e-05	33.4
sp|Q9X139|Y1313_THEMA	CDD:435020	38.596	57	31	2	8	61	1	56	1.04e-09	45.3
tr|Q9X140|Q9X140_THEMA	CDD:238045	42.857	42	23	1	295	336	14	54	2.47e-06	39.5
tr|Q9X140|Q9X140_THEMA	CDD:433211	30.000	50	35	0	285	334	2	51	4.10e-06	38.7
tr|Q9X140|Q9X140_THEMA	CDD:396104	36.538	52	32	1	285	336	1	51	1.58e-05	37.1
sp|Q9X145|Y1321_THEMA	CDD:435020	37.931	58	32	2	5	59	1	57	1.54e-09	44.9
tr|Q9X153|Q9X153_THEMA	CDD:238045	50.000	52	26	0	20	71	1	52	3.03e-16	61.8
tr|Q9X153|Q9X153_THEMA	CDD:396104	46.939	49	26	0	23	71	1	49	1.47e-15	60.2
tr|Q9X153|Q9X153_THEMA	CDD:433309	38.182	55	33	1	18	71	1	55	1.15e-10	47.9
tr|Q9X153|Q9X153_THEMA	CDD:403907	42.308	52	30	0	20	71	1	52	2.31e-10	46.9
tr|Q9X153|Q9X153_THEMA	CDD:433449	24.242	66	49	1	13	77	13	78	7.92e-09	43.4
tr|Q9X153|Q9X153_THEMA	CDD:433211	35.294	51	29	2	22	71	4	51	9.89e-08	40.2
tr|Q9X153|Q9X153_THEMA	CDD:435033	39.535	43	26	0	33	75	10	52	1.63e-05	34.6
tr|Q9X153|Q9X153_THEMA	CDD:427999	34.375	32	21	0	22	53	11	42	7.45e-05	32.4
tr|Q9X1D1|Q9X1D1_THEMA	CDD:350195	48.077	156	70	3	89	237	33	184	1.10e-55	171
tr|Q9X1D1|Q9X1D1_THEMA	CDD:350173	21.429	84	50	2	144	218	13	89	5.47e-12	54.8
sp|Q9X1E1|REX2_THEMA	CDD:429222	36.735	49	28	1	6	51	1	49	2.17e-13	56.7
tr|Q9X1G2|Q9X1G2_THEMA	CDD:426832	32.609	92	53	4	251	340	2	86	3.42e-20	80.2
tr|Q9X1G2|Q9X1G2_THEMA	CDD:350786	26.471	170	95	7	374	528	4	158	5.58e-11	56.6
tr|Q9X1G2|Q9X1G2_THEMA	CDD:350183	24.658	146	98	5	539	680	1	138	9.99e-07	43.8
sp|Q9X1I2|RPOA_THEMA	CDD:427148	59.677	62	25	0	264	325	2	63	7.65e-27	95.3
sp|Q9X1I5|RS13_THEMA	CDD:425669	55.140	107	48	0	3	109	1	107	1.14e-42	130
tr|Q9X1K3|Q9X1K3_THEMA	CDD:133478	32.759	116	69	4	20	127	2	116	3.19e-26	89.9
tr|Q9X1K3|Q9X1K3_THEMA	CDD:426280	32.967	91	59	2	15	103	4	94	3.31e-20	74.6
tr|Q9X1L3|Q9X1L3_THEMA	CDD:396591	32.800	125	79	2	9	128	5	129	2.61e-35	113
sp|Q9X1P3|Y1557_THEMA	CDD:432812	47.500	40	19	2	40	78	10	48	9.67e-05	34.0
tr|Q9X1Q1|Q9X1Q1_THEMA	CDD:427090	67.368	95	29	1	324	416	1	95	1.27e-50	161
tr|Q9X1R6|Q9X1R6_THEMA	CDD:427077	42.500	40	23	0	268	307	1	40	2.51e-13	57.8
tr|Q9X1T4|Q9X1T4_THEMA	CDD:400535	52.830	53	25	0	125	177	2	54	1.35e-15	62.5
tr|Q9X1T4|Q9X1T4_THEMA	CDD:100119	50.943	53	26	0	125	177	2	54	1.70e-13	57.1
tr|Q9X1T4|Q9X1T4_THEMA	CDD:427999	33.333	48	32	0	130	177	1	48	2.36e-11	51.3
tr|Q9X1T4|Q9X1T4_THEMA	CDD:427998	29.577	71	47	2	21	88	1	71	1.06e-07	41.8
tr|Q9X1T4|Q9X1T4_THEMA	CDD:254323	39.583	48	29	0	131	178	133	180	3.12e-07	42.8
tr|Q9X1T7|Q9X1T7_THEMA	CDD:432821	50.000	42	17	1	495	532	6	47	9.06e-10	49.0
tr|Q9X1T7|Q9X1T7_THEMA	CDD:434152	50.000	34	13	2	484	517	33	62	1.77e-05	37.1
sp|Q9X1T8|NIAR_THEMA	CDD:429896	48.000	50	25	1	14	62	3	52	1.87e-16	64.4
tr|Q9X1V4|Q9X1V4_THEMA	CDD:176474	64.380	379	132	3	514	892	1	376	0.0	685
tr|Q9X1V4|Q9X1V4_THEMA	CDD:176475	38.821	407	188	6	510	892	1	370	2.17e-124	375
tr|Q9X1V4|Q9X1V4_THEMA	CDD:176477	38.218	348	186	5	573	893	25	370	2.74e-106	328
tr|Q9X1V4|Q9X1V4_THEMA	CDD:176473	34.711	363	199	10	553	893	1	347	7.51e-102	315
tr|Q9X1V4|Q9X1V4_THEMA	CDD:176476	41.195	318	155	8	587	893	28	324	3.44e-88	278
tr|Q9X1V4|Q9X1V4_THEMA	CDD:188618	56.164	73	32	0	176	248	1	73	1.20e-32	115
tr|Q9X1V4|Q9X1V4_THEMA	CDD:176480	24.000	400	234	14	538	892	51	425	1.17e-28	114
tr|Q9X1V4|Q9X1V4_THEMA	CDD:188616	52.113	71	32	2	177	246	1	70	8.00e-17	70.1
tr|Q9X1V4|Q9X1V4_THEMA	CDD:176479	24.250	400	196	23	530	876	14	359	1.03e-15	74.2
tr|Q9X1V4|Q9X1V4_THEMA	CDD:188621	43.750	32	18	0	191	222	13	44	1.14e-05	38.7
tr|Q9X1V4|Q9X1V4_THEMA	CDD:188619	37.500	64	39	1	184	247	10	72	1.92e-05	37.9
tr|Q9X1V4|Q9X1V4_THEMA	CDD:188627	41.304	46	23	2	177	221	1	43	3.05e-05	37.1
tr|Q9X1V4|Q9X1V4_THEMA	CDD:188628	30.769	52	27	2	191	233	13	64	5.87e-05	36.4
tr|Q9X1V4|Q9X1V4_THEMA	CDD:188617	41.176	34	20	0	194	227	16	49	7.65e-05	36.0
tr|Q9X1X0|Q9X1X0_THEMA	CDD:277319	30.508	236	112	7	8	241	1	186	2.41e-49	159
sp|Q9X1X7|NADA_THEMA	CDD:212595	26.772	127	61	6	31	134	96	213	3.83e-05	39.2
tr|Q9X1Z2|Q9X1Z2_THEMA	CDD:238192	27.586	87	56	3	63	145	2	85	3.70e-05	37.6
tr|Q9X234|Q9X234_THEMA	CDD:426902	44.578	83	44	1	208	288	1	83	1.21e-29	102
tr|Q9X258|Q9X258_THEMA	CDD:410864	58.621	261	100	2	184	443	1	254	3.21e-146	412
sp|Q9X282|UVRB_THEMA	CDD:350674	53.431	408	81	1	2	409	1	299	0.0	543
sp|Q9X282|UVRB_THEMA	CDD:350181	26.087	69	50	1	419	486	7	75	1.53e-07	45.3
sp|Q9X282|UVRB_THEMA	CDD:350180	25.352	71	53	0	416	486	2	72	5.81e-05	37.8
sp|Q9X282|UVRB_THEMA	CDD:350786	28.333	120	67	8	14	125	6	114	8.55e-05	38.1
tr|Q9X297|Q9X297_THEMA	CDD:133478	41.176	119	66	2	19	137	2	116	1.30e-44	137
tr|Q9X297|Q9X297_THEMA	CDD:426280	36.290	124	76	1	11	134	1	121	7.68e-37	117
sp|Q9X2E1|OGG1_THEMA	CDD:425841	27.350	117	72	4	70	184	35	140	4.22e-05	36.5
tr|Q9X2F5|Q9X2F5_THEMA	CDD:269869	61.290	31	12	0	219	249	26	56	1.57e-06	40.4
tr|Q9X2H1|Q9X2H1_THEMA	CDD:143331	56.863	51	22	0	6	56	2	52	1.51e-24	88.6
tr|Q9X2H1|Q9X2H1_THEMA	CDD:306791	64.444	45	16	0	3	47	1	45	9.94e-23	83.8
tr|Q9X2H1|Q9X2H1_THEMA	CDD:396104	32.609	46	28	1	3	48	11	53	3.04e-05	35.6
tr|Q9X2H8|Q9X2H8_THEMA	CDD:433187	33.871	62	41	0	11	72	1	62	4.32e-18	69.1
tr|Q9X2H8|Q9X2H8_THEMA	CDD:403907	29.412	68	42	2	9	76	1	62	1.29e-06	38.8
tr|Q9X2I7|Q9X2I7_THEMA	CDD:239905	61.538	65	24	1	1	64	1	65	6.36e-32	 99
sp|Q9ZHF6|DPO3_THEMA	CDD:434050	37.647	85	50	2	1279	1361	1	84	1.23e-17	73.7
sp|Q9ZHF6|DPO3_THEMA	CDD:432821	51.613	31	14	1	1308	1337	16	46	5.89e-07	42.5
sp|Q9ZHF6|DPO3_THEMA	CDD:282736	28.571	70	44	2	1286	1349	92	161	3.94e-05	40.1
sp|Q9ZHG4|DPO3A_THEMA	CDD:434050	38.636	88	50	2	589	672	1	88	1.47e-22	86.8
