sp|C0H3Q8|YUZN_BACSU	CDD:432824	38.806	67	35	1	6	72	1	61	1.91e-12	51.8
sp|C0H3Q8|YUZN_BACSU	CDD:238042	35.294	68	37	2	9	76	1	61	2.49e-12	51.9
sp|C0H3Q8|YUZN_BACSU	CDD:425993	36.538	52	26	2	14	65	1	45	3.17e-07	37.8
sp|C0H3S6|YWZG_BACSU	CDD:397561	50.000	74	37	0	15	88	1	74	2.98e-30	98.1
sp|C0H3S6|YWZG_BACSU	CDD:238042	30.556	72	37	2	10	81	7	65	5.79e-07	38.4
sp|C0H3S9|YBZH_BACSU	CDD:238042	29.787	94	49	2	7	100	1	77	8.16e-16	61.2
sp|C0H3S9|YBZH_BACSU	CDD:432824	25.676	74	41	1	5	78	2	61	3.83e-13	53.7
sp|C0H3S9|YBZH_BACSU	CDD:425993	30.000	60	27	1	12	71	1	45	4.64e-09	42.8
sp|C0H3X9|YGZD_BACSU	CDD:238045	38.596	57	35	0	3	59	2	58	2.38e-14	55.3
sp|C0H3X9|YGZD_BACSU	CDD:396104	45.833	48	26	0	5	52	1	48	6.80e-13	51.4
sp|C0H3X9|YGZD_BACSU	CDD:403907	34.694	49	32	0	4	52	3	51	3.60e-09	42.3
sp|C0H3X9|YGZD_BACSU	CDD:433309	35.417	48	30	1	6	52	7	54	3.94e-06	34.4
sp|C0H3X9|YGZD_BACSU	CDD:433211	31.034	58	39	1	4	60	1	58	5.97e-05	31.7
sp|C0H3Y4|YIZB_BACSU	CDD:397561	43.243	74	40	1	23	94	1	74	1.11e-22	78.8
sp|C0H3Y4|YIZB_BACSU	CDD:238042	31.707	82	43	3	21	102	10	78	3.27e-05	34.2
sp|C0H434|YOKU_BACSU	CDD:316632	68.966	87	27	0	3	89	1	87	8.01e-55	159
sp|C0SP86|SFTA_BACSU	CDD:430583	70.968	62	18	0	884	945	2	63	2.61e-36	125
sp|C0SPA8|YOBH_BACSU	CDD:176454	35.321	218	129	4	1	213	117	327	3.76e-87	255
sp|C0SPA8|YOBH_BACSU	CDD:176459	33.636	220	129	6	1	216	117	323	2.27e-48	156
sp|C0SPA8|YOBH_BACSU	CDD:176456	25.116	215	132	12	2	202	129	328	1.77e-13	62.7
sp|C0SPA8|YOBH_BACSU	CDD:176455	24.537	216	132	10	17	212	184	388	7.61e-13	60.8
sp|C0SPA8|YOBH_BACSU	CDD:432081	42.424	33	18	1	48	80	1	32	5.87e-08	42.0
sp|C0SPA8|YOBH_BACSU	CDD:176458	20.792	101	70	3	14	109	129	224	7.72e-05	37.0
sp|C0SPB6|SSBB_BACSU	CDD:239942	49.495	99	49	1	5	102	1	99	2.33e-39	121
sp|C0SPB8|YVAV_BACSU	CDD:432797	25.000	60	44	1	27	86	1	59	3.73e-08	42.6
sp|C0SPB8|YVAV_BACSU	CDD:238042	25.000	48	34	1	44	91	18	63	1.69e-05	36.1
sp|O05217|YWRC_BACSU	CDD:433180	47.500	40	21	0	13	52	1	40	8.79e-15	59.3
sp|O05217|YWRC_BACSU	CDD:404317	46.667	45	24	0	14	58	1	45	6.91e-13	54.4
sp|O05217|YWRC_BACSU	CDD:238042	33.333	48	31	1	13	60	6	52	3.01e-08	43.1
sp|O05217|YWRC_BACSU	CDD:311953	22.222	54	41	1	13	66	4	56	1.45e-05	35.3
sp|O05217|YWRC_BACSU	CDD:426012	30.952	42	29	0	19	60	8	49	2.97e-05	34.4
sp|O05217|YWRC_BACSU	CDD:432797	20.408	49	39	0	12	60	3	51	4.18e-05	34.1
sp|O05236|YUGG_BACSU	CDD:404317	33.333	45	30	0	5	49	1	45	1.77e-06	37.4
sp|O05261|YULB_BACSU	CDD:285436	43.860	57	32	0	6	62	1	57	5.02e-15	62.3
sp|O05392|RUVA_BACSU	CDD:434010	43.103	58	31	1	69	126	1	56	4.34e-12	53.6
sp|O05404|SIGV_BACSU	CDD:100119	55.556	54	24	0	104	157	2	55	3.48e-17	66.0
sp|O05404|SIGV_BACSU	CDD:400535	47.059	51	27	0	106	156	4	54	3.20e-15	60.9
sp|O05404|SIGV_BACSU	CDD:427998	28.571	70	48	1	15	82	2	71	5.17e-12	53.0
sp|O05404|SIGV_BACSU	CDD:427999	40.816	49	29	0	109	157	1	49	9.76e-10	46.3
sp|O05405|YRHO_BACSU	CDD:396525	47.761	67	35	0	9	75	1	67	1.05e-24	88.7
sp|O05409|SIGZ_BACSU	CDD:400535	40.385	52	31	0	99	150	3	54	8.22e-15	60.2
sp|O05409|SIGZ_BACSU	CDD:100119	37.037	54	34	0	98	151	2	55	1.69e-14	59.4
sp|O05409|SIGZ_BACSU	CDD:427998	21.739	69	52	1	6	72	1	69	2.81e-12	53.7
sp|O05409|SIGZ_BACSU	CDD:427999	32.653	49	33	0	104	152	2	50	1.63e-08	43.2
sp|O05409|SIGZ_BACSU	CDD:280223	33.333	45	29	1	113	156	41	85	1.40e-05	36.8
sp|O05494|YDHC_BACSU	CDD:153418	42.857	63	35	1	11	72	1	63	1.21e-21	79.4
sp|O05494|YDHC_BACSU	CDD:306822	40.984	61	35	1	13	72	2	62	1.41e-15	63.4
sp|O05509|GMUR_BACSU	CDD:153418	40.625	64	38	0	3	66	2	65	6.56e-22	80.6
sp|O05509|GMUR_BACSU	CDD:306822	39.062	64	39	0	3	66	1	64	1.43e-16	66.5
sp|O05521|REX_BACSU	CDD:429222	51.020	49	24	0	7	55	1	49	2.99e-24	85.6
sp|O06008|ADHR_BACSU	CDD:133384	50.442	113	56	0	1	113	1	113	5.62e-53	158
sp|O06008|ADHR_BACSU	CDD:133398	34.286	105	62	1	1	105	1	98	2.88e-25	88.0
sp|O06008|ADHR_BACSU	CDD:133378	35.780	109	61	2	1	109	1	100	4.80e-23	81.5
sp|O06008|ADHR_BACSU	CDD:133383	37.143	105	59	1	1	105	1	98	1.19e-21	78.8
sp|O06008|ADHR_BACSU	CDD:133408	34.286	105	57	3	1	105	1	93	3.92e-20	74.6
sp|O06008|ADHR_BACSU	CDD:433186	40.909	66	38	1	1	66	1	65	7.34e-19	69.9
sp|O06008|ADHR_BACSU	CDD:133388	32.075	106	67	2	1	106	1	101	6.80e-18	68.8
sp|O06008|ADHR_BACSU	CDD:133397	28.037	107	75	2	1	106	1	106	1.80e-17	67.8
sp|O06008|ADHR_BACSU	CDD:133411	37.705	61	38	0	1	61	1	61	5.33e-16	64.1
sp|O06008|ADHR_BACSU	CDD:133381	29.245	106	69	1	1	106	1	100	7.89e-16	62.9
sp|O06008|ADHR_BACSU	CDD:133415	34.426	61	40	0	1	61	1	61	2.06e-15	62.0
sp|O06008|ADHR_BACSU	CDD:133389	40.000	50	29	1	1	50	1	49	9.09e-15	58.8
sp|O06008|ADHR_BACSU	CDD:133412	30.275	109	71	2	1	105	1	108	9.86e-15	60.6
sp|O06008|ADHR_BACSU	CDD:133414	28.155	103	71	1	1	103	1	100	1.04e-14	60.8
sp|O06008|ADHR_BACSU	CDD:133410	34.259	108	56	4	1	105	1	96	1.27e-14	60.7
sp|O06008|ADHR_BACSU	CDD:133417	39.796	98	56	2	3	98	4	100	1.86e-14	61.3
sp|O06008|ADHR_BACSU	CDD:133401	44.444	54	29	1	1	54	1	53	4.53e-14	58.3
sp|O06008|ADHR_BACSU	CDD:425647	50.000	38	19	0	2	39	1	38	1.54e-13	55.5
sp|O06008|ADHR_BACSU	CDD:133400	29.348	92	62	2	1	91	1	90	2.36e-12	54.3
sp|O06008|ADHR_BACSU	CDD:133413	37.705	61	38	0	1	61	1	61	4.22e-12	54.1
sp|O06008|ADHR_BACSU	CDD:133409	25.000	104	66	2	3	106	3	94	4.44e-12	53.0
sp|O06008|ADHR_BACSU	CDD:133402	38.983	59	35	1	3	61	4	61	2.04e-11	51.8
sp|O06008|ADHR_BACSU	CDD:133416	28.125	96	65	3	1	95	2	94	1.16e-10	49.8
sp|O06008|ADHR_BACSU	CDD:133396	27.885	104	62	1	3	106	3	93	1.37e-10	49.3
sp|O06008|ADHR_BACSU	CDD:133407	28.125	64	45	1	1	63	1	64	1.74e-10	48.9
sp|O06008|ADHR_BACSU	CDD:133382	24.545	110	77	2	3	111	3	107	1.91e-10	49.1
sp|O06008|ADHR_BACSU	CDD:133379	33.846	65	41	2	2	65	2	65	2.96e-10	47.6
sp|O06008|ADHR_BACSU	CDD:133385	32.787	61	40	1	1	61	2	61	2.99e-10	49.5
sp|O06008|ADHR_BACSU	CDD:133403	25.439	114	80	2	1	111	1	112	4.69e-10	48.3
sp|O06008|ADHR_BACSU	CDD:133394	31.731	104	51	4	3	105	4	88	5.01e-10	47.6
sp|O06008|ADHR_BACSU	CDD:133395	34.286	70	43	2	2	70	3	70	1.23e-09	47.5
sp|O06008|ADHR_BACSU	CDD:133399	35.294	51	30	1	4	54	4	51	1.58e-09	46.6
sp|O06008|ADHR_BACSU	CDD:133386	25.000	108	73	3	3	109	3	103	4.29e-08	43.1
sp|O06008|ADHR_BACSU	CDD:133380	31.250	64	44	0	2	65	3	66	6.36e-08	42.2
sp|O06008|ADHR_BACSU	CDD:133406	23.853	109	71	3	3	111	3	99	2.79e-07	41.3
sp|O06008|ADHR_BACSU	CDD:133387	32.653	49	32	1	3	51	4	51	8.89e-07	39.5
sp|O06008|ADHR_BACSU	CDD:133392	38.095	63	34	2	3	63	3	62	3.04e-06	37.3
sp|O06008|ADHR_BACSU	CDD:133404	23.853	109	77	3	1	105	1	107	3.31e-06	37.8
sp|O06008|ADHR_BACSU	CDD:133390	26.667	45	32	1	1	45	1	44	8.46e-06	35.6
sp|O06008|ADHR_BACSU	CDD:430498	20.312	64	51	0	44	107	1	64	2.49e-05	34.8
sp|O06008|ADHR_BACSU	CDD:133393	38.000	50	29	2	3	51	3	51	3.08e-05	35.3
sp|O06474|YFMP_BACSU	CDD:133401	44.762	105	49	2	4	108	1	96	8.89e-42	129
sp|O06474|YFMP_BACSU	CDD:133398	32.258	124	67	3	4	127	1	107	2.99e-28	95.3
sp|O06474|YFMP_BACSU	CDD:133383	35.433	127	61	5	4	128	1	108	3.66e-25	87.6
sp|O06474|YFMP_BACSU	CDD:133378	36.190	105	62	3	4	108	1	100	7.19e-25	86.1
sp|O06474|YFMP_BACSU	CDD:133384	31.897	116	76	2	4	119	1	113	7.98e-25	86.4
sp|O06474|YFMP_BACSU	CDD:133389	46.000	50	26	1	4	53	1	49	8.00e-20	71.9
sp|O06474|YFMP_BACSU	CDD:133381	36.111	108	57	4	4	106	1	101	8.67e-20	73.3
sp|O06474|YFMP_BACSU	CDD:133415	40.580	69	40	1	4	72	1	68	2.83e-19	71.6
sp|O06474|YFMP_BACSU	CDD:133411	30.769	130	69	5	4	131	1	111	3.40e-19	72.2
sp|O06474|YFMP_BACSU	CDD:133410	30.469	128	70	3	4	131	1	109	7.96e-19	71.5
sp|O06474|YFMP_BACSU	CDD:133412	29.600	125	71	3	4	128	1	108	1.73e-18	70.7
sp|O06474|YFMP_BACSU	CDD:425647	55.263	38	17	0	5	42	1	38	1.19e-17	65.9
sp|O06474|YFMP_BACSU	CDD:433186	38.235	68	40	2	4	71	1	66	2.37e-17	66.0
sp|O06474|YFMP_BACSU	CDD:133408	28.037	107	74	3	4	109	1	105	3.13e-17	67.3
sp|O06474|YFMP_BACSU	CDD:133388	27.200	125	72	5	4	126	1	108	5.05e-16	63.8
sp|O06474|YFMP_BACSU	CDD:133397	30.000	110	74	3	4	113	1	107	7.47e-16	63.5
sp|O06474|YFMP_BACSU	CDD:133413	41.176	68	39	1	4	71	1	67	3.14e-14	59.8
sp|O06474|YFMP_BACSU	CDD:133414	36.986	73	45	1	4	76	1	72	6.14e-14	58.9
sp|O06474|YFMP_BACSU	CDD:133385	28.125	128	69	5	3	127	1	108	4.03e-13	56.8
sp|O06474|YFMP_BACSU	CDD:133382	22.835	127	73	4	5	129	2	105	1.37e-12	54.8
sp|O06474|YFMP_BACSU	CDD:133379	45.833	48	26	0	6	53	3	50	6.71e-12	51.9
sp|O06474|YFMP_BACSU	CDD:133396	29.630	108	60	3	6	113	3	94	9.65e-12	52.4
sp|O06474|YFMP_BACSU	CDD:133417	32.857	70	46	1	6	75	4	72	1.52e-11	53.6
sp|O06474|YFMP_BACSU	CDD:133409	27.451	102	63	3	5	101	2	97	1.83e-11	51.5
sp|O06474|YFMP_BACSU	CDD:133394	38.356	73	44	1	6	78	4	75	2.44e-11	51.1
sp|O06474|YFMP_BACSU	CDD:133399	40.476	42	25	0	9	50	6	47	3.26e-11	50.9
sp|O06474|YFMP_BACSU	CDD:133387	35.135	74	47	1	6	79	4	76	1.64e-10	49.1
sp|O06474|YFMP_BACSU	CDD:133403	29.204	113	64	4	4	116	1	97	3.08e-10	48.7
sp|O06474|YFMP_BACSU	CDD:133407	28.125	64	46	0	4	67	1	64	4.91e-10	47.7
sp|O06474|YFMP_BACSU	CDD:133404	30.357	112	69	4	4	111	1	107	2.23e-08	43.6
sp|O06474|YFMP_BACSU	CDD:133402	34.783	69	43	2	5	73	3	69	2.98e-08	43.3
sp|O06474|YFMP_BACSU	CDD:133406	26.000	100	70	3	5	104	2	97	3.14e-08	44.0
sp|O06474|YFMP_BACSU	CDD:133416	24.510	102	62	3	4	105	2	88	4.35e-08	42.9
sp|O06474|YFMP_BACSU	CDD:133380	37.500	80	42	6	6	81	4	79	6.71e-08	41.8
sp|O06474|YFMP_BACSU	CDD:133390	30.000	50	34	1	4	53	1	49	3.60e-07	39.1
sp|O06474|YFMP_BACSU	CDD:133405	32.895	76	46	3	5	77	3	76	4.02e-07	41.6
sp|O06474|YFMP_BACSU	CDD:133392	31.429	70	42	3	5	72	2	67	9.37e-07	38.5
sp|O06474|YFMP_BACSU	CDD:133400	27.083	48	35	0	4	51	1	48	7.35e-06	37.0
sp|O06474|YFMP_BACSU	CDD:133391	37.778	45	26	2	5	48	2	45	8.73e-06	36.0
sp|O06747|YITL_BACSU	CDD:436041	47.273	55	29	0	241	295	3	57	2.83e-25	90.2
sp|O06975|WHIA_BACSU	CDD:426902	66.667	84	27	1	221	304	1	83	9.18e-44	139
sp|O06978|YVCP_BACSU	CDD:294013	39.326	89	54	0	139	227	1	89	4.01e-31	104
sp|O06978|YVCP_BACSU	CDD:425712	40.000	75	44	1	154	227	3	77	2.26e-27	94.9
sp|O06987|YVDE_BACSU	CDD:143331	47.059	51	27	0	6	56	2	52	7.29e-20	75.9
sp|O06987|YVDE_BACSU	CDD:306791	58.696	46	19	0	3	48	1	46	8.10e-20	75.8
sp|O07001|YVDT_BACSU	CDD:425684	42.553	47	27	0	12	58	1	47	1.92e-15	62.0
sp|O07007|LUTR_BACSU	CDD:153418	55.556	54	24	0	1	54	13	66	3.09e-20	75.6
sp|O07007|LUTR_BACSU	CDD:306822	57.692	52	22	0	1	52	12	63	1.29e-16	66.1
sp|O07007|LUTR_BACSU	CDD:429896	37.838	37	22	1	15	50	15	51	9.38e-05	33.6
sp|O07008|GANR_BACSU	CDD:143331	56.818	44	17	1	5	48	1	42	5.22e-19	74.0
sp|O07008|GANR_BACSU	CDD:306791	58.696	46	17	1	3	48	1	44	4.85e-16	65.7
sp|O07019|YVFU_BACSU	CDD:425517	42.857	56	32	0	139	194	2	57	1.13e-16	65.7
sp|O07019|YVFU_BACSU	CDD:99777	43.860	57	32	0	140	196	1	57	1.20e-15	62.9
sp|O07522|YHAO_BACSU	CDD:277319	32.287	223	108	3	7	225	2	185	4.33e-64	198
sp|O07528|YHCZ_BACSU	CDD:425517	54.545	55	25	0	149	203	3	57	9.69e-24	84.2
sp|O07528|YHCZ_BACSU	CDD:99777	56.140	57	25	0	149	205	1	57	4.40e-23	82.6
sp|O07528|YHCZ_BACSU	CDD:400535	40.000	45	26	1	148	191	10	54	3.52e-06	37.4
sp|O07567|NTDR_BACSU	CDD:143331	50.980	51	25	0	6	56	2	52	6.71e-23	84.4
sp|O07567|NTDR_BACSU	CDD:306791	54.348	46	21	0	3	48	1	46	2.92e-20	77.3
sp|O07570|YHJP_BACSU	CDD:432788	41.975	81	47	0	19	99	15	95	6.45e-21	82.7
sp|O07573|NSRR_BACSU	CDD:396591	40.152	132	78	1	3	134	1	131	5.62e-38	120
sp|O07578|YHDI_BACSU	CDD:153418	40.625	64	38	0	14	77	1	64	6.27e-18	72.1
sp|O07578|YHDI_BACSU	CDD:306822	38.095	63	39	0	15	77	1	63	5.44e-12	55.3
sp|O07582|SIGM_BACSU	CDD:427998	32.394	71	45	1	6	73	1	71	1.05e-20	75.3
sp|O07582|SIGM_BACSU	CDD:100119	30.909	55	38	0	99	153	1	55	1.41e-15	61.7
sp|O07582|SIGM_BACSU	CDD:400535	44.681	47	26	0	106	152	8	54	1.42e-11	51.3
sp|O07582|SIGM_BACSU	CDD:427999	26.531	49	36	0	106	154	2	50	1.34e-09	45.9
sp|O07586|CUER_BACSU	CDD:133406	50.000	138	58	2	12	142	1	134	2.10e-63	185
sp|O07586|CUER_BACSU	CDD:133378	42.647	68	39	0	12	79	1	68	6.28e-23	81.1
sp|O07586|CUER_BACSU	CDD:133389	48.980	49	25	0	12	60	1	49	1.05e-18	69.2
sp|O07586|CUER_BACSU	CDD:133398	41.176	68	39	1	12	78	1	68	1.65e-18	70.7
sp|O07586|CUER_BACSU	CDD:133411	35.644	101	62	3	12	110	1	100	2.39e-18	70.3
sp|O07586|CUER_BACSU	CDD:433186	42.424	66	38	0	12	77	1	66	8.76e-18	67.2
sp|O07586|CUER_BACSU	CDD:133414	46.269	67	35	1	13	78	2	68	2.50e-16	65.4
sp|O07586|CUER_BACSU	CDD:133417	32.231	121	76	4	11	126	1	120	9.51e-15	62.1
sp|O07586|CUER_BACSU	CDD:133381	41.429	70	40	1	12	80	1	70	1.52e-13	57.1
sp|O07586|CUER_BACSU	CDD:133401	45.283	53	29	0	12	64	1	53	3.29e-13	56.4
sp|O07586|CUER_BACSU	CDD:133415	30.263	76	52	1	13	87	2	77	4.92e-13	55.8
sp|O07586|CUER_BACSU	CDD:133396	34.043	94	60	2	12	103	1	94	6.06e-13	55.4
sp|O07586|CUER_BACSU	CDD:133416	33.696	92	60	1	12	103	2	92	9.20e-13	55.2
sp|O07586|CUER_BACSU	CDD:133382	26.852	108	68	2	12	108	1	108	3.32e-12	53.7
sp|O07586|CUER_BACSU	CDD:133410	46.000	50	26	1	12	60	1	50	6.25e-12	53.8
sp|O07586|CUER_BACSU	CDD:133409	34.247	73	47	1	12	83	1	73	6.95e-12	52.6
sp|O07586|CUER_BACSU	CDD:133402	34.783	92	59	1	12	103	2	92	1.07e-11	52.5
sp|O07586|CUER_BACSU	CDD:133388	52.083	48	23	0	13	60	2	49	1.12e-11	52.6
sp|O07586|CUER_BACSU	CDD:133383	31.818	66	44	1	14	78	3	68	3.51e-11	51.8
sp|O07586|CUER_BACSU	CDD:425647	47.368	38	19	1	13	49	1	38	3.54e-11	49.3
sp|O07586|CUER_BACSU	CDD:133384	33.846	65	42	1	12	75	1	65	1.49e-10	49.8
sp|O07586|CUER_BACSU	CDD:133397	33.871	62	41	0	14	75	3	64	1.68e-10	49.7
sp|O07586|CUER_BACSU	CDD:133412	37.879	66	40	1	14	78	3	68	1.75e-10	49.9
sp|O07586|CUER_BACSU	CDD:133407	29.670	91	59	3	12	97	1	91	2.59e-10	48.5
sp|O07586|CUER_BACSU	CDD:133386	37.500	64	39	1	12	74	1	64	6.55e-10	47.8
sp|O07586|CUER_BACSU	CDD:133380	26.087	69	50	1	11	78	1	69	2.66e-08	43.0
sp|O07586|CUER_BACSU	CDD:133385	29.231	65	46	0	14	78	4	68	4.00e-08	43.7
sp|O07586|CUER_BACSU	CDD:133405	42.000	50	29	0	11	60	1	50	5.33e-08	44.3
sp|O07586|CUER_BACSU	CDD:133400	30.882	68	46	1	12	78	1	68	1.45e-07	41.6
sp|O07586|CUER_BACSU	CDD:133403	37.313	67	41	1	12	78	1	66	5.00e-07	40.2
sp|O07586|CUER_BACSU	CDD:133408	23.711	97	66	2	14	103	3	98	5.99e-07	40.3
sp|O07586|CUER_BACSU	CDD:133394	40.816	49	29	0	12	60	2	50	2.03e-06	38.0
sp|O07586|CUER_BACSU	CDD:133387	38.000	50	31	0	11	60	1	50	2.03e-06	38.3
sp|O07586|CUER_BACSU	CDD:133413	26.984	63	45	1	13	74	2	64	2.43e-06	38.7
sp|O07586|CUER_BACSU	CDD:133392	29.412	68	46	2	12	78	1	67	8.93e-06	35.8
sp|O07586|CUER_BACSU	CDD:133379	27.941	68	40	2	12	74	1	64	1.32e-05	35.3
sp|O07586|CUER_BACSU	CDD:133390	30.612	49	34	0	12	60	1	49	2.07e-05	34.5
sp|O07627|YLAC_BACSU	CDD:427998	26.866	67	47	1	10	74	1	67	1.25e-14	59.9
sp|O07627|YLAC_BACSU	CDD:100119	50.000	54	27	0	108	161	2	55	2.28e-14	59.0
sp|O07627|YLAC_BACSU	CDD:400535	42.593	54	31	0	107	160	1	54	4.61e-12	52.8
sp|O07627|YLAC_BACSU	CDD:427999	38.776	49	30	0	114	162	2	50	4.35e-08	42.0
sp|O07906|YRAN_BACSU	CDD:425479	35.593	59	38	0	4	62	2	60	5.62e-16	65.5
sp|O07906|YRAN_BACSU	CDD:433305	33.333	36	24	0	12	47	6	41	4.79e-09	45.9
sp|O07917|YRAL_BACSU	CDD:400902	23.288	73	43	2	12	84	33	92	1.85e-05	34.6
sp|O07920|AZLB_BACSU	CDD:433180	52.500	40	19	0	6	45	1	40	1.28e-14	58.9
sp|O07920|AZLB_BACSU	CDD:404317	48.889	45	23	0	7	51	1	45	4.03e-14	57.4
sp|O07920|AZLB_BACSU	CDD:238042	33.333	51	33	1	3	53	3	52	2.04e-06	38.0
sp|O07920|AZLB_BACSU	CDD:432824	26.000	50	37	0	3	52	6	55	6.17e-05	33.7
sp|O08335|BSCR_BACSU	CDD:425684	55.556	45	20	0	12	56	1	45	2.42e-17	67.0
sp|O31414|YAZA_BACSU	CDD:426314	42.857	77	41	2	5	78	1	77	4.50e-16	61.6
sp|O31417|YAZB_BACSU	CDD:238045	44.828	58	32	0	7	64	1	58	2.59e-16	60.3
sp|O31417|YAZB_BACSU	CDD:396104	38.182	55	34	0	10	64	1	55	1.02e-14	56.4
sp|O31417|YAZB_BACSU	CDD:403907	40.323	62	37	0	7	68	1	62	1.64e-11	48.4
sp|O31417|YAZB_BACSU	CDD:433309	38.333	60	36	1	7	65	3	62	1.64e-10	46.0
sp|O31432|YBDJ_BACSU	CDD:294013	27.473	91	62	3	129	217	1	89	2.44e-18	71.4
sp|O31432|YBDJ_BACSU	CDD:425712	34.667	75	46	2	146	217	3	77	3.16e-17	68.3
sp|O31443|YBFA_BACSU	CDD:426012	33.898	59	39	0	35	93	1	59	1.95e-15	64.1
sp|O31443|YBFA_BACSU	CDD:432797	28.814	59	42	0	33	91	1	59	4.75e-13	57.6
sp|O31443|YBFA_BACSU	CDD:404317	31.818	44	30	0	38	81	2	45	6.36e-08	42.8
sp|O31449|YBFI_BACSU	CDD:432818	35.000	80	50	1	190	267	1	80	3.87e-22	82.3
sp|O31449|YBFI_BACSU	CDD:425497	41.935	31	17	1	237	267	13	42	2.00e-05	35.6
sp|O31456|YBFP_BACSU	CDD:432818	31.944	72	48	1	34	104	8	79	2.27e-15	64.5
sp|O31456|YBFP_BACSU	CDD:425497	26.829	41	30	0	14	54	1	41	1.04e-07	42.1
sp|O31459|YBGA_BACSU	CDD:153418	49.231	65	33	0	4	68	2	66	6.31e-27	93.3
sp|O31459|YBGA_BACSU	CDD:306822	48.438	64	33	0	4	67	1	64	6.12e-20	75.3
sp|O31472|YCGE_BACSU	CDD:426012	51.020	49	24	0	48	96	11	59	5.33e-15	60.3
sp|O31472|YCGE_BACSU	CDD:432797	42.553	47	27	0	49	95	14	60	1.01e-13	56.8
sp|O31472|YCGE_BACSU	CDD:404317	34.091	44	29	0	41	84	2	45	5.00e-07	39.0
sp|O31472|YCGE_BACSU	CDD:238042	36.538	52	32	1	40	91	7	57	1.40e-06	38.4
sp|O31472|YCGE_BACSU	CDD:404487	23.188	69	48	1	48	111	8	76	2.85e-06	37.6
sp|O31472|YCGE_BACSU	CDD:427620	36.170	47	26	1	47	89	10	56	1.95e-05	36.0
sp|O31472|YCGE_BACSU	CDD:433228	27.778	54	38	1	51	104	15	67	3.07e-05	34.6
sp|O31472|YCGE_BACSU	CDD:396525	36.364	55	35	0	34	88	2	56	4.23e-05	34.4
sp|O31472|YCGE_BACSU	CDD:238044	25.000	48	32	1	53	100	24	67	5.87e-05	33.8
sp|O31480|YCZG_BACSU	CDD:238042	38.806	67	41	0	18	84	1	67	1.05e-14	58.5
sp|O31480|YCZG_BACSU	CDD:425993	43.182	44	25	0	23	66	1	44	1.18e-13	54.8
sp|O31480|YCZG_BACSU	CDD:432824	35.000	60	38	1	16	74	2	61	1.84e-11	49.5
sp|O31489|YDCI_BACSU	CDD:435965	45.946	74	35	3	556	628	1	70	3.48e-22	84.9
sp|O31489|YDCI_BACSU	CDD:432821	50.909	55	27	0	495	549	8	62	7.60e-22	83.7
sp|O31494|YDZF_BACSU	CDD:396282	51.648	91	43	1	18	108	1	90	3.16e-47	141
sp|O31497|YEZC_BACSU	CDD:433180	41.463	41	24	0	2	42	1	41	6.67e-18	66.6
sp|O31497|YEZC_BACSU	CDD:404317	42.222	45	26	0	3	47	1	45	7.82e-17	64.0
sp|O31497|YEZC_BACSU	CDD:238042	34.694	49	31	1	2	50	6	53	3.60e-09	45.0
sp|O31497|YEZC_BACSU	CDD:432797	31.250	48	33	0	1	48	3	50	1.19e-08	43.3
sp|O31497|YEZC_BACSU	CDD:426012	35.556	45	29	0	4	48	4	48	4.78e-06	36.4
sp|O31497|YEZC_BACSU	CDD:396335	35.714	42	25	2	8	47	13	54	9.63e-06	35.8
sp|O31497|YEZC_BACSU	CDD:433710	26.471	68	45	3	7	71	5	70	3.80e-05	34.3
sp|O31498|DNLJ_BACSU	CDD:349379	50.000	74	32	1	595	663	1	74	6.17e-27	98.7
sp|O31498|DNLJ_BACSU	CDD:432812	50.877	57	28	0	505	561	1	57	3.39e-26	96.1
sp|O31498|DNLJ_BACSU	CDD:349383	49.275	69	34	1	595	662	6	74	2.21e-20	79.9
sp|O31498|DNLJ_BACSU	CDD:425789	53.333	30	14	0	529	558	1	30	4.60e-07	40.9
sp|O31498|DNLJ_BACSU	CDD:434010	37.500	48	29	1	510	556	5	52	2.41e-05	36.7
sp|O31500|YERO_BACSU	CDD:425684	48.936	47	24	0	8	54	1	47	2.21e-18	71.7
sp|O31517|YESN_BACSU	CDD:432818	42.500	80	45	1	282	361	3	81	1.07e-24	90.7
sp|O31517|YESN_BACSU	CDD:425497	45.000	40	20	1	321	360	5	42	1.78e-09	47.1
sp|O31522|YESS_BACSU	CDD:432818	31.250	80	53	2	679	756	2	81	1.31e-22	86.9
sp|O31522|YESS_BACSU	CDD:425497	26.190	42	31	0	665	706	1	42	1.25e-06	40.2
sp|O31522|YESS_BACSU	CDD:425497	41.667	36	21	0	720	755	7	42	2.43e-05	36.4
sp|O31541|YETL_BACSU	CDD:426012	34.426	61	38	1	53	113	1	59	3.61e-15	61.0
sp|O31541|YETL_BACSU	CDD:432797	31.667	60	39	1	52	111	2	59	2.13e-09	45.7
sp|O31541|YETL_BACSU	CDD:430539	27.273	44	32	0	61	104	8	51	4.36e-06	36.6
sp|O31541|YETL_BACSU	CDD:238042	30.000	60	36	2	59	118	11	64	3.59e-05	35.0
sp|O31544|YFJP_BACSU	CDD:425841	29.487	156	90	4	123	273	1	141	1.45e-36	122
sp|O31551|ACOR_BACSU	CDD:427077	45.000	40	22	0	559	598	1	40	2.04e-13	58.9
sp|O31551|ACOR_BACSU	CDD:283007	38.889	36	19	2	565	597	3	38	3.78e-05	35.7
sp|O31560|YFIR_BACSU	CDD:425684	36.170	47	30	0	17	63	1	47	2.91e-14	59.0
sp|O31564|YFIV_BACSU	CDD:426012	50.847	59	29	0	47	105	1	59	2.45e-20	74.1
sp|O31564|YFIV_BACSU	CDD:432797	35.000	60	39	0	45	104	1	60	6.75e-13	54.9
sp|O31564|YFIV_BACSU	CDD:238042	31.746	63	39	2	52	114	10	68	1.98e-06	38.4
sp|O31564|YFIV_BACSU	CDD:433228	30.000	60	38	1	56	111	7	66	1.98e-06	38.0
sp|O31584|YFHQ_BACSU	CDD:425841	36.429	140	84	4	44	178	1	140	4.46e-41	136
sp|O31584|YFHQ_BACSU	CDD:239523	32.479	117	74	3	243	358	5	117	1.95e-32	112
sp|O31584|YFHQ_BACSU	CDD:425789	36.667	30	19	0	108	137	1	30	2.05e-05	35.5
sp|O31592|YHBI_BACSU	CDD:426012	35.593	59	38	0	38	96	1	59	3.83e-17	65.6
sp|O31592|YHBI_BACSU	CDD:432797	25.000	60	45	0	36	95	1	60	3.41e-05	34.5
sp|O31626|YJCD_BACSU	CDD:350194	22.430	321	77	3	412	731	1	150	4.91e-34	121
sp|O31626|YJCD_BACSU	CDD:350173	22.772	101	56	3	629	729	9	87	2.01e-12	58.2
sp|O31626|YJCD_BACSU	CDD:350196	33.333	63	24	2	669	731	36	80	9.33e-11	52.9
sp|O31639|YJCQ_BACSU	CDD:401540	40.426	94	45	2	8	90	1	94	1.48e-29	95.9
sp|O31640|YJCR_BACSU	CDD:400535	40.741	27	16	0	12	38	23	49	9.33e-06	35.9
sp|O31640|YJCR_BACSU	CDD:402346	28.571	49	35	0	3	51	10	58	1.77e-05	35.6
sp|O31640|YJCR_BACSU	CDD:433276	22.449	49	32	2	6	48	3	51	2.70e-05	34.9
sp|O31640|YJCR_BACSU	CDD:428745	37.838	37	23	0	7	43	5	41	2.96e-05	34.7
sp|O31644|MANR_BACSU	CDD:428276	26.230	61	42	1	104	164	23	80	2.42e-05	37.6
sp|O31654|SIGI_BACSU	CDD:427998	29.577	71	49	1	36	106	1	70	1.00e-13	59.1
sp|O31656|YKRK_BACSU	CDD:430279	33.333	102	57	4	62	159	8	102	1.76e-24	88.1
sp|O31672|MHQR_BACSU	CDD:426012	35.593	59	38	0	32	90	1	59	3.16e-17	65.6
sp|O31672|MHQR_BACSU	CDD:432797	30.508	59	41	0	30	88	1	59	2.54e-13	55.7
sp|O31672|MHQR_BACSU	CDD:433228	29.412	68	47	1	32	98	1	68	1.23e-10	48.8
sp|O31679|YKVN_BACSU	CDD:396282	66.667	90	30	0	14	103	1	90	4.92e-51	151
sp|O31690|YKVZ_BACSU	CDD:143331	55.769	52	23	0	5	56	1	52	1.22e-21	80.9
sp|O31690|YKVZ_BACSU	CDD:306791	58.696	46	19	0	3	48	1	46	1.07e-20	78.1
sp|O31713|FRUR_BACSU	CDD:285436	45.455	55	30	0	6	60	1	55	9.25e-15	61.5
sp|O31713|FRUR_BACSU	CDD:285637	29.032	62	38	2	10	65	3	64	5.92e-05	34.7
sp|O31761|YMFC_BACSU	CDD:153418	50.000	64	32	0	10	73	2	65	1.27e-26	92.9
sp|O31761|YMFC_BACSU	CDD:306822	54.688	64	29	0	10	73	1	64	8.91e-24	85.4
sp|O31761|YMFC_BACSU	CDD:238042	37.931	29	18	0	38	66	25	53	2.35e-05	36.1
sp|O31761|YMFC_BACSU	CDD:285436	41.026	39	23	0	38	76	19	57	4.86e-05	34.5
sp|O31771|YMFM_BACSU	CDD:433187	48.077	52	27	0	1	52	11	62	6.34e-21	78.7
sp|O31834|YOZG_BACSU	CDD:433211	46.667	60	32	0	6	65	1	60	2.15e-25	84.1
sp|O31834|YOZG_BACSU	CDD:238045	28.302	53	37	1	10	62	7	58	2.26e-07	38.3
sp|O31834|YOZG_BACSU	CDD:396104	28.000	50	35	1	13	62	7	55	3.74e-05	32.5
sp|O31841|YOZK_BACSU	CDD:176454	34.906	106	59	5	13	115	1	99	1.20e-37	124
sp|O31841|YOZK_BACSU	CDD:176459	31.193	109	58	8	13	115	1	98	5.71e-10	49.4
sp|O31841|YOZK_BACSU	CDD:176453	24.299	107	69	5	13	115	1	99	9.17e-09	45.8
sp|O31842|YOZL_BACSU	CDD:430270	31.183	93	64	0	1	93	1	93	3.88e-25	84.9
sp|O31844|CZRA_BACSU	CDD:238042	50.000	78	38	1	26	102	1	78	7.46e-22	76.6
sp|O31844|CZRA_BACSU	CDD:425993	55.556	45	20	0	31	75	1	45	1.56e-16	62.1
sp|O31844|CZRA_BACSU	CDD:432824	38.333	60	36	1	23	81	1	60	2.15e-11	49.5
sp|O31849|YOJO_BACSU	CDD:310411	21.782	202	137	5	214	408	263	450	6.25e-05	39.9
sp|O31865|YOTL_BACSU	CDD:433211	25.397	63	47	0	11	73	1	63	8.68e-15	57.2
sp|O31865|YOTL_BACSU	CDD:238045	36.207	58	36	1	10	67	2	58	2.24e-09	43.3
sp|O31902|YORL_BACSU	CDD:434050	34.066	91	52	4	915	1001	1	87	9.84e-23	87.9
sp|O31905|YORI_BACSU	CDD:410864	19.853	136	100	3	260	394	53	180	3.09e-08	48.7
sp|O31917|LIGB_BACSU	CDD:185715	36.842	190	113	3	3	185	1	190	3.04e-71	212
sp|O31917|LIGB_BACSU	CDD:185711	26.961	204	121	8	3	182	5	204	7.02e-32	111
sp|O31917|LIGB_BACSU	CDD:185713	23.077	221	116	8	3	182	12	219	1.71e-30	108
sp|O31917|LIGB_BACSU	CDD:185709	28.324	173	111	5	23	182	26	198	1.99e-30	107
sp|O31917|LIGB_BACSU	CDD:185708	29.442	197	115	8	6	181	8	201	1.11e-25	95.3
sp|O31917|LIGB_BACSU	CDD:185714	28.061	196	119	7	3	182	1	190	1.60e-24	91.9
sp|O31917|LIGB_BACSU	CDD:185710	27.103	214	114	12	3	182	10	215	4.39e-24	91.5
sp|O31917|LIGB_BACSU	CDD:185707	22.051	195	112	10	4	182	2	172	3.88e-18	74.1
sp|O31917|LIGB_BACSU	CDD:185712	30.220	182	94	11	23	182	39	209	2.86e-14	64.3
sp|O31917|LIGB_BACSU	CDD:185716	22.120	217	100	12	23	182	27	231	1.03e-06	42.8
sp|O31936|YOPB_BACSU	CDD:433211	27.419	62	45	0	5	66	1	62	1.25e-15	59.1
sp|O31943|YONR_BACSU	CDD:238045	48.276	58	30	0	3	60	1	58	2.63e-16	61.8
sp|O31943|YONR_BACSU	CDD:396104	49.091	55	28	0	6	60	1	55	7.89e-16	60.6
sp|O31943|YONR_BACSU	CDD:403907	40.323	62	37	0	3	64	1	62	3.10e-12	51.9
sp|O31943|YONR_BACSU	CDD:433309	31.034	58	39	1	2	58	2	59	7.38e-08	40.6
sp|O31971|YOMM_BACSU	CDD:271175	26.404	178	112	9	151	320	1	167	1.16e-15	68.3
sp|O31971|YOMM_BACSU	CDD:271180	34.177	79	51	1	169	246	20	98	1.75e-05	39.2
sp|O31990|UVRX_BACSU	CDD:176454	36.872	358	196	11	13	354	1	344	1.45e-142	405
sp|O31990|UVRX_BACSU	CDD:176459	32.961	358	201	15	13	355	1	334	8.03e-72	223
sp|O31990|UVRX_BACSU	CDD:176453	25.698	358	234	15	13	353	1	343	3.03e-42	146
sp|O31990|UVRX_BACSU	CDD:176456	24.324	370	200	19	15	339	3	337	1.75e-20	86.2
sp|O31990|UVRX_BACSU	CDD:176455	24.306	288	178	13	95	353	126	402	2.27e-17	77.4
sp|O31990|UVRX_BACSU	CDD:176457	21.772	395	233	19	15	355	3	375	3.47e-12	61.3
sp|O31990|UVRX_BACSU	CDD:432081	42.424	33	18	1	176	208	1	32	1.01e-08	45.1
sp|O31990|UVRX_BACSU	CDD:176458	19.444	216	142	9	38	237	25	224	4.54e-08	48.5
sp|O31991|YOLD_BACSU	CDD:430270	35.106	94	61	0	14	107	1	94	1.92e-32	104
sp|O32001|YOKF_BACSU	CDD:395448	50.000	110	50	2	91	199	1	106	1.80e-43	138
sp|O32006|YOKA_BACSU	CDD:429502	38.739	111	59	3	189	299	1	102	1.29e-24	92.8
sp|O32055|RUVB_BACSU	CDD:398896	54.930	71	32	0	257	327	2	72	3.39e-28	99.2
sp|O32067|YTZE_BACSU	CDD:285436	31.111	45	31	0	11	55	1	45	1.98e-08	40.7
sp|O32067|YTZE_BACSU	CDD:429896	29.167	48	32	2	15	60	4	51	1.98e-06	35.5
sp|O32067|YTZE_BACSU	CDD:437032	23.810	42	32	0	9	50	3	44	8.86e-06	34.8
sp|O32071|YTDP_BACSU	CDD:432818	37.037	81	50	1	689	768	1	81	4.83e-24	90.7
sp|O32071|YTDP_BACSU	CDD:425497	32.500	40	27	0	676	715	1	40	1.72e-09	48.3
sp|O32071|YTDP_BACSU	CDD:425497	40.541	37	21	1	731	767	7	42	1.78e-05	36.7
sp|O32138|PUCR_BACSU	CDD:433305	57.143	56	24	0	471	526	1	56	4.99e-24	89.4
sp|O32152|YURK_BACSU	CDD:153418	42.424	66	38	0	9	74	1	66	8.93e-30	100
sp|O32152|YURK_BACSU	CDD:306822	46.875	64	34	0	10	73	1	64	6.34e-24	85.7
sp|O32152|YURK_BACSU	CDD:433997	33.333	45	28	1	31	73	4	48	7.26e-06	36.7
sp|O32158|YURQ_BACSU	CDD:198381	32.911	79	51	1	42	118	3	81	5.36e-27	90.2
sp|O32158|YURQ_BACSU	CDD:426314	28.205	78	53	3	43	117	1	78	7.02e-11	49.3
sp|O32181|YUSO_BACSU	CDD:426012	45.763	59	32	0	35	93	1	59	3.17e-19	71.0
sp|O32181|YUSO_BACSU	CDD:432797	39.655	58	35	0	34	91	2	59	4.66e-13	55.3
sp|O32186|YUST_BACSU	CDD:425479	44.828	58	32	0	5	62	3	60	3.95e-20	76.7
sp|O32192|CSSR_BACSU	CDD:294013	39.535	86	47	2	141	222	5	89	2.77e-27	94.9
sp|O32192|CSSR_BACSU	CDD:425712	40.260	77	41	1	151	222	1	77	4.36e-26	91.4
sp|O32197|LIAR_BACSU	CDD:99777	61.404	57	22	0	150	206	1	57	1.79e-24	86.0
sp|O32197|LIAR_BACSU	CDD:425517	49.123	57	29	0	148	204	1	57	2.86e-22	80.3
sp|O32207|YVGK_BACSU	CDD:432748	46.000	50	27	0	7	56	2	51	1.48e-15	64.0
sp|O32207|YVGK_BACSU	CDD:133390	40.426	47	27	1	7	52	1	47	2.16e-06	38.7
sp|O32215|HELD_BACSU	CDD:350194	22.353	170	88	7	609	754	1	150	1.09e-11	57.6
sp|O32215|HELD_BACSU	CDD:350173	18.750	80	54	3	667	746	13	81	1.66e-06	41.3
sp|O32228|YVAF_BACSU	CDD:425684	36.170	47	29	1	5	50	1	47	1.65e-13	56.6
sp|O32235|YVZC_BACSU	CDD:396104	26.415	53	39	0	15	67	3	55	1.68e-11	48.3
sp|O32235|YVZC_BACSU	CDD:238045	26.415	53	39	0	15	67	6	58	7.75e-11	46.8
sp|O32235|YVZC_BACSU	CDD:143331	59.091	22	9	0	26	47	2	23	1.13e-05	33.5
sp|O32235|YVZC_BACSU	CDD:306791	44.000	25	14	0	23	47	1	25	1.20e-05	33.4
sp|O32235|YVZC_BACSU	CDD:433211	28.814	59	41	1	15	72	4	62	8.29e-05	31.7
sp|O32236|RGHR_BACSU	CDD:433309	44.643	56	31	0	4	59	2	57	2.83e-17	65.6
sp|O32236|RGHR_BACSU	CDD:238045	50.877	57	27	1	5	61	1	56	3.75e-15	59.9
sp|O32236|RGHR_BACSU	CDD:396104	51.786	56	26	1	8	63	1	55	1.33e-13	56.0
sp|O32236|RGHR_BACSU	CDD:403907	46.875	64	33	1	5	68	1	63	9.35e-12	51.5
sp|O32236|RGHR_BACSU	CDD:433211	31.579	57	39	0	8	64	2	58	2.25e-06	37.1
sp|O32237|RGHRB_BACSU	CDD:433309	41.071	56	33	0	4	59	2	57	2.98e-17	65.6
sp|O32237|RGHRB_BACSU	CDD:238045	47.458	59	30	1	5	63	1	58	7.70e-17	64.5
sp|O32237|RGHRB_BACSU	CDD:396104	50.000	54	26	1	8	61	1	53	1.00e-13	56.4
sp|O32237|RGHRB_BACSU	CDD:403907	40.625	64	37	1	5	68	1	63	4.83e-12	52.3
sp|O32237|RGHRB_BACSU	CDD:433211	31.579	57	39	0	8	64	2	58	3.49e-10	47.2
sp|O32238|YVAP_BACSU	CDD:396282	43.333	90	51	0	16	105	1	90	8.71e-43	130
sp|O32238|YVAP_BACSU	CDD:238042	34.211	76	46	2	15	90	2	73	1.90e-06	37.3
sp|O32242|SDPR_BACSU	CDD:238042	42.188	64	37	0	5	68	1	64	3.62e-27	89.3
sp|O32242|SDPR_BACSU	CDD:425993	42.222	45	26	0	10	54	1	45	3.16e-19	68.2
sp|O32242|SDPR_BACSU	CDD:432824	36.667	60	37	1	3	61	2	61	3.48e-19	68.7
sp|O32242|SDPR_BACSU	CDD:404317	31.818	44	29	1	12	54	2	45	2.13e-07	38.2
sp|O32242|SDPR_BACSU	CDD:432797	22.222	36	28	0	19	54	14	49	2.34e-06	36.0
sp|O32242|SDPR_BACSU	CDD:429896	23.529	51	35	2	14	60	1	51	2.83e-05	32.8
sp|O32255|YVBU_BACSU	CDD:425479	49.180	61	30	1	3	63	1	60	1.75e-23	85.5
sp|O34336|YOPP_BACSU	CDD:271175	21.965	173	116	5	146	305	1	167	3.23e-13	61.3
sp|O34352|YEEC_BACSU	CDD:431349	26.786	112	68	4	265	375	1	99	1.76e-15	65.9
sp|O34352|YEEC_BACSU	CDD:372608	30.337	89	46	4	286	374	1	73	7.78e-13	57.7
sp|O34381|PKSA_BACSU	CDD:425684	44.444	45	25	0	14	58	1	45	5.55e-10	47.8
sp|O34398|LIGD_BACSU	CDD:185715	34.783	207	114	4	5	210	4	190	2.00e-65	207
sp|O34398|LIGD_BACSU	CDD:185714	26.887	212	123	8	5	208	4	191	5.07e-27	102
sp|O34398|LIGD_BACSU	CDD:185708	28.643	199	116	9	17	208	24	203	7.28e-20	82.6
sp|O34398|LIGD_BACSU	CDD:185709	27.861	201	116	9	16	208	20	199	4.66e-19	80.1
sp|O34398|LIGD_BACSU	CDD:185711	26.042	192	121	8	22	208	30	205	2.44e-16	72.2
sp|O34398|LIGD_BACSU	CDD:185713	28.141	199	115	10	22	208	38	220	3.28e-14	66.4
sp|O34398|LIGD_BACSU	CDD:185710	26.866	201	113	13	22	208	36	216	4.13e-10	54.5
sp|O34398|LIGD_BACSU	CDD:185707	23.980	196	93	11	24	208	23	173	5.05e-09	50.3
sp|O34403|FPG_BACSU	CDD:176800	50.833	120	57	2	2	120	1	119	5.07e-62	186
sp|O34403|FPG_BACSU	CDD:399664	59.551	89	36	0	134	222	1	89	1.20e-45	143
sp|O34403|FPG_BACSU	CDD:176798	40.336	119	68	2	2	119	1	117	6.74e-34	114
sp|O34403|FPG_BACSU	CDD:176806	30.935	139	75	4	1	120	1	137	6.13e-21	80.8
sp|O34403|FPG_BACSU	CDD:176807	31.429	105	67	3	1	103	1	102	3.84e-19	75.7
sp|O34403|FPG_BACSU	CDD:176810	30.252	119	80	2	2	119	1	117	4.79e-16	67.0
sp|O34403|FPG_BACSU	CDD:176805	30.000	90	53	3	1	89	1	81	1.06e-08	46.8
sp|O34403|FPG_BACSU	CDD:176799	25.926	81	52	2	2	81	1	74	5.48e-08	44.7
sp|O34403|FPG_BACSU	CDD:428644	31.858	113	54	5	105	213	146	239	4.28e-07	44.5
sp|O34403|FPG_BACSU	CDD:176809	27.273	77	44	3	3	72	2	73	9.85e-06	38.5
sp|O34426|SPEH_BACSU	CDD:426918	52.336	107	50	1	7	112	1	107	1.90e-52	155
sp|O34464|YCEK_BACSU	CDD:238042	39.706	68	39	1	20	87	1	66	2.59e-17	64.6
sp|O34464|YCEK_BACSU	CDD:432824	35.484	62	39	1	17	78	1	61	4.83e-16	61.0
sp|O34464|YCEK_BACSU	CDD:425993	39.130	46	26	1	25	70	1	44	2.07e-06	35.9
sp|O34478|YCCF_BACSU	CDD:283007	31.373	51	29	1	296	346	1	45	6.43e-10	48.5
sp|O34481|RECDL_BACSU	CDD:433987	46.154	91	48	1	158	248	2	91	1.09e-38	133
sp|O34481|RECDL_BACSU	CDD:350196	51.852	54	25	1	677	730	28	80	1.94e-20	80.7
sp|O34481|RECDL_BACSU	CDD:350173	28.333	60	41	1	669	728	30	87	7.32e-10	50.9
sp|O34481|RECDL_BACSU	CDD:350194	36.066	61	23	2	686	730	90	150	2.49e-08	48.0
sp|O34481|RECDL_BACSU	CDD:350195	25.424	59	38	1	684	736	113	171	5.09e-05	39.1
sp|O34527|CYMR_BACSU	CDD:396591	41.860	129	68	1	3	124	1	129	1.88e-49	149
sp|O34533|YTCD_BACSU	CDD:396282	65.556	90	31	0	16	105	1	90	2.65e-51	152
sp|O34555|YOED_BACSU	CDD:432748	30.612	49	34	0	2	50	1	49	1.52e-08	40.9
sp|O34574|YEFB_BACSU	CDD:429502	36.458	96	48	3	1	89	13	102	8.45e-12	55.1
sp|O34580|PCRA_BACSU	CDD:350194	22.255	337	71	2	288	620	1	150	3.60e-32	116
sp|O34580|PCRA_BACSU	CDD:350173	29.310	58	27	2	562	619	45	88	3.15e-10	51.7
sp|O34580|PCRA_BACSU	CDD:350196	32.143	56	25	2	563	618	36	78	2.87e-06	40.2
sp|O34619|LMRA_BACSU	CDD:425684	41.667	48	27	1	10	57	1	47	1.33e-13	57.0
sp|O34623|DPO3A_BACSU	CDD:434050	47.191	89	46	1	777	865	1	88	1.76e-36	126
sp|O34643|YVKB_BACSU	CDD:425684	51.064	47	23	0	8	54	1	47	2.73e-18	69.4
sp|O34647|YOBD_BACSU	CDD:238045	40.351	57	34	0	4	60	2	58	3.78e-17	64.1
sp|O34647|YOBD_BACSU	CDD:403907	31.746	63	43	0	4	66	2	64	5.46e-15	58.8
sp|O34647|YOBD_BACSU	CDD:396104	36.364	55	35	0	6	60	1	55	6.22e-15	58.7
sp|O34647|YOBD_BACSU	CDD:433309	30.357	56	38	1	4	58	4	59	1.27e-10	47.5
sp|O34647|YOBD_BACSU	CDD:433211	20.635	63	49	1	5	66	1	63	6.74e-05	32.9
sp|O34680|YDIP_BACSU	CDD:238192	28.146	302	178	12	1	292	1	273	7.74e-63	197
sp|O34685|YOFA_BACSU	CDD:425479	48.276	58	30	0	5	62	3	60	2.00e-23	85.1
sp|O34692|YVNA_BACSU	CDD:426012	30.508	59	41	0	47	105	1	59	4.33e-16	63.0
sp|O34692|YVNA_BACSU	CDD:432797	24.561	57	43	0	48	104	4	60	7.09e-06	36.4
sp|O34693|YLOA_BACSU	CDD:428644	51.016	443	202	5	6	436	1	440	0.0	605
sp|O34701|YOAU_BACSU	CDD:425479	42.623	61	34	1	5	65	1	60	2.59e-20	77.0
sp|O34709|OPCR_BACSU	CDD:432797	25.000	60	44	1	27	86	1	59	1.69e-08	43.7
sp|O34709|OPCR_BACSU	CDD:238042	28.261	46	31	1	44	89	18	61	3.99e-05	35.0
sp|O34712|YTRA_BACSU	CDD:153418	50.000	66	33	0	11	76	1	66	4.14e-24	82.9
sp|O34712|YTRA_BACSU	CDD:306822	46.032	63	34	0	13	75	2	64	2.37e-18	68.0
sp|O34712|YTRA_BACSU	CDD:396591	27.273	44	32	0	29	72	17	60	1.73e-05	36.0
sp|O34723|DESR_BACSU	CDD:99777	43.860	57	32	0	138	194	1	57	1.76e-18	70.3
sp|O34723|DESR_BACSU	CDD:425517	47.170	53	28	0	137	189	2	54	3.36e-18	69.5
sp|O34723|DESR_BACSU	CDD:400535	38.636	44	26	1	138	180	11	54	2.01e-07	40.9
sp|O34723|DESR_BACSU	CDD:100119	40.909	44	25	1	138	180	11	54	1.03e-06	39.0
sp|O34723|DESR_BACSU	CDD:427999	36.364	44	27	1	138	180	5	48	4.77e-06	37.0
sp|O34748|RECQ_BACSU	CDD:350678	50.990	202	93	3	6	203	1	200	6.15e-100	296
sp|O34748|RECQ_BACSU	CDD:350776	44.898	196	99	5	13	202	8	200	3.84e-73	227
sp|O34748|RECQ_BACSU	CDD:350773	44.444	198	101	5	4	194	5	200	4.07e-64	204
sp|O34748|RECQ_BACSU	CDD:350181	46.269	134	69	1	204	334	1	134	7.31e-64	200
sp|O34748|RECQ_BACSU	CDD:350775	44.898	196	99	4	9	202	4	192	7.83e-61	194
sp|O34748|RECQ_BACSU	CDD:350772	43.147	197	102	5	6	194	1	195	1.61e-55	181
sp|O34748|RECQ_BACSU	CDD:350774	44.737	190	94	7	13	194	13	199	2.71e-52	173
sp|O34748|RECQ_BACSU	CDD:430572	41.176	102	60	0	405	506	6	107	1.63e-34	120
sp|O34748|RECQ_BACSU	CDD:350183	30.000	120	73	4	213	323	20	137	3.03e-12	58.8
sp|O34748|RECQ_BACSU	CDD:350182	20.238	168	98	6	181	333	6	152	5.01e-08	46.8
sp|O34748|RECQ_BACSU	CDD:350180	18.519	81	62	2	219	295	14	94	3.30e-06	41.3
sp|O34748|RECQ_BACSU	CDD:350786	26.946	167	97	7	22	177	6	158	2.44e-05	39.6
sp|O34748|RECQ_BACSU	CDD:350189	27.820	133	71	7	220	333	15	141	7.19e-05	37.6
sp|O34750|YFML_BACSU	CDD:350680	26.891	119	82	3	41	154	1	119	2.04e-10	53.4
sp|O34750|YFML_BACSU	CDD:350786	23.077	169	117	7	29	192	4	164	1.39e-09	51.2
sp|O34750|YFML_BACSU	CDD:350678	24.876	201	104	14	23	198	9	187	3.37e-08	47.5
sp|O34750|YFML_BACSU	CDD:350776	39.024	41	25	0	23	63	9	49	8.75e-07	43.4
sp|O34750|YFML_BACSU	CDD:350773	40.909	44	26	0	20	63	12	55	1.15e-06	43.1
sp|O34750|YFML_BACSU	CDD:350180	25.000	92	66	2	230	319	17	107	7.26e-06	39.4
sp|O34750|YFML_BACSU	CDD:350189	24.031	129	72	7	229	334	8	133	6.10e-05	37.2
sp|O34766|YOPS_BACSU	CDD:433211	28.333	60	43	0	11	70	2	61	3.21e-11	47.9
sp|O34766|YOPS_BACSU	CDD:396104	27.778	54	38	1	13	66	3	55	1.60e-05	33.3
sp|O34777|OHRR_BACSU	CDD:426012	44.068	59	33	0	38	96	1	59	1.48e-19	71.4
sp|O34777|OHRR_BACSU	CDD:432797	33.333	60	40	0	36	95	1	60	1.96e-12	53.4
sp|O34777|OHRR_BACSU	CDD:433228	26.471	68	49	1	38	104	1	68	2.21e-07	40.4
sp|O34791|YOPO_BACSU	CDD:396104	34.545	55	36	0	5	59	1	55	1.45e-10	46.0
sp|O34791|YOPO_BACSU	CDD:238045	32.759	58	39	0	2	59	1	58	1.01e-09	43.7
sp|O34791|YOPO_BACSU	CDD:433211	28.814	59	41	1	4	61	1	59	2.30e-08	40.6
sp|O34791|YOPO_BACSU	CDD:403907	31.148	61	36	2	3	60	2	59	1.20e-05	33.4
sp|O34817|YVOA_BACSU	CDD:153418	57.576	66	28	0	10	75	1	66	6.66e-31	104
sp|O34817|YVOA_BACSU	CDD:306822	53.968	63	29	0	12	74	2	64	2.75e-23	84.2
sp|O34817|YVOA_BACSU	CDD:285436	42.105	38	22	0	39	76	19	56	7.65e-06	36.9
sp|O34817|YVOA_BACSU	CDD:285132	51.515	33	15	1	42	73	31	63	9.48e-05	34.2
sp|O34820|YOTM_BACSU	CDD:411758	26.214	103	60	3	53	155	55	141	3.67e-07	42.5
sp|O34827|YKUM_BACSU	CDD:425479	40.000	60	36	0	3	62	1	60	7.86e-21	78.6
sp|O34829|MSMR_BACSU	CDD:143331	53.704	54	23	1	5	58	1	52	4.88e-15	63.2
sp|O34829|MSMR_BACSU	CDD:306791	51.111	45	20	1	4	48	2	44	3.39e-14	60.7
sp|O34843|SIGO_BACSU	CDD:427999	36.000	50	32	0	117	166	1	50	1.05e-12	54.4
sp|O34843|SIGO_BACSU	CDD:100119	28.302	53	38	0	113	165	3	55	9.04e-10	46.7
sp|O34843|SIGO_BACSU	CDD:400535	31.915	47	31	1	113	158	3	49	2.11e-06	37.8
sp|O34844|YODB_BACSU	CDD:396282	51.111	90	44	0	15	104	1	90	3.89e-47	141
sp|O34844|YODB_BACSU	CDD:238042	25.974	77	53	2	13	89	1	73	6.33e-08	41.1
sp|O34859|KU_BACSU	CDD:238408	47.471	257	134	1	19	275	1	256	1.81e-131	369
sp|O34859|KU_BACSU	CDD:238334	35.401	274	154	12	19	271	1	272	1.08e-67	207
sp|O34859|KU_BACSU	CDD:238407	20.000	270	179	13	29	264	14	280	5.19e-13	62.3
sp|O34859|KU_BACSU	CDD:238445	22.260	292	186	21	22	279	4	288	2.44e-09	51.5
sp|O34901|YOBQ_BACSU	CDD:432818	37.500	80	49	1	156	234	1	80	1.81e-21	79.9
sp|O34901|YOBQ_BACSU	CDD:425497	34.146	41	27	0	143	183	1	41	6.97e-07	39.4
sp|O34903|YKOG_BACSU	CDD:294013	49.425	87	44	0	138	224	1	87	4.18e-40	127
sp|O34903|YKOG_BACSU	CDD:425712	53.247	77	35	1	151	226	1	77	2.07e-34	112
sp|O34920|YOBV_BACSU	CDD:433082	31.361	169	114	2	140	307	4	171	1.59e-40	134
sp|O34920|YOBV_BACSU	CDD:429896	38.298	47	27	1	4	50	1	45	1.29e-11	53.2
sp|O34920|YOBV_BACSU	CDD:437032	34.043	47	31	0	2	48	2	48	3.46e-07	42.5
sp|O34921|YTOI_BACSU	CDD:153418	29.688	64	38	2	3	59	1	64	1.72e-07	42.4
sp|O34921|YTOI_BACSU	CDD:433438	44.828	29	16	0	22	50	27	55	3.49e-06	38.6
sp|O34939|YDIO_BACSU	CDD:238192	24.784	347	176	9	84	422	1	270	7.22e-49	162
sp|O34942|RECG_BACSU	CDD:239934	40.000	70	39	2	60	128	1	68	9.87e-15	64.1
sp|O34942|RECG_BACSU	CDD:350182	20.859	163	93	8	438	583	11	154	1.13e-06	43.3
sp|O34942|RECG_BACSU	CDD:350180	22.535	71	52	2	488	555	37	107	2.37e-06	41.7
sp|O34949|YKOM_BACSU	CDD:426012	33.898	59	39	0	41	99	1	59	2.54e-19	71.4
sp|O34949|YKOM_BACSU	CDD:432797	28.333	60	43	0	39	98	1	60	8.17e-12	51.8
sp|O34949|YKOM_BACSU	CDD:433228	32.353	68	45	1	41	107	1	68	2.60e-11	50.8
sp|O34951|BCER_BACSU	CDD:294013	37.647	85	53	0	137	221	3	87	1.42e-28	98.3
sp|O34951|BCER_BACSU	CDD:425712	41.667	72	41	1	151	221	4	75	1.91e-26	92.2
sp|O34970|YTTP_BACSU	CDD:425684	42.553	47	27	0	9	55	1	47	9.48e-15	60.5
sp|O34994|CCPN_BACSU	CDD:429896	46.154	52	26	2	11	60	1	52	2.39e-12	54.4
sp|O34994|CCPN_BACSU	CDD:426012	35.185	54	35	0	6	59	1	54	8.72e-05	33.7
sp|O34994|CCPN_BACSU	CDD:281443	30.435	69	41	2	5	66	1	69	8.82e-05	34.2
sp|O34996|DPO1_BACSU	CDD:176474	64.021	378	135	1	500	877	1	377	0.0	712
sp|O34996|DPO1_BACSU	CDD:176475	36.049	405	200	6	496	876	1	370	3.96e-121	366
sp|O34996|DPO1_BACSU	CDD:176473	36.527	334	186	7	565	877	19	347	1.28e-103	319
sp|O34996|DPO1_BACSU	CDD:176477	38.788	330	173	6	575	878	45	371	2.56e-101	314
sp|O34996|DPO1_BACSU	CDD:176476	36.709	316	172	8	570	876	27	323	1.01e-77	250
sp|O34996|DPO1_BACSU	CDD:188618	63.514	74	26	1	175	248	1	73	8.53e-39	132
sp|O34996|DPO1_BACSU	CDD:176480	23.604	394	243	16	525	878	52	427	4.07e-24	100
sp|O34996|DPO1_BACSU	CDD:188616	56.164	73	29	3	176	247	1	71	8.58e-23	87.0
sp|O34996|DPO1_BACSU	CDD:176479	24.084	382	208	21	531	869	28	370	4.21e-14	69.2
sp|O34996|DPO1_BACSU	CDD:188617	36.364	66	40	1	176	241	1	64	1.11e-10	52.6
sp|O34996|DPO1_BACSU	CDD:188619	35.385	65	42	0	174	238	1	65	2.45e-10	51.7
sp|O34996|DPO1_BACSU	CDD:188621	42.857	63	33	2	176	237	1	61	9.36e-10	50.2
sp|O34996|DPO1_BACSU	CDD:188627	46.809	47	23	1	176	222	1	45	1.28e-08	46.8
sp|O34996|DPO1_BACSU	CDD:188623	41.379	58	29	3	176	230	1	56	1.34e-07	43.7
sp|O34996|DPO1_BACSU	CDD:188620	51.064	47	20	2	176	221	1	45	5.29e-07	41.7
sp|O34996|DPO1_BACSU	CDD:188628	31.111	45	31	0	190	234	13	57	1.60e-05	37.9
sp|O35009|YOEC_BACSU	CDD:271175	26.946	167	109	3	10	164	2	167	1.56e-26	94.1
sp|O35009|YOEC_BACSU	CDD:271193	30.216	139	83	3	39	163	35	173	4.55e-16	66.5
sp|O35009|YOEC_BACSU	CDD:271180	22.561	164	104	6	22	164	13	174	3.64e-10	51.1
sp|O35034|YEFC_BACSU	CDD:239737	66.667	24	8	0	25	48	103	126	4.12e-11	50.6
sp|O35034|YEFC_BACSU	CDD:397088	47.500	40	20	1	61	99	1	40	2.12e-07	38.9
sp|O35034|YEFC_BACSU	CDD:259851	42.500	40	22	1	61	99	1	40	2.23e-07	38.8
sp|O35034|YEFC_BACSU	CDD:436208	61.538	26	10	0	73	98	1	26	1.19e-06	36.6
sp|O35038|YTLI_BACSU	CDD:425479	46.667	60	31	1	3	61	1	60	1.20e-21	80.9
sp|O35040|YKOQ_BACSU	CDD:277319	21.053	190	103	6	48	214	2	167	6.55e-07	43.0
sp|P05648|DNAA_BACSU	CDD:429906	56.716	67	29	0	358	424	1	67	4.42e-37	124
sp|P05649|DPO3B_BACSU	CDD:238082	44.947	376	196	5	1	376	1	365	7.23e-151	425
sp|P05649|DPO3B_BACSU	CDD:397061	53.913	115	53	0	137	251	1	115	1.98e-53	167
sp|P05649|DPO3B_BACSU	CDD:395580	40.625	128	68	2	1	127	1	121	1.36e-47	152
sp|P05649|DPO3B_BACSU	CDD:426968	39.669	121	70	3	255	375	1	118	6.58e-44	142
sp|P06222|RPSE_BACSU	CDD:427998	36.620	71	45	0	62	132	1	71	2.72e-21	79.2
sp|P06222|RPSE_BACSU	CDD:427999	37.037	54	30	1	180	233	1	50	3.15e-15	62.4
sp|P06222|RPSE_BACSU	CDD:100119	35.593	59	34	1	174	232	1	55	2.80e-14	59.8
sp|P06222|RPSE_BACSU	CDD:400535	30.909	55	30	2	177	227	4	54	1.38e-05	35.9
sp|P06224|SIGA_BACSU	CDD:427997	60.256	78	31	0	217	294	1	78	6.64e-33	112
sp|P06224|SIGA_BACSU	CDD:427998	46.479	71	38	0	138	208	1	71	4.42e-26	94.2
sp|P06224|SIGA_BACSU	CDD:427999	51.852	54	22	1	306	359	1	50	2.57e-15	64.0
sp|P06224|SIGA_BACSU	CDD:100119	40.678	59	31	1	300	358	1	55	7.65e-15	62.9
sp|P06533|SINR_BACSU	CDD:238045	49.153	59	29	1	3	61	1	58	8.94e-17	63.3
sp|P06533|SINR_BACSU	CDD:396104	42.857	56	31	1	6	61	1	55	1.99e-14	57.2
sp|P06533|SINR_BACSU	CDD:433309	31.034	58	40	0	2	59	2	59	5.44e-11	48.7
sp|P06533|SINR_BACSU	CDD:403907	36.667	60	37	1	3	62	1	59	9.05e-11	48.1
sp|P06533|SINR_BACSU	CDD:400831	57.143	28	12	0	74	101	1	28	6.72e-10	45.1
sp|P06533|SINR_BACSU	CDD:433211	23.729	59	45	0	5	63	1	59	6.69e-07	37.9
sp|P06574|RPSB_BACSU	CDD:427997	33.766	77	51	0	113	189	1	77	1.28e-20	78.0
sp|P06574|RPSB_BACSU	CDD:427998	38.571	70	43	0	34	103	1	70	2.63e-16	66.1
sp|P06574|RPSB_BACSU	CDD:427999	36.000	50	32	0	202	251	1	50	2.28e-15	63.2
sp|P06574|RPSB_BACSU	CDD:100119	36.364	55	35	0	196	250	1	55	2.36e-15	63.3
sp|P06574|RPSB_BACSU	CDD:400535	38.182	55	32	2	196	249	1	54	1.44e-05	36.3
sp|P07860|RPSF_BACSU	CDD:427998	34.328	67	44	0	37	103	1	67	3.07e-20	76.5
sp|P07860|RPSF_BACSU	CDD:100119	34.545	55	36	0	193	247	1	55	1.38e-14	61.0
sp|P07860|RPSF_BACSU	CDD:427999	38.776	49	30	0	199	247	1	49	2.60e-14	60.1
sp|P07860|RPSF_BACSU	CDD:427997	42.857	70	38	1	115	184	1	68	5.01e-13	57.6
sp|P07860|RPSF_BACSU	CDD:400535	36.538	52	29	1	195	242	3	54	1.29e-06	39.0
sp|P08821|DBH1_BACSU	CDD:259853	73.256	86	23	0	2	87	1	86	1.94e-50	148
sp|P08821|DBH1_BACSU	CDD:425532	62.500	88	33	0	2	89	1	88	3.51e-42	127
sp|P08821|DBH1_BACSU	CDD:259852	52.941	85	40	0	3	87	1	85	5.32e-39	119
sp|P08821|DBH1_BACSU	CDD:259859	44.828	87	48	0	2	88	1	87	2.03e-38	118
sp|P08821|DBH1_BACSU	CDD:259858	51.685	89	42	1	1	88	1	89	5.36e-38	117
sp|P08821|DBH1_BACSU	CDD:259857	46.591	88	47	0	2	89	1	88	2.09e-36	112
sp|P08821|DBH1_BACSU	CDD:259854	57.647	85	36	0	3	87	1	85	7.47e-36	111
sp|P08821|DBH1_BACSU	CDD:259856	44.681	94	44	3	2	87	1	94	6.39e-17	63.8
sp|P08821|DBH1_BACSU	CDD:436328	24.444	45	34	0	6	50	3	47	1.52e-05	34.0
sp|P08874|ABRB_BACSU	CDD:397909	50.000	44	22	0	10	53	1	44	6.02e-12	50.2
sp|P0C8M5|SLRA_BACSU	CDD:400831	46.429	28	15	0	9	36	1	28	7.54e-11	45.1
sp|P0CI75|BIRA_BACSU	CDD:429896	32.075	53	35	1	7	59	1	52	1.66e-14	61.3
sp|P0CI75|BIRA_BACSU	CDD:396591	29.851	67	44	2	9	73	12	77	3.93e-05	37.1
sp|P0CI75|BIRA_BACSU	CDD:153418	32.609	46	30	1	15	60	20	64	8.08e-05	34.7
sp|P0CI76|RTP_BACSU	CDD:426725	71.681	113	32	0	10	122	1	113	2.97e-59	172
sp|P10585|GNTR_BACSU	CDD:306822	39.344	61	36	1	22	81	4	64	1.27e-15	63.8
sp|P10585|GNTR_BACSU	CDD:153418	40.984	61	34	2	22	80	5	65	3.07e-13	57.5
sp|P10726|RPSD_BACSU	CDD:427998	42.466	73	39	1	27	99	1	70	4.26e-18	71.1
sp|P10726|RPSD_BACSU	CDD:100119	34.545	55	36	0	192	246	1	55	7.62e-14	59.0
sp|P10726|RPSD_BACSU	CDD:427999	42.857	49	28	0	199	247	2	50	1.34e-13	58.2
sp|P10726|RPSD_BACSU	CDD:427997	31.646	79	51	2	106	184	1	76	2.11e-11	53.0
sp|P11065|HPR_BACSU	CDD:426012	28.814	59	42	0	44	102	1	59	6.07e-16	63.7
sp|P11065|HPR_BACSU	CDD:433228	27.869	61	43	1	51	110	8	68	1.20e-07	41.9
sp|P11065|HPR_BACSU	CDD:432797	20.339	59	47	0	42	100	1	59	1.77e-05	35.6
sp|P11065|HPR_BACSU	CDD:404487	24.324	74	49	4	51	120	5	75	1.77e-05	36.1
sp|P11470|GERE_BACSU	CDD:425517	54.717	53	24	0	12	64	3	55	2.34e-22	76.1
sp|P11470|GERE_BACSU	CDD:99777	59.649	57	23	0	12	68	1	57	1.36e-21	74.1
sp|P11470|GERE_BACSU	CDD:400535	45.455	44	23	1	12	54	11	54	5.55e-09	42.1
sp|P11470|GERE_BACSU	CDD:427999	38.636	44	26	1	12	54	5	48	1.83e-06	35.5
sp|P11470|GERE_BACSU	CDD:100119	43.182	44	24	1	12	54	11	54	6.53e-06	34.0
sp|P11470|GERE_BACSU	CDD:425712	24.242	66	41	2	12	68	6	71	4.60e-05	32.5
sp|P11742|OGT_BACSU	CDD:426006	52.439	82	38	1	79	160	1	81	1.76e-45	138
sp|P11742|OGT_BACSU	CDD:119438	51.250	80	38	1	80	159	1	79	6.02e-41	127
sp|P12254|RPSK_BACSU	CDD:427998	34.426	61	40	0	55	115	1	61	1.61e-18	72.6
sp|P12254|RPSK_BACSU	CDD:100119	43.103	58	29	1	219	276	1	54	6.22e-16	65.2
sp|P12254|RPSK_BACSU	CDD:427999	43.396	53	26	1	226	278	2	50	4.48e-15	62.8
sp|P12254|RPSK_BACSU	CDD:238045	53.846	26	12	0	245	270	9	34	2.72e-06	38.3
sp|P12254|RPSK_BACSU	CDD:396104	42.308	26	15	0	245	270	6	31	3.86e-06	37.9
sp|P12254|RPSK_BACSU	CDD:433164	44.828	29	16	0	243	271	12	40	1.28e-05	36.5
sp|P12254|RPSK_BACSU	CDD:426227	40.000	50	26	2	227	273	25	73	3.88e-05	36.1
sp|P12254|RPSK_BACSU	CDD:400535	35.593	59	32	3	219	276	1	54	4.10e-05	35.1
sp|P12254|RPSK_BACSU	CDD:433309	47.619	21	11	0	249	269	15	35	4.50e-05	35.2
sp|P12464|RPOE_BACSU	CDD:428288	32.394	71	45	2	14	81	1	71	4.56e-18	68.9
sp|P13267|DPO3_BACSU	CDD:434050	37.349	83	48	3	1355	1434	7	88	3.73e-15	66.3
sp|P13792|PHOP_BACSU	CDD:294013	52.222	90	42	1	144	233	1	89	2.35e-37	121
sp|P13792|PHOP_BACSU	CDD:425712	52.000	75	36	0	159	233	3	77	1.35e-36	118
sp|P13800|DEGU_BACSU	CDD:425517	54.386	57	26	0	164	220	1	57	1.19e-25	89.6
sp|P13800|DEGU_BACSU	CDD:99777	56.140	57	25	0	166	222	1	57	6.92e-24	85.3
sp|P14204|CMPA_BACSU	CDD:425517	42.105	57	33	0	152	208	1	57	2.83e-20	75.3
sp|P14204|CMPA_BACSU	CDD:99777	43.860	57	32	0	154	210	1	57	3.07e-18	69.9
sp|P14951|UVRC_BACSU	CDD:198381	65.432	81	27	1	12	91	1	81	6.56e-39	132
sp|P14951|UVRC_BACSU	CDD:426314	28.205	78	54	2	15	90	1	78	5.89e-08	44.6
sp|P14951|UVRC_BACSU	CDD:434010	29.630	54	36	2	539	590	4	57	4.06e-06	38.6
sp|P14951|UVRC_BACSU	CDD:432812	43.333	30	17	0	542	571	8	37	3.54e-05	36.3
sp|P15281|SP3D_BACSU	CDD:403367	70.370	81	24	0	2	82	1	81	7.83e-45	134
sp|P16971|RECA_BACSU	CDD:410868	26.066	211	125	11	38	225	1	203	7.72e-12	58.7
sp|P16971|RECA_BACSU	CDD:410921	29.493	217	114	14	40	228	3	208	4.59e-11	56.2
sp|P17867|CISA_BACSU	CDD:239737	34.559	136	78	6	2	136	1	126	3.65e-26	97.6
sp|P17867|CISA_BACSU	CDD:429502	27.826	115	67	3	168	282	1	99	4.28e-14	62.8
sp|P17869|RPSH_BACSU	CDD:427998	35.714	70	45	0	38	107	1	70	5.04e-17	67.2
sp|P17869|RPSH_BACSU	CDD:400535	36.957	46	28	1	163	207	9	54	9.98e-09	44.8
sp|P17869|RPSH_BACSU	CDD:99777	37.209	43	27	0	165	207	1	43	9.61e-07	39.1
sp|P17889|IF2_BACSU	CDD:428110	50.980	51	25	0	141	191	2	52	5.62e-16	66.7
sp|P17889|IF2_BACSU	CDD:428110	37.255	51	31	1	1	51	1	50	4.00e-11	52.9
sp|P17893|ARGR_BACSU	CDD:396056	63.768	69	25	0	1	69	1	69	1.04e-34	110
sp|P17922|SYFB_BACSU	CDD:427328	53.731	67	30	1	414	479	1	67	2.23e-25	94.0
sp|P18185|CARY_BACSU	CDD:426982	53.947	76	35	0	425	500	4	79	7.14e-32	113
sp|P19219|ADAA_BACSU	CDD:432818	29.630	81	56	1	121	200	1	81	2.37e-21	78.8
sp|P19219|ADAA_BACSU	CDD:425497	30.952	42	29	0	108	149	1	42	7.66e-11	49.8
sp|P19219|ADAA_BACSU	CDD:425497	46.154	39	20	1	161	199	5	42	5.83e-08	42.1
sp|P19220|ADAB_BACSU	CDD:426006	58.228	79	33	0	91	169	2	80	6.55e-46	140
sp|P19220|ADAB_BACSU	CDD:119438	51.899	79	38	0	91	169	1	79	3.04e-42	131
sp|P19940|RPSG_BACSU	CDD:427998	37.681	69	43	0	43	111	1	69	1.05e-19	75.3
sp|P19940|RPSG_BACSU	CDD:100119	32.075	53	36	0	202	254	2	54	6.18e-14	59.4
sp|P19940|RPSG_BACSU	CDD:427999	34.043	47	31	0	208	254	2	48	1.78e-11	52.4
sp|P19940|RPSG_BACSU	CDD:427997	36.957	46	29	0	125	170	5	50	7.49e-07	40.3
sp|P19940|RPSG_BACSU	CDD:238045	46.667	30	14	1	219	248	7	34	3.41e-05	35.2
sp|P20282|RS13_BACSU	CDD:425669	59.813	107	42	1	3	108	1	107	5.76e-45	136
sp|P20429|RPOA_BACSU	CDD:427148	66.667	63	21	0	242	304	1	63	2.32e-30	104
sp|P20668|GLTC_BACSU	CDD:425479	53.333	60	28	0	3	62	1	60	6.34e-26	92.1
sp|P21458|SP3E_BACSU	CDD:430583	65.079	63	22	0	716	778	1	63	4.56e-36	124
sp|P21475|RS18_BACSU	CDD:426036	67.308	52	17	0	22	73	1	52	9.19e-33	102
sp|P23308|SINI_BACSU	CDD:400831	57.692	26	11	0	11	36	1	26	2.29e-11	46.6
sp|P23478|ADDA_BACSU	CDD:350194	40.000	100	30	1	783	882	81	150	7.64e-26	99.2
sp|P23479|SBCD_BACSU	CDD:277319	31.707	246	107	5	2	246	1	186	1.48e-47	155
sp|P23789|XRE_BACSU	CDD:238045	48.276	58	28	1	3	58	1	58	2.97e-19	69.5
sp|P23789|XRE_BACSU	CDD:403907	46.032	63	32	1	3	63	1	63	1.89e-17	65.4
sp|P23789|XRE_BACSU	CDD:396104	47.273	55	27	1	6	58	1	55	1.83e-16	62.5
sp|P23789|XRE_BACSU	CDD:433309	34.483	58	35	2	2	56	2	59	5.01e-13	54.1
sp|P24219|RP54_BACSU	CDD:428004	55.000	160	71	1	275	434	1	159	4.20e-86	254
sp|P24219|RP54_BACSU	CDD:428224	37.912	182	105	2	80	261	9	182	2.77e-61	191
sp|P24281|YAAK_BACSU	CDD:426844	54.321	81	37	0	21	101	9	89	1.72e-33	106
sp|P25144|CCPA_BACSU	CDD:143331	61.538	52	20	0	7	58	1	52	6.67e-25	89.8
sp|P25144|CCPA_BACSU	CDD:306791	54.348	46	21	0	5	50	1	46	6.91e-19	73.4
sp|P25150|YWAE_BACSU	CDD:426012	38.983	59	36	0	61	119	1	59	3.31e-15	61.0
sp|P25499|HRCA_BACSU	CDD:281443	32.877	73	46	2	1	72	1	71	1.66e-06	40.0
sp|P25994|CARB_BACSU	CDD:426982	51.282	78	36	1	422	497	1	78	5.44e-32	113
sp|P26497|SP0J_BACSU	CDD:436022	46.000	50	27	0	163	212	1	50	4.08e-16	65.5
sp|P31080|LEXA_BACSU	CDD:396335	53.968	63	29	0	3	65	1	63	5.65e-31	102
sp|P31080|LEXA_BACSU	CDD:430539	31.481	54	32	2	7	60	4	52	4.47e-07	39.7
sp|P31080|LEXA_BACSU	CDD:432797	29.091	55	33	2	4	58	3	51	6.38e-07	39.9
sp|P31080|LEXA_BACSU	CDD:238042	42.105	38	21	1	27	64	22	58	7.82e-07	40.0
sp|P31080|LEXA_BACSU	CDD:404317	35.294	51	27	2	6	56	1	45	4.84e-06	37.0
sp|P32081|CSPB_BACSU	CDD:239905	60.317	63	24	1	4	65	3	65	1.14e-29	94.2
sp|P32398|YHGD_BACSU	CDD:425684	46.809	47	25	0	9	55	1	47	1.71e-15	62.0
sp|P35155|SCPB_BACSU	CDD:427697	50.311	161	77	3	10	169	1	159	6.89e-65	191
sp|P35163|RESD_BACSU	CDD:294013	49.451	91	44	1	145	235	1	89	1.33e-36	119
sp|P35163|RESD_BACSU	CDD:425712	50.000	78	38	1	158	235	1	77	6.80e-34	111
sp|P35165|SIGX_BACSU	CDD:427998	28.986	69	47	1	8	74	1	69	5.52e-14	58.8
sp|P35165|SIGX_BACSU	CDD:100119	42.593	54	31	0	109	162	2	55	3.50e-13	56.3
sp|P35165|SIGX_BACSU	CDD:400535	35.849	53	34	0	109	161	2	54	1.59e-09	46.3
sp|P35165|SIGX_BACSU	CDD:427999	32.000	50	34	0	114	163	1	50	2.14e-08	43.2
sp|P36944|RBSR_BACSU	CDD:306791	69.565	46	14	0	3	48	1	46	1.49e-22	83.5
sp|P36944|RBSR_BACSU	CDD:143331	66.000	50	17	0	5	54	1	50	8.32e-22	81.3
sp|P37104|YLXM_BACSU	CDD:282193	63.265	98	36	0	3	100	1	98	1.06e-37	117
sp|P37105|SRP54_BACSU	CDD:427090	63.636	99	32	2	328	425	1	96	2.47e-44	144
sp|P37454|EXOA_BACSU	CDD:197321	61.024	254	94	2	1	250	1	253	1.21e-168	460
sp|P37454|EXOA_BACSU	CDD:197307	55.336	253	107	4	2	250	1	251	2.37e-133	371
sp|P37454|EXOA_BACSU	CDD:197319	51.575	254	117	4	1	250	1	252	2.72e-131	366
sp|P37454|EXOA_BACSU	CDD:197336	45.418	251	130	5	1	246	1	249	1.62e-103	295
sp|P37454|EXOA_BACSU	CDD:197320	37.647	255	145	7	1	246	1	250	7.51e-87	253
sp|P37454|EXOA_BACSU	CDD:197322	27.508	309	164	9	2	250	1	309	8.30e-62	191
sp|P37455|SSBA_BACSU	CDD:239942	52.000	100	47	1	5	103	1	100	4.66e-43	133
sp|P37469|DNAC_BACSU	CDD:410864	66.537	257	84	2	185	440	1	256	1.00e-154	433
sp|P37474|MFD_BACSU	CDD:426832	45.745	94	42	3	500	592	1	86	4.69e-31	111
sp|P37474|MFD_BACSU	CDD:350786	21.918	146	93	6	648	780	21	158	2.23e-05	40.4
sp|P37474|MFD_BACSU	CDD:350182	25.893	112	68	5	825	928	36	140	4.60e-05	39.1
sp|P37478|YYCF_BACSU	CDD:294013	53.333	90	41	1	140	229	1	89	4.03e-37	120
sp|P37478|YYCF_BACSU	CDD:425712	54.545	77	35	0	153	229	1	77	1.10e-36	118
sp|P37486|YYBR_BACSU	CDD:396282	61.364	88	34	0	22	109	1	88	1.51e-52	155
sp|P37499|YYBE_BACSU	CDD:425479	45.000	60	33	0	3	62	1	60	3.95e-24	87.1
sp|P37503|YYBA_BACSU	CDD:426012	27.119	59	43	0	28	86	1	59	2.15e-16	63.7
sp|P37503|YYBA_BACSU	CDD:432797	28.333	60	43	0	26	85	1	60	9.19e-11	49.1
sp|P37503|YYBA_BACSU	CDD:404317	41.667	36	21	0	39	74	10	45	1.98e-05	34.7
sp|P37510|YYAN_BACSU	CDD:133384	39.200	125	64	1	4	128	1	113	1.57e-40	126
sp|P37510|YYAN_BACSU	CDD:133398	26.562	128	89	1	4	131	1	123	2.26e-24	85.3
sp|P37510|YYAN_BACSU	CDD:133378	31.579	114	64	3	4	117	1	100	2.37e-24	84.6
sp|P37510|YYAN_BACSU	CDD:133381	34.711	121	55	4	4	121	1	100	7.30e-23	81.0
sp|P37510|YYAN_BACSU	CDD:133383	31.405	121	70	3	6	122	3	114	3.69e-20	74.9
sp|P37510|YYAN_BACSU	CDD:133411	28.448	116	61	3	6	116	3	101	7.72e-20	74.1
sp|P37510|YYAN_BACSU	CDD:433186	44.444	63	34	1	4	66	1	62	1.37e-19	71.4
sp|P37510|YYAN_BACSU	CDD:133389	42.000	50	28	1	4	53	1	49	4.85e-18	67.2
sp|P37510|YYAN_BACSU	CDD:133412	38.462	65	40	0	4	68	1	65	4.74e-17	66.8
sp|P37510|YYAN_BACSU	CDD:133382	23.387	124	77	2	4	126	1	107	2.39e-16	64.5
sp|P37510|YYAN_BACSU	CDD:425647	55.263	38	17	0	5	42	1	38	8.87e-16	61.3
sp|P37510|YYAN_BACSU	CDD:133410	35.385	65	42	0	4	68	1	65	3.72e-15	61.9
sp|P37510|YYAN_BACSU	CDD:133415	37.705	61	38	0	6	66	3	63	9.84e-15	60.1
sp|P37510|YYAN_BACSU	CDD:133417	31.068	103	61	3	3	102	1	96	5.19e-14	59.8
sp|P37510|YYAN_BACSU	CDD:133409	25.664	113	67	1	4	116	1	96	8.84e-14	57.6
sp|P37510|YYAN_BACSU	CDD:133408	28.571	70	48	2	5	73	2	70	6.44e-13	55.8
sp|P37510|YYAN_BACSU	CDD:133402	30.928	97	60	3	3	99	1	90	1.01e-12	54.9
sp|P37510|YYAN_BACSU	CDD:133388	38.462	65	39	1	6	70	3	66	1.73e-12	54.5
sp|P37510|YYAN_BACSU	CDD:133403	28.696	115	69	6	4	117	1	103	3.07e-12	54.1
sp|P37510|YYAN_BACSU	CDD:133396	33.333	69	46	0	4	72	1	69	3.88e-12	53.1
sp|P37510|YYAN_BACSU	CDD:133414	34.375	64	42	0	10	73	7	70	4.31e-12	54.2
sp|P37510|YYAN_BACSU	CDD:133397	30.435	69	45	2	6	73	3	69	7.28e-12	53.1
sp|P37510|YYAN_BACSU	CDD:133392	40.909	66	36	2	4	68	1	64	1.66e-11	50.8
sp|P37510|YYAN_BACSU	CDD:133391	27.536	69	48	2	4	71	1	68	2.73e-11	50.2
sp|P37510|YYAN_BACSU	CDD:133406	30.000	80	55	1	4	83	1	79	4.66e-11	51.4
sp|P37510|YYAN_BACSU	CDD:133416	42.857	63	35	1	3	65	1	62	6.32e-11	50.2
sp|P37510|YYAN_BACSU	CDD:133380	27.143	70	51	0	3	72	1	70	7.46e-11	49.5
sp|P37510|YYAN_BACSU	CDD:133379	31.746	63	43	0	4	66	1	63	1.11e-10	48.8
sp|P37510|YYAN_BACSU	CDD:133401	31.884	69	45	2	4	71	1	68	1.62e-10	49.0
sp|P37510|YYAN_BACSU	CDD:133387	36.232	69	42	2	3	70	1	68	2.47e-10	48.7
sp|P37510|YYAN_BACSU	CDD:133394	40.000	65	37	2	3	66	1	64	3.20e-10	48.0
sp|P37510|YYAN_BACSU	CDD:133393	36.508	63	37	3	4	64	1	62	3.83e-10	48.0
sp|P37510|YYAN_BACSU	CDD:133400	31.343	67	46	0	4	70	1	67	5.18e-10	48.1
sp|P37510|YYAN_BACSU	CDD:133399	33.962	53	35	0	4	56	1	53	5.90e-10	47.8
sp|P37510|YYAN_BACSU	CDD:133386	28.788	66	47	0	4	69	1	66	6.14e-09	45.1
sp|P37510|YYAN_BACSU	CDD:133407	24.242	66	49	1	4	68	1	66	8.98e-09	44.6
sp|P37510|YYAN_BACSU	CDD:133395	38.889	54	31	1	3	56	1	52	1.16e-08	44.8
sp|P37510|YYAN_BACSU	CDD:133385	26.562	64	46	1	5	68	3	65	4.15e-07	41.0
sp|P37510|YYAN_BACSU	CDD:133413	26.154	65	48	0	6	70	3	67	4.86e-07	40.6
sp|P37510|YYAN_BACSU	CDD:133390	33.333	45	29	1	4	48	1	44	2.37e-06	36.8
sp|P37510|YYAN_BACSU	CDD:133405	30.435	69	45	2	4	71	2	68	1.33e-05	37.4
sp|P37517|CCPB_BACSU	CDD:143331	59.574	47	19	0	5	51	1	47	8.49e-23	84.0
sp|P37517|CCPB_BACSU	CDD:306791	60.870	46	18	0	3	48	1	46	1.51e-22	83.1
sp|P37524|NOC_BACSU	CDD:436022	48.000	50	26	0	172	221	1	50	3.80e-16	65.5
sp|P37551|PURR_BACSU	CDD:430456	64.286	70	25	0	4	73	1	70	3.20e-43	136
sp|P37554|SP5T_BACSU	CDD:397909	40.000	45	26	1	8	52	1	44	2.69e-10	47.9
sp|P37568|CTSR_BACSU	CDD:428649	62.500	72	27	0	4	75	1	72	1.32e-46	141
sp|P37572|RADA_BACSU	CDD:410868	23.478	230	139	12	79	274	7	233	5.28e-10	53.7
sp|P37572|RADA_BACSU	CDD:410921	27.108	166	93	8	79	219	7	169	4.63e-07	45.0
sp|P37572|RADA_BACSU	CDD:410864	19.880	166	90	6	86	213	14	174	5.02e-05	38.6
sp|P37573|DISA_BACSU	CDD:432812	51.613	31	15	0	313	343	21	51	3.36e-06	38.7
sp|P37573|DISA_BACSU	CDD:425789	42.308	26	15	0	318	343	2	27	3.72e-05	34.7
sp|P37582|GLNR_BACSU	CDD:133380	38.710	93	51	2	11	102	1	88	4.10e-33	106
sp|P37582|GLNR_BACSU	CDD:133378	39.189	74	45	0	12	85	1	74	5.53e-23	81.1
sp|P37582|GLNR_BACSU	CDD:133394	28.571	91	63	2	11	99	1	91	5.83e-20	73.1
sp|P37582|GLNR_BACSU	CDD:133389	44.898	49	27	0	12	60	1	49	1.86e-19	70.7
sp|P37582|GLNR_BACSU	CDD:433186	37.879	66	41	0	12	77	1	66	2.92e-19	70.7
sp|P37582|GLNR_BACSU	CDD:133395	47.826	69	34	2	11	78	1	68	7.45e-18	68.7
sp|P37582|GLNR_BACSU	CDD:133387	34.783	69	44	1	11	78	1	69	6.58e-17	65.7
sp|P37582|GLNR_BACSU	CDD:133391	41.176	68	39	1	12	78	1	68	1.00e-15	61.8
sp|P37582|GLNR_BACSU	CDD:133388	35.938	64	41	0	14	77	3	66	8.81e-15	60.3
sp|P37582|GLNR_BACSU	CDD:133383	40.909	66	38	1	14	78	3	68	7.18e-13	55.6
sp|P37582|GLNR_BACSU	CDD:133379	39.655	58	34	1	12	68	1	58	1.98e-12	53.0
sp|P37582|GLNR_BACSU	CDD:133393	33.684	95	58	4	12	102	1	94	7.16e-12	52.6
sp|P37582|GLNR_BACSU	CDD:425647	45.946	37	19	1	14	49	2	38	3.52e-11	49.3
sp|P37582|GLNR_BACSU	CDD:133412	31.579	76	50	2	12	86	1	75	8.80e-11	50.2
sp|P37582|GLNR_BACSU	CDD:133397	31.169	77	50	1	14	87	3	79	2.03e-10	49.3
sp|P37582|GLNR_BACSU	CDD:133384	38.095	63	38	1	14	75	3	65	2.55e-10	49.0
sp|P37582|GLNR_BACSU	CDD:133398	33.824	68	44	1	12	78	1	68	1.00e-09	47.6
sp|P37582|GLNR_BACSU	CDD:133406	31.818	110	73	2	14	121	3	112	4.51e-09	46.0
sp|P37582|GLNR_BACSU	CDD:133411	33.333	78	50	2	14	90	3	79	6.25e-09	45.6
sp|P37582|GLNR_BACSU	CDD:133392	34.921	63	37	2	17	77	6	66	7.83e-09	43.9
sp|P37582|GLNR_BACSU	CDD:133417	35.000	60	38	1	22	80	12	71	1.61e-08	45.1
sp|P37582|GLNR_BACSU	CDD:133401	42.308	52	30	0	14	65	3	54	1.96e-08	43.7
sp|P37582|GLNR_BACSU	CDD:133381	37.879	66	40	1	14	78	3	68	1.47e-07	41.3
sp|P37582|GLNR_BACSU	CDD:133402	36.765	68	43	0	11	78	1	68	2.16e-07	41.0
sp|P37582|GLNR_BACSU	CDD:133396	33.824	68	44	1	12	78	1	68	2.39e-07	40.8
sp|P37582|GLNR_BACSU	CDD:133405	30.508	59	41	0	24	82	14	72	9.19e-07	40.5
sp|P37582|GLNR_BACSU	CDD:133385	26.866	67	45	2	14	78	4	68	9.56e-07	39.9
sp|P37582|GLNR_BACSU	CDD:133382	32.432	74	48	1	12	83	1	74	1.06e-06	39.0
sp|P37582|GLNR_BACSU	CDD:133408	28.302	106	65	4	14	117	3	99	1.70e-06	38.8
sp|P37582|GLNR_BACSU	CDD:133403	29.825	57	39	1	22	78	11	66	8.89e-06	36.7
sp|P37582|GLNR_BACSU	CDD:133416	24.051	79	57	1	23	101	13	88	2.12e-05	35.5
sp|P37582|GLNR_BACSU	CDD:133414	30.986	71	42	2	18	81	1	71	3.05e-05	35.7
sp|P37871|RPOC_BACSU	CDD:132721	52.434	267	60	3	913	1177	3	204	9.42e-117	355
sp|P37871|RPOC_BACSU	CDD:132719	26.894	264	85	3	916	1177	1	158	2.13e-42	146
sp|P37871|RPOC_BACSU	CDD:132723	25.970	335	138	11	913	1178	7	300	4.00e-29	113
sp|P37871|RPOC_BACSU	CDD:132725	26.873	387	180	19	859	1179	9	358	1.21e-28	113
sp|P37871|RPOC_BACSU	CDD:132720	55.769	52	22	1	916	966	27	78	4.64e-16	76.1
sp|P37871|RPOC_BACSU	CDD:132722	52.632	57	22	1	903	959	2	53	1.77e-15	73.0
sp|P37878|3MGA_BACSU	CDD:425841	21.118	161	102	4	135	291	1	140	1.89e-27	98.9
sp|P37878|3MGA_BACSU	CDD:429744	30.159	126	75	8	11	134	1	115	2.57e-22	84.2
sp|P37947|DEGA_BACSU	CDD:306791	58.696	46	19	0	4	49	1	46	5.36e-22	81.9
sp|P37947|DEGA_BACSU	CDD:143331	48.000	50	26	0	6	55	1	50	5.20e-21	79.4
sp|P37954|UVRB_BACSU	CDD:350674	56.235	409	69	1	5	413	1	299	0.0	586
sp|P37954|UVRB_BACSU	CDD:350181	22.581	124	86	3	423	543	7	123	3.66e-08	46.8
sp|P37954|UVRB_BACSU	CDD:350189	23.684	114	74	3	445	551	33	140	8.89e-08	46.0
sp|P37954|UVRB_BACSU	CDD:350183	26.718	131	84	3	419	543	13	137	5.90e-06	41.1
sp|P38022|ROCR_BACSU	CDD:427077	52.500	40	19	0	415	454	1	40	2.69e-14	61.3
sp|P38022|ROCR_BACSU	CDD:433305	42.308	26	15	0	430	455	8	33	1.53e-06	39.7
sp|P38423|YQXK_BACSU	CDD:410989	39.604	404	213	10	5	386	1	395	0.0	508
sp|P38423|YQXK_BACSU	CDD:434010	33.333	51	32	1	319	367	4	54	1.29e-05	36.7
sp|P39075|BMRR_BACSU	CDD:133382	45.370	108	58	1	6	112	1	108	1.16e-41	134
sp|P39075|BMRR_BACSU	CDD:133396	47.423	97	50	1	6	102	1	96	2.80e-38	124
sp|P39075|BMRR_BACSU	CDD:133381	39.000	100	60	1	6	105	1	99	8.25e-26	92.5
sp|P39075|BMRR_BACSU	CDD:133378	34.314	102	60	3	6	102	1	100	2.23e-23	86.1
sp|P39075|BMRR_BACSU	CDD:133409	37.755	98	59	2	6	102	1	97	1.99e-21	81.1
sp|P39075|BMRR_BACSU	CDD:133384	26.786	112	70	4	6	110	1	107	1.76e-15	65.6
sp|P39075|BMRR_BACSU	CDD:133389	47.059	51	25	1	6	56	1	49	1.42e-14	61.1
sp|P39075|BMRR_BACSU	CDD:433186	37.879	66	39	1	6	71	1	64	5.05e-14	60.3
sp|P39075|BMRR_BACSU	CDD:133398	28.037	107	70	2	6	106	1	106	5.67e-13	58.7
sp|P39075|BMRR_BACSU	CDD:133411	24.779	113	71	4	8	110	3	111	1.05e-12	58.4
sp|P39075|BMRR_BACSU	CDD:133415	25.532	94	69	1	8	101	3	95	2.51e-12	56.2
sp|P39075|BMRR_BACSU	CDD:425647	48.718	39	19	1	7	45	1	38	2.13e-11	52.0
sp|P39075|BMRR_BACSU	CDD:133383	31.395	86	50	2	8	93	3	79	3.63e-11	54.1
sp|P39075|BMRR_BACSU	CDD:133397	25.439	114	65	3	8	103	3	114	6.84e-11	52.8
sp|P39075|BMRR_BACSU	CDD:133406	28.440	109	61	3	6	114	1	92	1.07e-10	52.9
sp|P39075|BMRR_BACSU	CDD:133400	32.836	67	44	1	6	72	1	66	7.24e-10	49.7
sp|P39075|BMRR_BACSU	CDD:133388	31.746	63	41	1	8	70	3	63	3.19e-09	48.0
sp|P39075|BMRR_BACSU	CDD:133417	22.973	148	105	2	6	145	2	148	5.28e-09	49.0
sp|P39075|BMRR_BACSU	CDD:133408	22.857	105	69	3	7	105	2	100	7.88e-08	44.2
sp|P39075|BMRR_BACSU	CDD:133402	28.713	101	65	3	6	101	2	100	1.79e-07	42.9
sp|P39075|BMRR_BACSU	CDD:133380	38.889	54	32	1	6	59	2	54	4.88e-07	41.4
sp|P39075|BMRR_BACSU	CDD:133414	25.833	120	63	6	10	117	5	110	7.71e-07	41.9
sp|P39075|BMRR_BACSU	CDD:133416	30.693	101	63	3	6	101	2	100	1.55e-06	40.2
sp|P39075|BMRR_BACSU	CDD:133412	25.862	116	75	3	6	115	1	111	2.03e-06	40.6
sp|P39075|BMRR_BACSU	CDD:133403	23.529	119	75	3	6	111	1	116	2.32e-06	40.2
sp|P39075|BMRR_BACSU	CDD:133410	22.124	113	77	3	6	111	1	109	4.41e-06	39.5
sp|P39075|BMRR_BACSU	CDD:133379	32.727	55	34	2	6	59	1	53	1.00e-05	37.2
sp|P39075|BMRR_BACSU	CDD:133394	28.000	75	51	2	5	78	1	73	1.41e-05	37.2
sp|P39075|BMRR_BACSU	CDD:133391	28.358	67	45	2	6	71	1	65	3.24e-05	35.6
sp|P39075|BMRR_BACSU	CDD:133392	36.765	68	39	2	6	72	1	65	4.76e-05	35.0
sp|P39119|CISY_BACSU	CDD:238690	21.739	69	49	3	132	199	11	75	1.16e-05	37.4
sp|P39127|CITR_BACSU	CDD:425479	43.333	60	34	0	3	62	1	60	1.27e-21	80.5
sp|P39140|DEOR_BACSU	CDD:432797	37.500	32	20	0	22	53	21	52	1.02e-06	39.9
sp|P39140|DEOR_BACSU	CDD:433295	31.707	41	25	1	20	57	22	62	1.12e-06	39.8
sp|P39140|DEOR_BACSU	CDD:427999	32.609	46	26	1	2	47	7	47	2.39e-06	38.6
sp|P39140|DEOR_BACSU	CDD:100119	36.957	46	24	1	2	47	13	53	3.73e-06	37.9
sp|P39140|DEOR_BACSU	CDD:433164	38.462	39	23	1	10	48	8	45	9.95e-06	36.9
sp|P39140|DEOR_BACSU	CDD:400535	42.424	33	19	0	15	47	21	53	2.38e-05	35.9
sp|P39140|DEOR_BACSU	CDD:238044	40.625	32	19	0	22	53	27	58	2.60e-05	36.1
sp|P39140|DEOR_BACSU	CDD:280223	43.243	37	21	0	11	47	41	77	4.36e-05	36.4
sp|P39140|DEOR_BACSU	CDD:404317	41.379	29	17	0	22	50	17	45	4.45e-05	34.7
sp|P39140|DEOR_BACSU	CDD:433449	41.463	41	24	0	3	43	14	54	6.73e-05	35.3
sp|P39145|COMFA_BACSU	CDD:350189	55.172	29	13	0	367	395	80	108	1.73e-05	38.7
sp|P39145|COMFA_BACSU	CDD:350183	26.667	60	40	2	365	423	82	138	2.68e-05	38.4
sp|P39158|CSPC_BACSU	CDD:239905	57.812	64	26	1	3	65	2	65	3.91e-30	95.3
sp|P39592|YWBI_BACSU	CDD:425479	51.667	60	29	0	3	62	1	60	1.44e-27	96.3
sp|P39601|YWCC_BACSU	CDD:425684	43.478	46	26	0	18	63	2	47	1.74e-13	57.4
sp|P39647|CYSL_BACSU	CDD:425479	44.643	56	31	0	6	61	4	59	2.95e-21	79.7
sp|P39667|NADR_BACSU	CDD:429896	45.098	51	27	1	15	64	2	52	1.00e-15	62.5
sp|P39694|COMEA_BACSU	CDD:432821	51.786	56	27	0	144	199	4	59	2.73e-25	88.3
sp|P39694|COMEA_BACSU	CDD:425789	48.276	29	15	0	143	171	2	30	4.83e-08	42.0
sp|P39694|COMEA_BACSU	CDD:427597	29.577	71	45	3	139	205	181	250	3.58e-07	43.5
sp|P39694|COMEA_BACSU	CDD:434010	32.203	59	27	2	152	202	2	55	2.27e-06	38.2
sp|P39758|ABH_BACSU	CDD:397909	48.837	43	22	0	8	50	1	43	6.06e-11	47.5
sp|P39776|XERC_BACSU	CDD:271193	33.702	181	110	3	109	284	1	176	9.98e-45	145
sp|P39776|XERC_BACSU	CDD:271175	37.278	169	100	3	118	282	1	167	1.46e-43	141
sp|P39776|XERC_BACSU	CDD:271180	24.457	184	109	7	119	282	1	174	8.39e-15	65.8
sp|P39779|CODY_BACSU	CDD:429871	76.667	60	14	0	198	257	2	61	5.29e-26	91.7
sp|P39779|CODY_BACSU	CDD:432824	38.182	55	28	2	184	233	4	57	5.75e-06	37.5
sp|P39779|CODY_BACSU	CDD:433228	24.074	54	37	1	179	232	1	50	1.65e-05	36.5
sp|P39779|CODY_BACSU	CDD:429896	27.660	47	33	1	188	233	1	47	2.17e-05	35.5
sp|P39779|CODY_BACSU	CDD:238042	36.364	55	35	0	203	257	23	77	2.27e-05	36.1
sp|P39784|PCF_BACSU	CDD:100119	45.455	55	30	0	104	158	1	55	2.82e-13	56.0
sp|P39784|PCF_BACSU	CDD:400535	38.889	54	33	0	104	157	1	54	9.92e-12	51.7
sp|P39784|PCF_BACSU	CDD:427999	34.000	50	33	0	110	159	1	50	8.81e-05	33.2
sp|P39785|XTMA_BACSU	CDD:402346	25.397	63	47	0	2	64	5	67	3.21e-06	38.3
sp|P39788|END3_BACSU	CDD:425841	44.681	141	74	3	35	171	1	141	4.95e-49	152
sp|P39788|END3_BACSU	CDD:425789	43.333	30	17	0	100	129	1	30	4.79e-10	47.8
sp|P39792|RECU_BACSU	CDD:411758	52.727	165	69	4	34	197	1	157	3.52e-73	213
sp|P39796|TRER_BACSU	CDD:153418	38.333	60	37	0	9	68	6	65	3.33e-22	81.3
sp|P39796|TRER_BACSU	CDD:306822	39.344	61	37	0	8	68	4	64	6.18e-16	64.6
sp|P39796|TRER_BACSU	CDD:396591	28.571	49	33	2	25	72	21	68	4.63e-06	39.1
sp|P39814|TOP1_BACSU	CDD:238110	45.727	433	175	6	130	556	1	379	3.06e-177	505
sp|P39842|BLTR_BACSU	CDD:133409	56.701	97	42	0	9	105	1	97	2.20e-45	143
sp|P39842|BLTR_BACSU	CDD:133396	47.423	97	50	1	9	105	1	96	3.68e-39	127
sp|P39842|BLTR_BACSU	CDD:133382	37.864	103	63	1	9	110	1	103	8.01e-31	105
sp|P39842|BLTR_BACSU	CDD:133381	40.777	103	55	1	9	105	1	103	7.68e-26	92.5
sp|P39842|BLTR_BACSU	CDD:133378	39.604	101	56	2	9	105	1	100	5.35e-25	90.4
sp|P39842|BLTR_BACSU	CDD:133417	29.915	117	77	2	9	121	2	117	6.12e-18	73.6
sp|P39842|BLTR_BACSU	CDD:133389	44.000	50	27	1	9	58	1	49	1.39e-15	63.8
sp|P39842|BLTR_BACSU	CDD:133402	29.412	102	68	2	9	110	2	99	1.33e-13	59.9
sp|P39842|BLTR_BACSU	CDD:133397	28.431	102	66	3	10	105	2	102	1.77e-13	60.1
sp|P39842|BLTR_BACSU	CDD:133383	29.808	104	68	1	12	110	4	107	5.46e-13	59.1
sp|P39842|BLTR_BACSU	CDD:133398	32.710	107	67	2	9	110	1	107	8.32e-13	58.3
sp|P39842|BLTR_BACSU	CDD:133384	25.688	109	76	1	9	112	1	109	1.81e-12	57.1
sp|P39842|BLTR_BACSU	CDD:133415	30.851	94	62	3	12	104	4	95	1.87e-12	56.6
sp|P39842|BLTR_BACSU	CDD:425647	47.368	38	20	0	10	47	1	38	2.55e-12	54.7
sp|P39842|BLTR_BACSU	CDD:433186	35.938	64	40	1	9	72	1	63	2.89e-12	55.2
sp|P39842|BLTR_BACSU	CDD:133411	25.000	104	73	2	12	110	4	107	1.65e-11	54.9
sp|P39842|BLTR_BACSU	CDD:133410	29.630	108	73	1	9	113	1	108	7.30e-11	53.0
sp|P39842|BLTR_BACSU	CDD:133408	24.752	101	74	2	10	109	2	101	8.16e-11	52.7
sp|P39842|BLTR_BACSU	CDD:133412	24.545	110	78	2	9	113	1	110	8.30e-10	50.2
sp|P39842|BLTR_BACSU	CDD:133414	30.476	105	68	2	13	112	5	109	2.77e-09	48.8
sp|P39842|BLTR_BACSU	CDD:133416	23.762	101	73	2	9	109	2	98	3.08e-09	47.9
sp|P39842|BLTR_BACSU	CDD:133406	22.549	102	72	2	12	113	4	98	4.68e-08	45.2
sp|P39842|BLTR_BACSU	CDD:133400	33.333	66	44	0	10	75	2	67	7.12e-08	44.3
sp|P39842|BLTR_BACSU	CDD:133394	29.000	100	59	4	8	106	1	89	4.60e-07	41.5
sp|P39842|BLTR_BACSU	CDD:133413	26.606	109	76	1	12	116	4	112	6.83e-07	42.1
sp|P39842|BLTR_BACSU	CDD:133404	28.302	106	65	2	12	108	4	107	6.23e-06	38.5
sp|P39842|BLTR_BACSU	CDD:430498	28.333	60	38	1	56	110	5	64	1.72e-05	36.3
sp|P39842|BLTR_BACSU	CDD:133401	35.938	64	39	2	9	71	1	63	2.49e-05	36.7
sp|P40331|YISR_BACSU	CDD:432818	35.000	80	51	1	202	280	1	80	3.53e-20	77.2
sp|P40331|YISR_BACSU	CDD:425497	35.714	42	27	0	189	230	1	42	6.67e-10	48.3
sp|P40331|YISR_BACSU	CDD:425497	42.105	38	21	1	243	280	6	42	1.31e-08	44.5
sp|P40408|BTR_BACSU	CDD:432818	30.864	81	55	1	185	264	1	81	4.90e-22	84.6
sp|P40408|BTR_BACSU	CDD:425497	41.026	39	22	1	225	263	5	42	8.64e-09	45.6
sp|P40408|BTR_BACSU	CDD:425497	26.190	42	31	0	172	213	1	42	3.19e-08	44.1
sp|P40762|YVMB_BACSU	CDD:426012	25.862	58	43	0	46	103	2	59	6.78e-17	65.3
sp|P40950|YUXN_BACSU	CDD:425684	53.191	47	22	0	8	54	1	47	3.27e-19	73.6
sp|P42103|YXAD_BACSU	CDD:426012	41.379	58	34	0	34	91	1	58	2.05e-14	58.3
sp|P42103|YXAD_BACSU	CDD:432797	32.759	58	39	0	33	90	2	59	7.82e-10	46.4
sp|P42105|YXAF_BACSU	CDD:425684	43.750	48	26	1	11	58	1	47	2.10e-14	59.3
sp|P42239|YCBG_BACSU	CDD:306822	45.312	64	35	0	18	81	1	64	2.72e-22	81.1
sp|P42239|YCBG_BACSU	CDD:153418	40.625	64	38	0	17	80	1	64	2.13e-20	76.3
sp|P42239|YCBG_BACSU	CDD:238042	25.758	66	42	1	16	81	2	60	4.81e-05	35.4
sp|P42244|YCBL_BACSU	CDD:425712	49.351	77	39	0	147	223	1	77	1.92e-37	120
sp|P42244|YCBL_BACSU	CDD:294013	42.222	90	51	1	134	223	1	89	9.34e-37	119
sp|P42305|DBPA_BACSU	CDD:350181	31.298	131	89	1	214	343	3	133	3.00e-18	75.3
sp|P42305|DBPA_BACSU	CDD:350180	19.792	96	73	2	227	318	12	107	3.22e-13	61.0
sp|P42305|DBPA_BACSU	CDD:350189	26.154	130	77	2	227	337	8	137	4.53e-13	60.7
sp|P42305|DBPA_BACSU	CDD:350183	31.683	101	63	2	242	336	40	140	2.98e-11	55.7
sp|P42305|DBPA_BACSU	CDD:350786	23.214	168	108	8	28	186	5	160	1.32e-05	40.0
sp|P42305|DBPA_BACSU	CDD:350680	25.180	139	67	8	40	157	2	124	6.07e-05	37.9
sp|P42406|HXLR_BACSU	CDD:396282	62.637	91	33	1	19	109	1	90	1.84e-49	147
sp|P42421|YXDJ_BACSU	CDD:294013	42.697	89	51	0	137	225	1	89	2.67e-29	100
sp|P42421|YXDJ_BACSU	CDD:425712	49.351	77	38	1	150	225	1	77	9.45e-27	93.0
sp|P42968|KIPR_BACSU	CDD:430539	33.333	51	33	1	7	56	1	51	1.13e-13	58.6
sp|P42968|KIPR_BACSU	CDD:432797	37.037	54	33	1	7	60	4	56	9.06e-07	39.5
sp|P45693|SP5S_BACSU	CDD:427805	72.840	81	22	0	3	83	1	81	1.53e-44	133
sp|P45870|RACA_BACSU	CDD:133390	40.816	49	29	0	1	49	1	49	4.98e-17	66.1
sp|P45870|RACA_BACSU	CDD:433186	30.645	62	43	0	1	62	1	62	1.99e-13	56.8
sp|P45870|RACA_BACSU	CDD:133392	31.579	57	39	0	6	62	6	62	1.64e-06	38.5
sp|P45870|RACA_BACSU	CDD:133379	34.483	58	37	1	6	62	6	63	1.64e-06	38.4
sp|P45870|RACA_BACSU	CDD:133378	22.449	98	71	2	6	101	6	100	1.20e-05	36.8
sp|P45870|RACA_BACSU	CDD:133383	22.523	111	70	4	1	99	1	107	8.79e-05	34.8
sp|P45902|YQAE_BACSU	CDD:396104	41.818	55	32	0	6	60	1	55	2.02e-15	59.9
sp|P45902|YQAE_BACSU	CDD:238045	44.828	58	32	0	3	60	1	58	2.62e-15	59.9
sp|P45902|YQAE_BACSU	CDD:403907	42.623	61	35	0	4	64	2	62	2.40e-14	57.3
sp|P45903|YQAF_BACSU	CDD:396104	40.000	55	33	0	6	60	1	55	1.02e-14	56.8
sp|P45903|YQAF_BACSU	CDD:238045	38.596	57	35	0	4	60	2	58	1.50e-12	51.0
sp|P45903|YQAF_BACSU	CDD:403907	43.137	51	29	0	6	56	4	54	4.44e-11	47.7
sp|P45903|YQAF_BACSU	CDD:433309	30.000	30	21	0	10	39	10	39	1.38e-06	36.0
sp|P45904|YQAG_BACSU	CDD:396104	27.273	44	31	1	15	58	1	43	1.36e-07	41.4
sp|P45904|YQAG_BACSU	CDD:238045	25.532	47	34	1	13	59	2	47	6.15e-07	39.5
sp|P45915|YQAS_BACSU	CDD:402346	32.000	50	34	0	3	52	10	59	3.42e-06	38.3
sp|P45915|YQAS_BACSU	CDD:433276	24.242	33	25	0	6	38	3	35	3.76e-05	34.9
sp|P45915|YQAS_BACSU	CDD:433164	32.432	37	25	0	2	38	4	40	5.23e-05	34.2
sp|P45915|YQAS_BACSU	CDD:428745	37.838	37	23	0	7	43	5	41	7.10e-05	34.3
sp|P45915|YQAS_BACSU	CDD:400535	40.741	27	16	0	12	38	23	49	8.24e-05	34.0
sp|P45949|ARSR_BACSU	CDD:238042	38.235	68	41	1	16	83	1	67	2.55e-21	75.0
sp|P45949|ARSR_BACSU	CDD:425993	43.478	46	25	1	21	66	1	45	2.06e-16	61.7
sp|P45949|ARSR_BACSU	CDD:432824	31.579	57	39	0	16	72	4	60	5.33e-12	51.0
sp|P46321|LICR_BACSU	CDD:429896	35.714	56	32	1	7	62	1	52	1.08e-12	57.4
sp|P46321|LICR_BACSU	CDD:428276	30.263	76	50	1	91	166	14	86	1.21e-12	58.4
sp|P46325|YXBA_BACSU	CDD:428458	30.909	55	38	0	29	83	11	65	1.09e-12	52.1
sp|P46330|YXBF_BACSU	CDD:425684	35.556	45	29	0	11	55	3	47	3.04e-06	38.2
sp|P46330|YXBF_BACSU	CDD:425684	26.316	38	28	0	215	252	8	45	1.43e-05	36.2
sp|P46337|IOLR_BACSU	CDD:285436	40.351	57	34	0	5	61	1	57	3.14e-22	81.2
sp|P46337|IOLR_BACSU	CDD:429896	36.957	46	28	1	7	51	2	47	2.50e-07	40.9
sp|P46337|IOLR_BACSU	CDD:430370	28.889	45	32	0	7	51	3	47	9.43e-06	36.9
sp|P46337|IOLR_BACSU	CDD:153418	32.075	53	30	2	7	53	8	60	1.72e-05	36.3
sp|P46337|IOLR_BACSU	CDD:432824	27.500	40	29	0	12	51	18	57	2.00e-05	36.0
sp|P46337|IOLR_BACSU	CDD:437032	31.111	45	31	0	2	46	2	46	5.76e-05	36.0
sp|P46352|XERD_BACSU	CDD:271193	43.889	180	89	4	108	280	2	176	1.65e-53	167
sp|P46352|XERD_BACSU	CDD:271175	44.379	169	86	3	116	278	1	167	5.72e-46	147
sp|P46352|XERD_BACSU	CDD:271180	22.404	183	112	9	117	278	1	174	4.04e-13	61.2
sp|P46908|FNR_BACSU	CDD:238044	35.211	71	42	1	147	217	1	67	6.24e-16	64.6
sp|P46908|FNR_BACSU	CDD:433295	33.333	72	40	2	151	222	3	66	1.84e-13	58.2
sp|P46908|FNR_BACSU	CDD:425608	40.625	32	19	0	174	205	1	32	8.76e-10	47.3
sp|P50728|YPBB_BACSU	CDD:433989	35.955	89	57	0	256	344	1	89	7.55e-28	99.1
sp|P50729|RECS_BACSU	CDD:350678	50.746	201	92	3	5	199	1	200	1.53e-98	290
sp|P50729|RECS_BACSU	CDD:350776	51.042	192	84	5	6	189	2	191	8.39e-78	237
sp|P50729|RECS_BACSU	CDD:350181	45.926	135	71	2	200	333	1	134	1.38e-63	197
sp|P50729|RECS_BACSU	CDD:350773	40.777	206	112	4	3	199	5	209	5.00e-62	196
sp|P50729|RECS_BACSU	CDD:350775	39.037	187	108	5	8	192	4	186	8.11e-58	184
sp|P50729|RECS_BACSU	CDD:350772	41.206	199	106	5	5	193	1	198	6.98e-57	183
sp|P50729|RECS_BACSU	CDD:350774	36.967	211	115	4	2	199	3	208	4.50e-53	173
sp|P50729|RECS_BACSU	CDD:350182	31.481	108	53	4	229	324	44	142	1.02e-09	51.4
sp|P50729|RECS_BACSU	CDD:350183	26.415	53	39	0	280	332	95	147	1.07e-05	39.9
sp|P50729|RECS_BACSU	CDD:350786	19.868	151	110	4	28	173	14	158	1.52e-05	39.6
sp|P50733|YPBG_BACSU	CDD:277319	21.939	196	88	8	52	212	5	170	6.21e-07	42.6
sp|P50830|YPRA_BACSU	CDD:350680	32.759	174	102	7	69	235	1	166	3.94e-31	114
sp|P50830|YPRA_BACSU	CDD:350183	31.783	129	84	4	272	398	23	149	8.49e-23	89.6
sp|P50830|YPRA_BACSU	CDD:350786	29.798	198	113	10	54	246	1	177	5.64e-18	76.6
sp|P50830|YPRA_BACSU	CDD:350776	23.039	204	99	12	51	229	9	179	7.83e-12	59.6
sp|P50830|YPRA_BACSU	CDD:350182	24.074	162	92	7	253	397	6	153	3.85e-09	50.6
sp|P50830|YPRA_BACSU	CDD:350181	27.835	97	64	2	291	387	33	123	1.63e-07	45.3
sp|P50830|YPRA_BACSU	CDD:350772	25.517	145	75	7	59	188	18	144	3.74e-07	45.5
sp|P50830|YPRA_BACSU	CDD:350678	26.829	164	77	9	44	188	1	140	2.37e-06	43.3
sp|P50830|YPRA_BACSU	CDD:350189	21.374	131	92	4	277	397	13	142	4.44e-06	41.4
sp|P50830|YPRA_BACSU	CDD:350774	25.786	159	93	7	41	188	4	148	3.59e-05	39.8
sp|P50830|YPRA_BACSU	CDD:350773	25.000	96	62	3	40	134	3	89	4.03e-05	39.7
sp|P50844|KDGR_BACSU	CDD:143331	46.154	52	27	1	12	63	1	51	3.15e-19	74.8
sp|P50844|KDGR_BACSU	CDD:306791	53.191	47	21	1	10	56	1	46	2.12e-15	63.8
sp|P50844|KDGR_BACSU	CDD:238045	43.590	39	21	1	10	48	14	51	7.31e-07	40.2
sp|P50844|KDGR_BACSU	CDD:396104	40.000	35	20	1	10	44	11	44	6.60e-05	34.8
sp|P51777|CSPD_BACSU	CDD:239905	61.538	65	24	1	2	65	1	65	1.44e-29	93.8
sp|P54161|EX53_BACSU	CDD:188618	46.575	73	39	0	177	249	1	73	6.57e-33	110
sp|P54161|EX53_BACSU	CDD:188616	45.714	70	36	2	180	248	3	71	6.84e-19	73.6
sp|P54161|EX53_BACSU	CDD:188627	45.238	42	21	1	181	222	4	43	5.12e-09	46.4
sp|P54161|EX53_BACSU	CDD:188623	52.381	42	17	2	180	220	3	42	1.01e-08	45.7
sp|P54161|EX53_BACSU	CDD:188621	50.000	28	14	0	195	222	16	43	1.50e-08	45.2
sp|P54161|EX53_BACSU	CDD:188619	48.649	37	19	0	177	213	2	38	4.17e-08	44.0
sp|P54161|EX53_BACSU	CDD:188617	44.898	49	23	3	180	227	3	48	2.30e-07	41.8
sp|P54161|EX53_BACSU	CDD:188620	42.553	47	24	2	180	225	3	47	4.13e-07	40.5
sp|P54161|EX53_BACSU	CDD:188628	46.429	28	15	0	195	222	16	43	1.03e-05	37.2
sp|P54182|YPOP_BACSU	CDD:426012	50.847	59	29	0	34	92	1	59	1.77e-16	63.7
sp|P54182|YPOP_BACSU	CDD:433228	30.882	68	46	1	34	100	1	68	1.62e-08	43.0
sp|P54182|YPOP_BACSU	CDD:432797	27.586	58	42	0	34	91	3	60	2.83e-08	42.2
sp|P54304|YQER_BACSU	CDD:429220	34.375	64	42	0	301	364	1	64	7.85e-15	63.0
sp|P54443|YRKP_BACSU	CDD:294013	38.462	91	54	2	138	228	1	89	4.42e-31	104
sp|P54443|YRKP_BACSU	CDD:425712	41.558	77	44	1	152	228	2	77	3.95e-29	99.1
sp|P54475|CSHB_BACSU	CDD:350181	27.344	128	90	3	224	349	8	134	1.65e-13	61.8
sp|P54475|CSHB_BACSU	CDD:350189	25.899	139	75	4	219	342	11	136	1.61e-12	59.1
sp|P54475|CSHB_BACSU	CDD:350180	22.078	77	58	1	249	323	31	107	6.32e-12	57.1
sp|P54475|CSHB_BACSU	CDD:350183	28.155	103	62	3	249	342	42	141	2.01e-07	44.6
sp|P54475|CSHB_BACSU	CDD:350680	26.400	125	76	4	42	157	2	119	3.87e-06	41.0
sp|P54475|CSHB_BACSU	CDD:350182	24.138	58	39	2	231	287	28	81	4.85e-06	40.6
sp|P54479|ZUR_BACSU	CDD:133478	36.522	115	69	2	21	132	3	116	1.94e-39	123
sp|P54479|ZUR_BACSU	CDD:426280	32.520	123	76	4	12	129	1	121	4.46e-31	102
sp|P54509|YQHH_BACSU	CDD:350180	31.452	124	79	2	359	476	11	134	4.69e-45	150
sp|P54509|YQHH_BACSU	CDD:350770	31.383	188	115	6	79	256	26	209	1.29e-36	130
sp|P54509|YQHH_BACSU	CDD:350758	27.485	171	97	4	80	226	23	190	1.49e-18	78.1
sp|P54509|YQHH_BACSU	CDD:350189	34.314	102	51	3	376	461	29	130	2.99e-12	58.8
sp|P54509|YQHH_BACSU	CDD:350181	26.613	124	88	2	354	474	10	133	2.84e-07	44.1
sp|P54512|MNTR_BACSU	CDD:396062	52.632	57	27	0	4	60	1	57	6.06e-25	85.1
sp|P54512|MNTR_BACSU	CDD:426954	41.935	62	35	1	63	123	1	62	1.92e-20	74.0
sp|P54512|MNTR_BACSU	CDD:426012	35.000	40	26	0	13	52	8	47	1.46e-05	35.2
sp|P54529|YQIR_BACSU	CDD:427077	42.500	40	23	0	644	683	1	40	1.84e-12	56.2
sp|P54545|DPO41_BACSU	CDD:176459	49.408	338	166	3	9	345	1	334	3.96e-168	469
sp|P54545|DPO41_BACSU	CDD:176454	31.884	345	219	8	9	341	1	341	1.12e-82	252
sp|P54545|DPO41_BACSU	CDD:176453	34.012	344	213	8	9	341	1	341	2.23e-79	243
sp|P54545|DPO41_BACSU	CDD:176455	31.593	364	221	9	2	343	43	400	2.06e-66	211
sp|P54545|DPO41_BACSU	CDD:176457	29.940	334	188	13	10	315	2	317	3.53e-47	160
sp|P54545|DPO41_BACSU	CDD:176456	31.915	376	191	17	10	341	2	356	2.75e-45	155
sp|P54545|DPO41_BACSU	CDD:176458	22.152	316	200	11	26	320	18	308	9.94e-22	89.7
sp|P54545|DPO41_BACSU	CDD:432081	65.517	29	10	0	173	201	4	32	2.12e-10	49.7
sp|P54545|DPO41_BACSU	CDD:434010	45.714	35	19	0	187	221	9	43	3.05e-06	38.6
sp|P54560|DPO42_BACSU	CDD:176454	36.517	356	202	10	8	351	1	344	1.88e-141	401
sp|P54560|DPO42_BACSU	CDD:176459	42.486	346	186	6	8	352	1	334	8.47e-124	356
sp|P54560|DPO42_BACSU	CDD:176453	32.857	350	221	9	8	350	1	343	2.40e-59	191
sp|P54560|DPO42_BACSU	CDD:176455	27.371	369	240	12	3	352	45	404	1.02e-42	149
sp|P54560|DPO42_BACSU	CDD:176457	27.237	257	159	8	9	245	2	250	4.23e-28	108
sp|P54560|DPO42_BACSU	CDD:176456	23.611	360	221	12	9	337	2	338	1.26e-25	101
sp|P54560|DPO42_BACSU	CDD:176458	24.424	217	158	4	25	241	18	228	7.36e-17	75.5
sp|P54560|DPO42_BACSU	CDD:432081	36.000	25	16	0	180	204	8	32	6.05e-05	34.3
sp|P54561|YQJX_BACSU	CDD:430270	32.258	93	63	0	18	110	1	93	5.98e-32	103
sp|P54574|FUR_BACSU	CDD:133478	47.500	120	59	2	21	140	1	116	3.05e-43	133
sp|P54574|FUR_BACSU	CDD:426280	41.935	124	69	1	14	137	1	121	4.98e-42	130
sp|P54590|YHCF_BACSU	CDD:153418	46.970	66	35	0	10	75	1	66	4.66e-22	77.1
sp|P54590|YHCF_BACSU	CDD:306822	38.095	63	39	0	12	74	2	64	7.62e-15	58.8
sp|P54590|YHCF_BACSU	CDD:396591	27.273	44	32	0	28	71	17	60	4.22e-05	34.8
sp|P54602|YHCR_BACSU	CDD:395448	33.684	95	54	3	402	496	1	86	5.53e-27	100
sp|P54602|YHCR_BACSU	CDD:239934	26.471	68	46	2	187	250	1	68	2.40e-06	41.0
sp|P54717|GLVR_BACSU	CDD:334531	44.156	77	43	0	1	77	1	77	1.33e-35	116
sp|P54722|YFIF_BACSU	CDD:432818	37.975	79	47	2	211	287	1	79	2.23e-20	78.4
sp|P54722|YFIF_BACSU	CDD:425497	33.333	42	28	0	198	239	1	42	2.32e-10	49.5
sp|P54722|YFIF_BACSU	CDD:425497	50.000	36	18	0	252	287	6	41	3.57e-08	43.3
sp|P55181|YXJO_BACSU	CDD:425479	48.333	60	31	0	3	62	1	60	8.72e-26	91.7
sp|P55181|YXJO_BACSU	CDD:425993	45.161	31	16	1	13	42	12	42	5.91e-05	34.3
sp|P55184|YXJL_BACSU	CDD:99777	49.123	57	29	0	157	213	1	57	2.41e-21	78.3
sp|P55184|YXJL_BACSU	CDD:425517	40.351	57	34	0	155	211	1	57	8.37e-19	71.5
sp|P55184|YXJL_BACSU	CDD:400535	36.735	49	24	1	151	199	13	54	1.12e-06	39.0
sp|P55343|MRAZ_BACSU	CDD:426747	48.611	72	36	1	72	142	1	72	3.09e-28	93.9
sp|P55343|MRAZ_BACSU	CDD:426747	38.889	72	43	1	1	71	1	72	5.57e-28	93.5
sp|P68573|DBH2_BACSU	CDD:259853	68.605	86	27	0	2	87	1	86	4.80e-43	129
sp|P68573|DBH2_BACSU	CDD:425532	63.636	88	32	0	2	89	1	88	5.40e-36	112
sp|P68573|DBH2_BACSU	CDD:259858	50.562	89	43	1	1	88	1	89	4.90e-34	107
sp|P68573|DBH2_BACSU	CDD:259859	48.276	87	45	0	2	88	1	87	1.61e-33	105
sp|P68573|DBH2_BACSU	CDD:259854	57.647	85	36	0	3	87	1	85	5.03e-33	104
sp|P68573|DBH2_BACSU	CDD:259852	52.941	85	40	0	3	87	1	85	5.38e-33	104
sp|P68573|DBH2_BACSU	CDD:259857	52.273	88	42	0	2	89	1	88	1.77e-32	103
sp|P68573|DBH2_BACSU	CDD:259856	36.170	94	52	3	2	87	1	94	1.49e-12	52.6
sp|P68585|MTBP_BACSU	CDD:238192	29.792	433	145	10	4	435	1	275	1.15e-75	232
sp|P70955|NATR_BACSU	CDD:427920	22.917	96	73	1	135	230	1	95	1.19e-21	80.7
sp|P70993|YWHA_BACSU	CDD:426012	40.678	59	35	0	34	92	1	59	2.83e-17	65.6
sp|P70993|YWHA_BACSU	CDD:432797	24.000	50	38	0	41	90	10	59	8.92e-12	51.4
sp|P70993|YWHA_BACSU	CDD:427620	19.481	77	53	3	41	110	8	82	6.53e-09	45.3
sp|P70993|YWHA_BACSU	CDD:404317	30.000	40	28	0	41	80	6	45	2.53e-07	39.3
sp|P70993|YWHA_BACSU	CDD:238042	25.000	76	51	3	35	110	6	75	1.32e-05	35.7
sp|P71011|ALBA_BACSU	CDD:428458	27.586	58	40	2	40	96	9	65	4.25e-06	38.6
sp|P71015|GBSR_BACSU	CDD:432797	23.077	52	40	0	28	79	1	52	2.81e-06	37.6
sp|P71025|CZCR_BACSU	CDD:425479	45.000	60	33	0	3	62	1	60	6.04e-24	86.7
sp|P71036|YWNA_BACSU	CDD:396591	36.567	134	78	3	2	131	1	131	1.01e-38	122
sp|P71039|MTA_BACSU	CDD:133381	61.165	103	40	0	3	105	1	103	3.52e-55	167
sp|P71039|MTA_BACSU	CDD:133396	42.708	96	55	0	3	98	1	96	1.94e-43	137
sp|P71039|MTA_BACSU	CDD:133378	38.835	103	60	2	3	105	1	100	2.68e-28	98.5
sp|P71039|MTA_BACSU	CDD:133415	46.988	83	44	0	5	87	3	85	1.78e-26	94.0
sp|P71039|MTA_BACSU	CDD:133382	34.653	101	64	2	7	105	5	105	4.02e-22	82.6
sp|P71039|MTA_BACSU	CDD:133409	33.333	96	63	1	3	97	1	96	7.04e-22	81.9
sp|P71039|MTA_BACSU	CDD:133417	34.951	103	67	0	3	105	2	104	3.59e-21	82.1
sp|P71039|MTA_BACSU	CDD:133398	34.694	98	61	2	3	99	1	96	1.06e-18	74.1
sp|P71039|MTA_BACSU	CDD:433186	43.284	67	37	1	3	69	1	66	4.76e-18	70.7
sp|P71039|MTA_BACSU	CDD:133389	56.000	50	21	1	3	52	1	49	2.69e-17	68.0
sp|P71039|MTA_BACSU	CDD:133384	29.126	103	72	1	3	105	1	102	4.44e-17	69.4
sp|P71039|MTA_BACSU	CDD:133403	31.092	119	78	2	3	119	1	117	1.37e-15	65.6
sp|P71039|MTA_BACSU	CDD:133383	35.938	64	41	0	7	70	5	68	1.96e-15	65.3
sp|P71039|MTA_BACSU	CDD:133388	28.713	101	67	3	7	104	5	103	8.55e-15	63.4
sp|P71039|MTA_BACSU	CDD:133401	33.333	96	55	3	3	90	1	95	3.23e-14	61.4
sp|P71039|MTA_BACSU	CDD:133414	45.588	68	37	0	4	71	2	69	3.87e-14	61.9
sp|P71039|MTA_BACSU	CDD:133412	38.158	76	44	1	7	79	5	80	4.42e-14	61.8
sp|P71039|MTA_BACSU	CDD:133411	27.778	108	74	2	3	107	1	107	2.14e-13	59.9
sp|P71039|MTA_BACSU	CDD:133402	36.275	102	59	4	3	101	2	100	4.92e-13	58.3
sp|P71039|MTA_BACSU	CDD:133397	27.826	115	78	3	7	119	5	116	8.33e-13	58.1
sp|P71039|MTA_BACSU	CDD:133410	28.846	104	68	3	5	105	3	103	1.23e-12	57.6
sp|P71039|MTA_BACSU	CDD:425647	48.649	37	19	0	5	41	2	38	4.39e-12	54.0
sp|P71039|MTA_BACSU	CDD:133394	32.292	96	58	3	3	97	2	91	4.75e-11	52.7
sp|P71039|MTA_BACSU	CDD:133406	32.673	101	59	3	3	103	1	92	1.95e-10	52.1
sp|P71039|MTA_BACSU	CDD:133386	35.821	67	43	0	3	69	1	67	2.03e-10	51.2
sp|P71039|MTA_BACSU	CDD:133379	31.944	72	41	2	3	70	1	68	8.16e-10	48.4
sp|P71039|MTA_BACSU	CDD:133408	31.959	97	60	3	8	99	6	101	1.35e-09	49.2
sp|P71039|MTA_BACSU	CDD:133385	28.283	99	70	1	5	103	4	101	2.64e-09	48.7
sp|P71039|MTA_BACSU	CDD:133392	41.176	68	37	2	3	69	1	66	6.02e-09	45.8
sp|P71039|MTA_BACSU	CDD:430498	25.424	59	43	1	46	104	1	58	6.61e-08	42.9
sp|P71039|MTA_BACSU	CDD:133387	37.681	69	41	2	3	70	2	69	7.79e-08	43.7
sp|P71039|MTA_BACSU	CDD:133416	35.294	68	43	1	3	70	2	68	1.87e-06	39.8
sp|P71039|MTA_BACSU	CDD:133391	26.866	67	49	0	3	69	1	67	1.95e-06	39.1
sp|P71039|MTA_BACSU	CDD:133407	29.577	71	49	1	3	72	1	71	2.21e-06	39.6
sp|P71039|MTA_BACSU	CDD:133380	33.333	60	40	0	8	67	7	66	2.30e-06	39.1
sp|P71039|MTA_BACSU	CDD:133395	32.353	68	43	2	3	69	2	67	4.91e-06	39.0
sp|P71039|MTA_BACSU	CDD:133390	36.000	50	31	1	3	52	1	49	1.74e-05	35.6
sp|P71039|MTA_BACSU	CDD:133413	28.788	66	47	0	4	69	2	67	9.64e-05	35.6
sp|P71047|YWGB_BACSU	CDD:396591	32.456	114	76	1	21	134	19	131	1.33e-34	112
sp|P71049|SLRR_BACSU	CDD:238045	42.373	59	33	1	3	61	1	58	3.12e-14	57.9
sp|P71049|SLRR_BACSU	CDD:396104	42.857	56	31	1	6	61	1	55	8.09e-14	56.8
sp|P71049|SLRR_BACSU	CDD:433309	35.000	60	39	0	2	61	2	61	3.84e-11	50.2
sp|P71049|SLRR_BACSU	CDD:403907	33.333	63	41	1	3	65	1	62	3.54e-09	45.0
sp|P71049|SLRR_BACSU	CDD:400831	52.000	25	12	0	124	148	3	27	4.52e-07	38.6
sp|P71073|ADER_BACSU	CDD:433305	32.143	56	38	0	362	417	1	56	2.33e-15	64.4
sp|P71086|PERR_BACSU	CDD:426280	43.802	121	66	2	15	133	1	121	4.20e-50	151
sp|P71086|PERR_BACSU	CDD:133478	47.414	116	60	1	22	136	1	116	5.92e-49	148
sp|P94359|YXKF_BACSU	CDD:433305	36.538	52	33	0	237	288	1	52	3.10e-14	60.5
sp|P94370|SIGY_BACSU	CDD:100119	32.727	55	37	0	118	172	1	55	9.86e-14	57.5
sp|P94370|SIGY_BACSU	CDD:400535	42.000	50	29	0	122	171	5	54	2.87e-12	53.6
sp|P94370|SIGY_BACSU	CDD:427999	32.000	50	34	0	124	173	1	50	5.59e-12	52.4
sp|P94370|SIGY_BACSU	CDD:254323	22.162	185	132	5	4	177	2	185	1.76e-09	49.0
sp|P94370|SIGY_BACSU	CDD:427998	37.500	48	28	2	47	92	24	71	7.89e-09	44.9
sp|P94378|3MGH_BACSU	CDD:187726	50.000	188	89	4	12	195	1	187	1.64e-96	273
sp|P94387|YCGK_BACSU	CDD:425479	43.333	60	34	0	3	62	1	60	2.84e-23	85.5
sp|P94393|YCGP_BACSU	CDD:433305	41.071	56	33	0	352	407	1	56	8.01e-20	77.1
sp|P94403|BSDA_BACSU	CDD:425479	46.667	60	31	1	3	62	1	59	4.68e-23	84.4
sp|P94413|YCLJ_BACSU	CDD:294013	55.556	90	38	2	136	224	1	89	2.69e-43	135
sp|P94413|YCLJ_BACSU	CDD:425712	58.974	78	29	2	149	224	1	77	2.59e-39	125
sp|P94423|YCNC_BACSU	CDD:425684	42.553	47	27	0	8	54	1	47	1.63e-15	64.0
sp|P94426|GABR_BACSU	CDD:153418	43.750	64	36	0	16	79	2	65	8.89e-22	83.3
sp|P94426|GABR_BACSU	CDD:306822	42.857	63	36	0	17	79	2	64	2.35e-15	64.9
sp|P94433|YCNK_BACSU	CDD:285436	38.596	57	35	0	6	62	1	57	4.28e-14	58.8
sp|P94433|YCNK_BACSU	CDD:429896	32.432	37	24	1	8	43	1	37	5.05e-06	36.6
sp|P94433|YCNK_BACSU	CDD:426012	35.556	45	28	1	4	47	1	45	6.92e-06	36.8
sp|P94439|YFIK_BACSU	CDD:99777	54.386	57	26	0	158	214	1	57	3.28e-18	70.3
sp|P94439|YFIK_BACSU	CDD:425517	50.000	54	27	0	158	211	3	56	1.42e-16	65.7
sp|P94439|YFIK_BACSU	CDD:282780	36.538	52	25	2	158	201	1	52	9.70e-06	36.4
sp|P94443|PADR_BACSU	CDD:431257	27.586	87	61	1	94	180	1	85	7.57e-20	74.2
sp|P94443|PADR_BACSU	CDD:397561	33.784	74	49	0	8	81	1	74	6.00e-19	71.5
sp|P94461|PRIA_BACSU	CDD:350786	23.077	169	96	6	277	429	8	158	5.03e-08	47.7
sp|P94461|PRIA_BACSU	CDD:350674	32.099	81	51	2	260	340	1	77	1.09e-05	42.2
sp|P94461|PRIA_BACSU	CDD:350678	26.606	109	65	6	297	394	36	140	1.29e-05	41.0
sp|P94490|XYLR_BACSU	CDD:404317	31.707	41	28	0	13	53	2	42	2.08e-06	38.6
sp|P94492|YNCB_BACSU	CDD:395448	49.091	110	51	2	89	197	1	106	1.90e-44	138
sp|P94501|GLTR_BACSU	CDD:425479	36.667	60	38	0	3	62	1	60	3.57e-20	76.7
sp|P94504|YVRH_BACSU	CDD:294013	41.111	90	52	1	139	228	1	89	6.87e-37	119
sp|P94504|YVRH_BACSU	CDD:425712	46.753	77	41	0	152	228	1	77	1.45e-35	116
sp|P94514|LYTT_BACSU	CDD:427920	49.485	97	49	0	143	239	1	97	2.94e-40	128
sp|P94536|YSFB_BACSU	CDD:433305	42.593	54	31	0	307	360	1	54	1.67e-18	72.9
sp|P94541|RNH3_BACSU	CDD:432135	55.263	76	34	0	3	78	1	76	1.56e-34	115
sp|P94544|POLX_BACSU	CDD:434152	37.313	67	42	0	3	69	1	67	1.84e-19	76.8
sp|P94544|POLX_BACSU	CDD:434010	28.571	56	38	2	90	145	4	57	6.17e-05	35.5
sp|P94548|FADR_BACSU	CDD:425684	51.064	47	23	0	11	57	1	47	4.21e-17	66.3
sp|P94578|YWOH_BACSU	CDD:426012	38.983	59	35	1	32	89	1	59	1.73e-19	71.0
sp|P94578|YWOH_BACSU	CDD:432797	35.000	60	38	1	30	88	1	60	1.17e-12	53.7
sp|P94578|YWOH_BACSU	CDD:433228	33.846	65	41	2	35	97	4	68	1.58e-10	48.4
sp|P94578|YWOH_BACSU	CDD:396525	31.148	61	42	0	27	87	1	61	2.02e-07	40.2
sp|P94578|YWOH_BACSU	CDD:433295	28.571	35	25	0	48	82	22	56	2.77e-06	37.1
sp|P94578|YWOH_BACSU	CDD:238042	34.615	52	32	1	47	98	19	68	3.14e-06	37.3
sp|P94578|YWOH_BACSU	CDD:238044	48.571	35	18	0	47	81	24	58	3.54e-06	36.9
sp|P94578|YWOH_BACSU	CDD:396062	34.884	43	21	1	43	78	7	49	4.36e-05	33.9
sp|P94578|YWOH_BACSU	CDD:306822	38.235	34	21	0	50	83	26	59	8.86e-05	33.0
sp|P94591|GLCR_BACSU	CDD:285436	45.455	55	30	0	6	60	1	55	8.56e-15	61.9
sp|P94591|GLCR_BACSU	CDD:429896	35.417	48	30	1	9	55	2	49	2.66e-05	35.5
sp|P94593|YWQA_BACSU	CDD:350770	53.394	221	100	2	446	666	1	218	1.14e-125	373
sp|P94593|YWQA_BACSU	CDD:350180	46.377	138	67	3	737	873	4	135	4.51e-54	178
sp|P94593|YWQA_BACSU	CDD:350758	33.158	190	115	3	450	627	1	190	3.46e-44	152
sp|P96574|MTLR_BACSU	CDD:429896	37.209	43	23	1	20	62	13	51	3.41e-05	36.3
sp|P96582|LRPC_BACSU	CDD:433180	41.463	41	24	0	4	44	1	41	1.21e-14	58.5
sp|P96582|LRPC_BACSU	CDD:404317	37.778	45	28	0	5	49	1	45	1.25e-12	53.2
sp|P96582|LRPC_BACSU	CDD:238042	26.531	49	35	1	4	52	6	53	6.51e-06	36.5
sp|P96583|TOP3_BACSU	CDD:238110	32.366	448	228	8	154	593	1	381	4.37e-127	377
sp|P96602|DCTR_BACSU	CDD:429896	33.333	39	26	0	168	206	5	43	1.23e-05	35.9
sp|P96602|DCTR_BACSU	CDD:238044	29.630	54	36	1	158	209	5	58	4.69e-05	34.9
sp|P96602|DCTR_BACSU	CDD:398397	38.636	44	27	0	164	207	3	46	9.02e-05	34.0
sp|P96602|DCTR_BACSU	CDD:430539	29.268	41	29	0	169	209	11	51	9.80e-05	33.5
sp|P96614|CSHA_BACSU	CDD:350181	25.954	131	93	1	218	344	3	133	3.98e-15	66.5
sp|P96614|CSHA_BACSU	CDD:350180	24.779	113	75	3	228	330	12	124	1.65e-12	59.0
sp|P96614|CSHA_BACSU	CDD:350189	37.097	62	38	1	274	335	73	133	1.07e-09	51.1
sp|P96614|CSHA_BACSU	CDD:350680	26.984	126	83	6	40	158	1	124	2.13e-06	42.2
sp|P96614|CSHA_BACSU	CDD:350183	27.273	99	66	2	245	337	42	140	2.52e-06	41.5
sp|P96621|ENDAI_BACSU	CDD:409021	40.541	37	21	1	12	47	5	41	1.14e-06	36.6
sp|P96621|ENDAI_BACSU	CDD:409023	29.730	37	26	0	12	48	5	41	3.73e-06	35.0
sp|P96621|ENDAI_BACSU	CDD:409020	36.842	38	24	0	10	47	3	40	2.21e-05	33.3
sp|P96621|ENDAI_BACSU	CDD:426244	50.000	34	17	0	12	45	4	37	7.16e-05	31.7
sp|P96625|YDCH_BACSU	CDD:426012	38.095	63	35	1	38	100	1	59	9.64e-18	66.8
sp|P96625|YDCH_BACSU	CDD:432797	32.836	67	35	3	36	99	1	60	4.67e-09	44.5
sp|P96625|YDCH_BACSU	CDD:433228	26.190	42	28	1	67	108	30	68	2.75e-07	40.0
sp|P96629|INT_BACSU	CDD:271175	22.727	176	120	3	173	345	1	163	3.25e-22	86.8
sp|P96629|INT_BACSU	CDD:271193	27.660	188	111	9	171	352	8	176	9.05e-15	66.1
sp|P96631|IMMR_BACSU	CDD:238045	44.828	58	32	0	4	61	1	58	4.11e-17	64.5
sp|P96631|IMMR_BACSU	CDD:396104	41.818	55	32	0	7	61	1	55	6.89e-16	61.4
sp|P96631|IMMR_BACSU	CDD:403907	39.344	61	37	0	4	64	1	61	7.47e-14	56.5
sp|P96631|IMMR_BACSU	CDD:433309	27.586	58	41	1	3	59	2	59	4.95e-09	44.1
sp|P96635|NICK_BACSU	CDD:426796	48.529	204	100	3	126	327	1	201	1.89e-88	259
sp|P96635|NICK_BACSU	CDD:436278	55.556	90	39	1	30	119	2	90	6.25e-42	136
sp|P96652|LRPA_BACSU	CDD:433180	37.500	40	25	0	3	42	1	40	1.16e-14	58.1
sp|P96652|LRPA_BACSU	CDD:404317	33.333	45	30	0	4	48	1	45	8.54e-12	50.9
sp|P96653|LRPB_BACSU	CDD:433180	39.024	41	25	0	4	44	1	41	1.16e-14	58.5
sp|P96653|LRPB_BACSU	CDD:404317	36.364	44	28	0	6	49	2	45	2.70e-11	50.1
sp|P96659|YDEB_BACSU	CDD:426832	27.358	106	57	5	2	107	1	86	7.54e-20	73.3
sp|P96660|YDEC_BACSU	CDD:432818	29.630	81	56	1	210	289	1	81	2.99e-17	69.5
sp|P96660|YDEC_BACSU	CDD:425497	29.268	41	26	2	248	286	1	40	3.29e-06	37.9
sp|P96662|YDEE_BACSU	CDD:432818	35.897	78	49	1	28	104	2	79	8.70e-20	76.5
sp|P96663|YDEF_BACSU	CDD:153418	42.424	66	38	0	23	88	1	66	1.78e-20	79.4
sp|P96663|YDEF_BACSU	CDD:306822	41.270	63	37	0	25	87	2	64	1.34e-14	62.6
sp|P96669|YDEL_BACSU	CDD:153418	40.625	64	38	0	14	77	1	64	1.29e-20	79.8
sp|P96669|YDEL_BACSU	CDD:306822	41.270	63	37	0	15	77	1	63	1.69e-14	62.2
sp|P96673|YDEP_BACSU	CDD:396282	62.222	90	34	0	26	115	1	90	6.18e-52	153
sp|P96676|YDES_BACSU	CDD:425684	45.455	44	24	0	17	60	1	44	1.00e-13	57.4
sp|P96677|ASER_BACSU	CDD:238042	39.744	78	47	0	12	89	1	78	9.26e-24	81.6
sp|P96677|ASER_BACSU	CDD:425993	46.667	45	24	0	17	61	1	45	8.41e-20	70.6
sp|P96677|ASER_BACSU	CDD:432824	34.483	58	37	1	12	68	4	61	3.80e-07	38.7
sp|P96677|ASER_BACSU	CDD:432797	24.324	37	23	1	36	67	24	60	8.87e-05	32.6
sp|P96681|YDFD_BACSU	CDD:153418	46.154	65	35	0	13	77	1	65	1.80e-22	85.2
sp|P96681|YDFD_BACSU	CDD:306822	43.750	64	36	0	14	77	1	64	2.98e-13	58.8
sp|P96683|YDFF_BACSU	CDD:238042	38.462	78	46	2	10	86	2	78	3.75e-17	68.1
sp|P96683|YDFF_BACSU	CDD:432824	39.344	61	37	0	6	66	1	61	4.02e-15	62.2
sp|P96683|YDFF_BACSU	CDD:425993	41.304	46	26	1	14	59	1	45	1.08e-05	35.9
sp|P96686|YDFI_BACSU	CDD:99777	49.091	55	28	0	149	203	1	55	4.05e-17	67.2
sp|P96686|YDFI_BACSU	CDD:425517	43.636	55	31	0	149	203	3	57	1.87e-15	62.6
sp|P96690|YDFL_BACSU	CDD:133382	48.148	108	56	0	5	112	1	108	8.40e-43	136
sp|P96690|YDFL_BACSU	CDD:133409	40.816	98	57	1	5	102	1	97	2.48e-31	106
sp|P96690|YDFL_BACSU	CDD:133381	37.736	106	58	3	5	107	1	101	2.71e-24	88.7
sp|P96690|YDFL_BACSU	CDD:133396	38.614	101	54	3	5	102	1	96	1.20e-22	83.9
sp|P96690|YDFL_BACSU	CDD:133378	42.157	102	53	4	5	102	1	100	4.00e-21	80.0
sp|P96690|YDFL_BACSU	CDD:133384	27.193	114	77	3	5	113	1	113	4.08e-20	77.9
sp|P96690|YDFL_BACSU	CDD:133397	28.696	115	74	2	7	115	3	115	1.29e-15	65.9
sp|P96690|YDFL_BACSU	CDD:133389	47.059	51	25	1	5	55	1	49	9.55e-15	61.5
sp|P96690|YDFL_BACSU	CDD:433186	37.705	61	36	1	5	65	1	59	1.07e-14	61.8
sp|P96690|YDFL_BACSU	CDD:133417	30.189	106	66	3	5	107	2	102	1.92e-13	61.3
sp|P96690|YDFL_BACSU	CDD:133398	28.182	110	73	4	7	111	3	111	2.06e-13	59.9
sp|P96690|YDFL_BACSU	CDD:133408	23.684	114	71	5	6	117	2	101	3.34e-13	59.2
sp|P96690|YDFL_BACSU	CDD:133411	25.962	104	71	3	7	105	3	105	4.96e-13	59.1
sp|P96690|YDFL_BACSU	CDD:133383	28.696	115	66	4	7	111	3	111	5.35e-13	59.1
sp|P96690|YDFL_BACSU	CDD:133415	31.000	100	58	4	7	103	3	94	1.06e-12	57.4
sp|P96690|YDFL_BACSU	CDD:425647	51.282	39	18	1	6	44	1	38	1.19e-12	55.5
sp|P96690|YDFL_BACSU	CDD:133412	28.972	107	62	4	5	107	1	97	3.34e-12	56.8
sp|P96690|YDFL_BACSU	CDD:133388	28.571	112	70	2	7	110	3	112	4.11e-12	56.1
sp|P96690|YDFL_BACSU	CDD:133402	35.484	93	57	3	5	96	2	92	1.56e-11	54.5
sp|P96690|YDFL_BACSU	CDD:133400	24.272	103	67	3	6	108	2	93	2.75e-11	53.9
sp|P96690|YDFL_BACSU	CDD:133403	30.702	114	61	4	5	103	1	111	2.85e-11	54.1
sp|P96690|YDFL_BACSU	CDD:133410	29.245	106	63	3	5	103	1	101	9.47e-10	49.9
sp|P96690|YDFL_BACSU	CDD:133380	40.678	59	34	1	4	62	1	58	9.49e-10	48.8
sp|P96690|YDFL_BACSU	CDD:133406	22.137	131	87	3	5	131	1	120	8.46e-09	47.5
sp|P96690|YDFL_BACSU	CDD:133379	30.769	65	42	2	5	68	1	63	5.93e-08	43.4
sp|P96690|YDFL_BACSU	CDD:133401	25.472	106	68	4	5	109	1	96	1.43e-07	42.9
sp|P96690|YDFL_BACSU	CDD:133404	26.415	106	71	3	7	109	3	104	1.48e-07	43.2
sp|P96690|YDFL_BACSU	CDD:133393	38.182	55	31	2	5	58	1	53	1.55e-07	43.0
sp|P96690|YDFL_BACSU	CDD:133394	34.545	55	34	1	4	58	1	53	4.19e-07	41.5
sp|P96690|YDFL_BACSU	CDD:133414	25.962	104	71	4	9	107	5	107	5.07e-07	42.3
sp|P96690|YDFL_BACSU	CDD:133385	35.000	60	37	1	6	65	3	60	9.38e-07	41.8
sp|P96690|YDFL_BACSU	CDD:133416	29.032	93	63	2	5	96	2	92	1.88e-06	40.2
sp|P96690|YDFL_BACSU	CDD:133395	34.722	72	40	3	5	72	2	70	4.96e-06	39.4
sp|P96690|YDFL_BACSU	CDD:133392	38.462	65	36	3	5	68	1	62	1.02e-05	36.9
sp|P96701|YDGC_BACSU	CDD:425684	40.426	47	28	0	12	58	1	47	1.73e-14	59.3
sp|P96705|YDGG_BACSU	CDD:426012	34.426	61	38	1	36	96	1	59	1.94e-09	45.6
sp|P96705|YDGG_BACSU	CDD:432797	28.333	60	41	1	36	95	3	60	1.23e-08	43.3
sp|P96705|YDGG_BACSU	CDD:238042	30.667	75	44	3	44	116	10	78	1.11e-05	36.1
sp|P96705|YDGG_BACSU	CDD:433228	30.000	70	46	2	36	104	1	68	1.29e-05	35.7
sp|P96708|YDGJ_BACSU	CDD:426012	33.898	59	39	0	52	110	1	59	1.27e-16	64.5
sp|P96708|YDGJ_BACSU	CDD:404487	30.120	83	49	2	56	133	2	80	7.96e-12	52.6
sp|P96708|YDGJ_BACSU	CDD:432797	28.333	60	43	0	50	109	1	60	1.33e-10	49.1
sp|P96708|YDGJ_BACSU	CDD:238042	34.328	67	40	2	53	119	6	68	2.49e-09	46.1
sp|P96708|YDGJ_BACSU	CDD:433228	32.258	62	41	1	58	118	7	68	3.62e-08	42.7
sp|P96708|YDGJ_BACSU	CDD:404317	31.111	45	31	0	54	98	1	45	4.85e-07	39.0
sp|P96708|YDGJ_BACSU	CDD:432824	29.787	47	33	0	56	102	12	58	2.47e-06	37.5
sp|P96711|ARAR_BACSU	CDD:153418	39.394	66	40	0	3	68	1	66	5.78e-28	99.1
sp|P96711|ARAR_BACSU	CDD:306822	43.750	64	36	0	4	67	1	64	6.22e-23	85.4
sp|P96711|ARAR_BACSU	CDD:285436	31.148	61	36	2	10	70	3	57	5.49e-06	38.0
sp|P96711|ARAR_BACSU	CDD:429896	40.000	35	20	1	31	64	17	51	9.56e-05	34.3
sp|P96725|YWQM_BACSU	CDD:425479	50.000	60	30	0	3	62	1	60	1.07e-21	80.9
sp|P97247|YSMB_BACSU	CDD:426012	44.068	59	33	0	36	94	1	59	1.37e-18	69.1
sp|P97247|YSMB_BACSU	CDD:432797	36.842	57	36	0	36	92	3	59	3.53e-10	47.6
sp|Q02170|YSXA_BACSU	CDD:425789	50.000	26	13	0	67	92	5	30	1.28e-06	38.2
sp|Q02170|YSXA_BACSU	CDD:432812	44.118	34	19	0	57	90	19	52	5.60e-05	34.4
sp|Q04385|YGXA_BACSU	CDD:436590	51.562	64	30	1	224	286	1	64	1.82e-25	91.0
sp|Q04778|ALSR_BACSU	CDD:425479	58.333	60	25	0	3	62	1	60	2.77e-28	98.2
sp|Q07683|ANSR_BACSU	CDD:238045	43.860	57	32	0	4	60	2	58	6.16e-14	56.0
sp|Q07683|ANSR_BACSU	CDD:396104	41.509	53	31	0	8	60	3	55	7.37e-13	53.3
sp|Q07683|ANSR_BACSU	CDD:433309	31.034	58	39	1	4	60	4	61	1.50e-08	42.5
sp|Q07683|ANSR_BACSU	CDD:403907	27.869	61	44	0	4	64	2	62	4.92e-08	41.1
sp|Q08792|YCXD_BACSU	CDD:153418	35.938	64	41	0	3	66	2	65	1.82e-20	79.4
sp|Q08792|YCXD_BACSU	CDD:306822	36.842	57	36	0	10	66	8	64	3.85e-11	53.0
sp|Q08792|YCXD_BACSU	CDD:433438	30.952	42	29	0	15	56	14	55	1.09e-05	37.1
sp|Q08792|YCXD_BACSU	CDD:429896	31.579	38	25	1	28	64	15	52	5.00e-05	35.1
sp|Q45057|YNEB_BACSU	CDD:239737	26.812	138	84	7	5	139	3	126	1.19e-12	57.1
sp|Q45581|YBBH_BACSU	CDD:334531	48.052	77	40	0	3	79	1	77	9.98e-31	104
sp|Q45585|SIGW_BACSU	CDD:427998	42.029	69	38	1	23	89	1	69	5.11e-22	79.6
sp|Q45585|SIGW_BACSU	CDD:100119	42.308	52	30	0	130	181	4	55	1.63e-17	67.5
sp|Q45585|SIGW_BACSU	CDD:400535	41.176	51	30	0	130	180	4	54	3.17e-15	61.3
sp|Q45585|SIGW_BACSU	CDD:427999	42.553	47	27	0	136	182	4	50	8.67e-13	54.7
sp|Q45585|SIGW_BACSU	CDD:254323	23.529	187	125	7	9	186	8	185	5.00e-10	50.5
sp|Q45591|YYDK_BACSU	CDD:153418	33.846	65	43	0	3	67	2	66	2.40e-19	73.6
sp|Q45591|YYDK_BACSU	CDD:306822	35.938	64	41	0	3	66	1	64	1.18e-14	61.1
sp|Q45600|YYDB_BACSU	CDD:277319	23.404	94	58	4	4	89	1	88	2.39e-08	48.0
sp|Q45666|TNRA_BACSU	CDD:133380	40.659	91	49	2	13	102	1	87	5.33e-27	90.0
sp|Q45666|TNRA_BACSU	CDD:133378	44.286	70	39	0	15	84	2	71	6.01e-17	65.0
sp|Q45666|TNRA_BACSU	CDD:133389	47.917	48	25	0	15	62	2	49	5.56e-15	58.4
sp|Q45666|TNRA_BACSU	CDD:133388	43.333	60	34	0	16	75	3	62	1.54e-14	59.2
sp|Q45666|TNRA_BACSU	CDD:433186	40.984	61	36	0	15	75	2	62	2.72e-14	57.2
sp|Q45666|TNRA_BACSU	CDD:133383	47.541	61	31	1	16	75	3	63	3.93e-13	55.6
sp|Q45666|TNRA_BACSU	CDD:133379	41.935	62	35	1	15	75	2	63	8.07e-13	53.4
sp|Q45666|TNRA_BACSU	CDD:133401	28.571	84	59	1	16	98	3	86	2.03e-12	53.3
sp|Q45666|TNRA_BACSU	CDD:133394	35.135	74	47	1	13	85	1	74	1.41e-11	50.7
sp|Q45666|TNRA_BACSU	CDD:133412	42.857	63	35	1	14	75	1	63	1.09e-10	49.5
sp|Q45666|TNRA_BACSU	CDD:133384	29.885	87	59	2	15	100	2	87	1.97e-10	48.2
sp|Q45666|TNRA_BACSU	CDD:133411	39.344	61	36	1	16	75	3	63	2.11e-10	48.7
sp|Q45666|TNRA_BACSU	CDD:425647	44.737	38	20	1	15	51	1	38	2.14e-10	46.3
sp|Q45666|TNRA_BACSU	CDD:133398	42.623	61	34	1	16	75	3	63	2.89e-10	48.3
sp|Q45666|TNRA_BACSU	CDD:133381	33.333	90	52	2	15	103	2	84	7.04e-10	46.7
sp|Q45666|TNRA_BACSU	CDD:133415	40.984	61	35	1	16	75	3	63	1.20e-09	45.8
sp|Q45666|TNRA_BACSU	CDD:133396	29.885	87	53	2	15	100	2	81	3.98e-09	44.7
sp|Q45666|TNRA_BACSU	CDD:133391	35.938	64	40	1	15	77	2	65	8.71e-09	43.3
sp|Q45666|TNRA_BACSU	CDD:133397	30.588	85	57	2	16	99	3	86	1.04e-08	43.9
sp|Q45666|TNRA_BACSU	CDD:133385	29.032	62	44	0	14	75	2	63	2.22e-08	43.3
sp|Q45666|TNRA_BACSU	CDD:133387	32.787	61	40	1	16	75	4	64	2.47e-08	42.6
sp|Q45666|TNRA_BACSU	CDD:133382	29.670	91	56	2	14	102	1	85	2.84e-08	42.5
sp|Q45666|TNRA_BACSU	CDD:133408	31.183	93	51	5	14	102	1	84	3.53e-08	42.7
sp|Q45666|TNRA_BACSU	CDD:133410	39.130	46	27	1	15	59	2	47	3.72e-08	42.6
sp|Q45666|TNRA_BACSU	CDD:133395	40.000	45	26	1	15	59	3	46	7.68e-08	41.7
sp|Q45666|TNRA_BACSU	CDD:133392	33.333	66	44	0	15	80	2	67	3.18e-07	38.9
sp|Q45666|TNRA_BACSU	CDD:133402	37.097	62	39	0	15	76	3	64	9.34e-06	36.0
sp|Q45666|TNRA_BACSU	CDD:133417	27.778	90	57	2	15	103	3	85	1.20e-05	36.6
sp|Q45666|TNRA_BACSU	CDD:133406	29.870	77	54	0	16	92	3	79	1.91e-05	35.6
sp|Q45666|TNRA_BACSU	CDD:133403	38.298	47	25	2	19	62	3	48	3.48e-05	34.4
sp|Q45666|TNRA_BACSU	CDD:133393	38.636	44	26	1	15	57	2	45	9.95e-05	33.0
sp|Q796Q6|YISV_BACSU	CDD:153418	44.615	65	36	0	15	79	1	65	1.07e-22	85.6
sp|Q796Q6|YISV_BACSU	CDD:306822	42.188	64	37	0	16	79	1	64	1.07e-16	68.8
sp|Q796S4|YHJH_BACSU	CDD:426012	32.203	59	40	0	49	107	1	59	6.47e-18	68.3
sp|Q796S4|YHJH_BACSU	CDD:432797	25.000	60	45	0	47	106	1	60	4.46e-08	42.6
sp|Q796S4|YHJH_BACSU	CDD:433228	27.941	68	48	1	49	115	1	68	5.46e-08	42.3
sp|Q7BVT7|YERC_BACSU	CDD:426227	51.163	86	41	1	9	93	1	86	2.38e-40	123
sp|Q7WY76|YEZE_BACSU	CDD:425684	29.787	47	33	0	12	58	1	47	1.16e-08	43.9
sp|Q9JMQ1|EXUR_BACSU	CDD:143331	50.980	51	25	0	5	55	1	51	2.24e-24	88.2
sp|Q9JMQ1|EXUR_BACSU	CDD:306791	52.174	46	22	0	3	48	1	46	1.42e-18	72.7
