0	0.0000
1	5.0597
2	7.1858
3	9.5007
4	11.6657
5	13.6890
6	15.5669
7	17.3194
8	18.9623
9	20.5109
10	21.9817
11	23.3788
12	24.6876
13	25.9395
14	27.1323
15	28.2733
16	29.3699
17	30.4066
18	31.4044
19	32.3659
20	33.2887
21	34.1813
22	35.0444
23	35.8853
24	36.7050
25	37.5051
26	38.2839
27	39.0443
28	39.7911
29	40.5158
30	41.2335
31	41.9304
32	42.6205
33	43.2923
34	43.9515
35	44.6001
36	45.2360
37	45.8568
38	46.4699
39	47.0706
40	47.6654
41	48.2501
42	48.8287
43	49.3982
44	49.9623
45	50.5223
46	51.0813
47	51.6347
48	52.1815
49	52.7255
50	53.2634
51	53.7956
52	54.3173
53	54.8382
54	55.3527
55	55.8636
56	56.3637
57	56.8615
58	57.3578
59	57.8465
60	58.3331
61	58.8204
62	59.3015
63	59.7801
64	60.2492
65	60.7147
66	61.1733
67	61.6236
68	62.0674
69	62.5027
70	62.9355
71	63.3570
72	63.7771
73	64.1934
74	64.6055
75	65.0141
76	65.4131
77	65.8042
78	66.1894
79	66.5782
80	66.9524
81	67.3286
82	67.7038
83	68.0789
84	68.4456
85	68.8081
86	69.1662
87	69.5283
88	69.8896
89	70.2474
90	70.6107
91	70.9676
92	71.3300
93	71.6842
94	72.0385
95	72.3962
96	72.7506
97	73.1081
98	73.4636
99	73.8221
100	74.1923
101	74.5699
102	74.9472
103	75.3338
104	75.7263
105	76.1208
106	76.5163
107	76.9224
108	77.3288
109	77.7373
110	78.1469
111	78.5597
112	78.9734
113	79.3859
114	79.7963
115	80.2010
116	80.6069
117	81.0138
118	81.4231
119	81.8348
120	82.2452
121	82.6574
122	83.0680
123	83.4802
124	83.8868
125	84.2907
126	84.6914
127	85.0847
128	85.4764
129	85.8629
130	86.2422
131	86.6211
132	86.9915
133	87.3497
134	87.7050
135	88.0459
136	88.3976
137	88.7418
138	89.0871
139	89.4209
140	89.7496
141	90.0841
142	90.4185
143	90.7463
144	91.0843
145	91.4147
146	91.7587
147	92.0959
148	92.4388
149	92.7994
150	93.1652
151	93.5395
152	93.9244
153	94.3018
154	94.6782
155	95.0638
156	95.4494
157	95.8303
158	96.2160
159	96.5896
160	96.9623
161	97.3326
162	97.6980
163	98.0581
164	98.4170
165	98.7855
166	99.1378
167	99.4894
168	99.8504
169	100.2079
170	100.5598
171	100.9157
172	101.2630
173	101.6064
174	101.9539
175	102.3003
176	102.6423
177	102.9768
178	103.3083
179	103.6300
180	103.9485
181	104.2609
182	104.5699
183	104.8876
184	105.1996
185	105.5115
186	105.8350
187	106.1543
188	106.4750
189	106.8113
190	107.1575
191	107.5112
192	107.8847
193	108.2670
194	108.6590
195	109.0577
196	109.4599
197	109.8692
198	110.2772
199	110.6788
200	111.0755
201	111.4554
202	111.8404
203	112.2178
204	112.5876
205	112.9472
206	113.2972
207	113.6342
208	113.9603
209	114.2874
210	114.6292
211	114.9538
212	115.2658
213	115.5616
214	115.8361
215	116.0759
216	116.2918
217	116.4918
218	116.7203
219	116.9468
220	117.1480
221	117.3389
222	117.5372
223	117.7238
224	117.9019
225	118.0810
226	118.2354
227	118.3685
228	118.4877
229	118.5928
230	118.6742
231	118.7232
232	118.7224
233	118.7986
234	118.9162
235	119.0960
236	119.3356
237	119.5924
238	119.9342
239	120.2728
240	120.6331
241	121.0887
242	121.3258
