42.1451
45.2879
45.7286
44.8705
43.1236
44.2247
43.7463
46.3253
42.6683
41.2235
40.2609
43.3163
39.2236
41.6943
40.7034
40.7871
41.8556
41.7879
40.2909
46.8133
43.6883
43.1696
42.4495
43.0311
45.0537
40.4354
40.3027
41.3408
41.7836
42.8185
45.8167
45.3455
45.4633
53.7900
42.5992
46.8440
38.1166
39.4303
42.4364
40.9659
40.1547
41.0203
42.7652
40.1908
45.1810
43.5098
42.6988
51.9969
49.4030
43.7987
44.4367
53.4848
56.5237
56.3442
47.7658
47.1363
46.3855
42.3537
42.5301
37.0479
39.2676
39.0503
40.0823
45.2878
38.7919
40.0245
42.3380
38.1854
37.5426
43.0445
40.8384
40.9555
42.4338
47.8160
43.7205
43.1526
37.8008
40.1436
42.9672
43.5831
44.4016
53.3026
52.3338
47.9885
59.9742
60.9535
43.3247
48.8131
40.1857
37.3862
37.8308
36.3253
37.9492
35.2832
35.9706
38.1496
42.8835
37.9339
41.8433
38.9935
39.1535
38.3916
38.5148
39.0142
36.7336
37.7529
37.3766
39.6947
38.3239
39.6342
39.4267
37.9731
36.6485
35.4108
39.4902
40.3676
38.8849
37.0250
36.2717
38.0797
36.1776
36.8990
36.2670
38.6022
36.8918
35.8021
38.6437
38.2286
37.7115
36.5924
39.5260
44.5455
41.9678
39.4309
39.0762
38.0279
41.4771
39.9240
44.2533
41.1069
39.9969
40.3391
38.1428
38.4971
38.7998
40.6743
38.2148
44.1475
43.0291
45.0423
41.9353
39.4878
37.0410
38.6037
35.7928
38.9287
37.6298
40.4857
42.9654
42.9673
41.0813
42.2922
41.5053
38.5608
37.8387
39.1684
40.6176
39.4647
39.9008
38.0677
37.0423
39.0394
38.8642
40.0184
37.6667
40.4740
39.5105
40.3303
39.9697
39.1604
38.6109
43.5663
41.4902
39.3022
38.8680
38.2334
39.1281
39.9959
39.3998
39.0351
42.1298
40.3615
41.0217
40.8799
41.1768
40.1588
39.1239
41.0528
41.5902
40.6600
41.1317
39.1985
39.9137
39.3500
39.6359
40.2557
41.8189
38.5231
39.4962
38.6533
38.7226
39.8337
37.9677
37.9071
39.1452
37.3755
36.6781
38.4001
39.3090
39.9075
40.2525
39.8586
40.1569
40.7953
39.8392
40.8686
40.2000
40.6703
40.8188
42.3732
42.4219
43.4795
42.4674
44.7197
45.8707
44.5659
45.4095
46.3410
44.0444
49.4438
45.7056
43.1418
44.2233
46.0497
43.3854
45.1091
46.2272
48.2963
47.6195
45.9805
47.1727
42.7057
45.6092
46.0197
44.2702
45.3310
39.9839
41.9812
41.3279
39.9988
42.4080
38.8476
40.4319
40.0478
42.2189
43.6566
45.2607
45.7901
41.7275
37.1336
40.0373
35.2784
37.1795
39.2176
40.5463
41.5041
45.4942
45.9042
45.3086
43.0941
43.7360
38.6504
36.5090
38.3584
39.2948
39.2906
38.1922
39.0456
39.9808
40.2279
39.5702
39.4281
41.1982
39.4374
40.9605
41.9975
43.9217
41.4501
39.6131
37.5348
39.0341
38.7886
37.2214
38.5274
38.2928
37.8309
40.1095
40.1929
39.8359
41.5410
38.8486
36.0299
35.5852
34.3356
35.5531
36.2368
34.6768
33.6554
38.8394
37.2725
38.8331
39.0165
40.1681
39.6571
38.7795
39.9537
40.0102
38.6457
40.4223
40.4825
39.7858
39.2599
37.9206
38.6824
38.5008
37.7508
36.5906
40.3666
36.1120
38.0050
37.0816
36.8962
38.0314
40.2458
41.6261
39.2773
40.0215
39.3884
37.4570
35.2856
38.1807
38.6676
36.6546
38.3835
40.1283
42.1568
43.0169
38.4115
36.7505
35.6482
35.3241
37.3096
38.3996
41.6488
41.9532
39.7344
37.8709
37.1790
39.2343
40.1982
38.8433
38.4530
40.4301
40.2057
38.9456
43.1352
47.2409
45.6273
44.8847
49.4639
52.0967
52.6816
47.1636
48.4844
49.0365
47.4798
43.5384
43.8062
41.5514
46.7975
36.2694
40.1250
41.4325
40.3693
38.7615
52.3821
49.9087
44.1905
46.2986
41.1727
47.8378
39.6587
39.4596
37.5207
39.8432
39.1841
38.8450
38.1789
37.4840
35.0780
36.9896
35.0788
35.0693
34.3624
35.1243
34.6583
33.2398
34.4504
39.8992
42.9265
39.8346
42.6868
38.3918
38.2938
38.1770
41.3279
40.9286
41.4824
40.5845
34.7526
37.0684
38.9590
37.4572
38.9864
31.5462
33.4504
40.3425
45.1956
40.8753
39.5134
51.0778
45.0979
43.0398
43.9165
38.8144
40.2372
35.6835
33.9827
36.5390
43.0962
43.3852
40.6287
38.4867
43.4015
42.6429
51.5677
51.8654
58.9482
51.9364
51.6736
43.4012
44.5010
38.1088
39.7946
38.4083
39.2558
43.4558
37.7481
40.1431
36.4505
40.1330
38.8444
35.3887
36.3405
36.4427
35.3655
36.8979
36.5502
35.0478
34.0471
34.2297
32.6402
36.1685
35.8614
36.0142
36.9649
38.6472
35.9188
38.8850
39.7775
39.4241
38.0450
38.4578
34.9344
37.5681
36.6003
36.4422
42.3298
38.1686
39.3637
39.7350
36.9073
40.2011
37.4633
35.5979
38.0971
38.4222
38.4261
35.5832
37.2680
43.3430
38.9936
38.7845
40.5759
36.1281
36.1950
37.1546
37.8703
37.5934
39.3857
37.6656
39.7186
37.3461
35.7195
36.3079
34.5772
34.7473
33.8334
34.1562
36.2290
38.3028
35.1316
34.2225
33.7283
33.4599
35.9405
34.9485
40.8872
39.8729
50.2641
40.5462
46.9045
49.7520
41.1231
40.3507
39.6364
46.9302
37.1354
39.6981
48.3279
52.7902
44.4920
37.8056
41.4423
41.4737
42.6515
50.3977
51.9908
51.8078
49.8395
49.5871
48.2057
48.1357
54.7818
46.8498
45.0587
43.5376
43.7750
45.5958
52.1312
46.0986
47.0490
43.3845
45.3056
47.0185
49.7997
46.0962
44.6971
47.9154
59.6076
69.1125
68.3384
63.7209
62.7973
43.2553
55.5455
51.0414
51.8036
49.7487
47.9044
54.7834
54.6488
52.4449
48.6875
54.8193
47.4263
44.9837
48.4202
42.7809
47.7116
46.3659
46.4484
49.5891
43.9840
48.1818
55.1294
49.0662
54.3920
60.1197
63.6967
66.9541
70.6427
53.1911
62.6615
46.0640
62.6609
42.5233
49.3313
43.2786
53.2471
51.8059
52.2188
44.0975
42.4703
40.0686
45.9730
40.1836
45.8823
48.1841
45.5278
47.2519
48.4949
54.1695
58.5054
48.6316
54.9755
53.1148
46.2825
48.6453
51.8925
42.7643
48.3871
42.6507
42.6830
49.6407
49.7829
50.3905
46.8309
54.7416
52.1556
47.8599
49.5442
46.8136
53.3381
54.9705
54.1527
61.4965
56.4744
53.8471
51.3086
55.9265
56.2901
53.2340
47.9889
52.0626
46.8669
41.7253
47.7325
46.5097
45.7497
47.1343
45.6137
47.3258
43.3038
44.6890
43.5243
36.5587
41.7235
43.0333
50.0877
47.6861
52.0744
50.5739
50.3702
48.1146
41.9079
41.7122
40.2232
33.6920
39.0011
40.7704
39.4984
39.0629
41.2733
43.7259
44.9524
38.4691
39.7467
42.1490
40.5425
41.5542
42.7908
38.6097
40.1013
39.8255
34.9131
41.7347
43.2820
38.9205
42.9002
40.5349
42.3784
48.6152
52.0833
43.8446
46.9167
48.9759
47.4627
46.9128
49.9565
52.0947
50.5564
52.5679
50.2089
47.0374
46.8395
46.2284
48.1775
47.5980
45.1229
43.8691
40.9146
37.3696
38.4396
41.9509
44.1584
42.8597
42.1644
43.2009
43.3073
53.3667
52.8483
38.2805
47.5601
53.1336
46.6689
48.9768
40.8057
42.4581
43.7308
42.1449
46.5884
54.6784
57.5653
60.5001
60.1711
62.9293
63.4414
64.9910
55.2256
53.9480
45.5937
54.0536
59.9233
53.0252
60.8690
58.3106
54.4137
56.0723
52.1544
59.4930
57.2901
44.6281
52.8522
48.5491
55.3059
39.9011
44.6414
48.5496
53.1930
62.4996
51.3630
57.1795
52.2471
58.6177
53.0811
50.9609
55.9021
51.2770
46.6395
44.9327
43.1920
42.4692
43.6384
45.1449
52.1244
48.1051
42.2390
41.3539
38.8768
39.6245
39.8889
40.5730
39.9143
41.8911
41.1646
39.7701
42.1593
38.6727
38.6667
40.6798
39.5101
40.1378
38.6404
40.5661
41.6832
42.6262
41.9661
48.3708
45.0644
43.1475
42.3669
41.9553
42.3495
45.5090
47.3688
46.2865
46.0099
47.5649
45.8860
46.1924
43.1531
42.8572
40.6377
45.2227
43.0807
45.7018
42.8116
41.4202
40.6101
46.0295
42.6501
44.6886
43.3237
45.6946
45.9266
46.5218
47.8295
45.1316
47.0350
49.5620
46.9457
51.6301
52.3289
48.4408
49.0840
49.2610
47.4417
48.2010
48.9301
45.8090
43.0480
51.1896
43.6282
58.9678
48.3291
55.5685
50.2062
62.4384
66.4626
67.4578
74.9898
62.6978
53.3006
57.8740
55.5925
48.8169
54.7349
68.0651
53.5470
58.0241
64.9052
60.5947
53.3721
57.6806
64.6905
49.8280
44.8788
43.0749
47.6026
49.4338
47.4534
44.8059
47.7642
47.6261
47.0526
41.8332
42.2591
41.5194
42.4349
42.2070
45.4365
39.3458
37.4386
37.1635
36.4010
44.2679
50.8695
43.6590
42.7581
41.3559
38.4619
40.8071
40.9624
35.6250
46.9888
45.5450
49.0744
45.2169
43.6320
46.8978
39.7154
35.6893
46.9624
48.0614
55.0248
52.6272
47.2297
50.8738
46.4472
46.5109
48.0142
50.1704
53.6958
57.5864
52.5433
46.3176
52.6123
58.2673
51.8032
62.0840
47.3017
51.5968
52.3722
60.8738
60.8043
55.5759
56.5388
53.4577
49.8905
46.9258
40.1379
53.7199
51.5160
55.9484
46.3408
50.7833
52.8698
52.2646
49.7115
48.9532
48.3534
51.0991
47.2460
49.3506
49.3702
50.4279
47.8301
49.5503
51.5854
53.3134
51.7494
44.7400
45.6114
48.9210
52.0459
48.7729
48.3079
46.6591
46.3187
45.9988
51.4152
49.0936
51.0251
48.3329
47.5541
47.3555
53.3826
51.6214
45.9426
48.7645
44.5317
46.2251
46.1514
48.8530
53.5757
51.0536
41.8810
46.4190
47.2820
43.0380
43.9938
50.1812
51.7261
42.8749
47.1108
46.8060
48.7405
41.9260
49.2973
42.5272
43.2007
43.7596
43.2975
49.3881
45.6272
48.0856
43.4759
47.9535
49.4019
54.1472
50.6582
48.3380
48.8038
53.8578
43.5018
43.5172
42.3611
44.4474
51.6823
46.6810
45.4864
53.5623
51.0890
45.0973
48.3671
48.6817
49.0765
40.6809
43.4776
40.3003
35.7234
38.8413
37.4938
39.1590
36.5034
37.8613
41.5879
40.6891
46.1565
42.7004
42.4218
38.4901
40.0440
36.2971
36.9582
39.8350
47.9293
48.8661
47.9155
42.6029
39.0861
42.4370
44.1365
44.2950
42.6776
39.2349
37.4038
34.9678
35.9535
40.2859
41.6285
40.2016
36.0052
41.0578
48.5321
46.7513
45.2149
44.0154
41.7253
40.9934
42.0713
42.4903
52.1825
47.2031
42.5471
45.7511
37.4430
36.3805
41.6792
38.4291
44.3283
45.2789
49.0001
47.0795
49.9315
40.6818
56.1936
66.6227
56.6600
51.7391
43.2707
45.0340
38.1001
36.9391
40.5644
39.8117
39.4144
38.8927
43.1941
42.9426
41.1065
52.6788
59.1636
47.6043
40.4737
39.9614
43.1488
52.3128
49.3986
61.0912
60.9106
49.8003
49.5156
55.1707
50.8255
49.1423
51.1069
57.9355
52.8266
45.5202
37.5716
43.5782
54.2595
59.7146
51.8365
52.2305
50.5042
47.8824
55.4016
51.7558
55.5135
52.6446
63.4000
53.3486
56.9243
63.5069
59.8564
55.8746
53.1274
55.6109
56.2245
49.7359
40.0346
44.5583
53.9499
45.6825
45.1268
51.3082
60.1309
52.9230
53.7869
53.2951
45.3099
55.7040
43.6769
44.9170
50.7691
61.4917
64.2700
66.9137
49.0706
45.4002
52.8661
50.9399
53.3861
57.5246
57.7782
63.8628
62.4927
59.3182
63.6132
60.3622
53.7782
56.8755
48.3649
53.3977
55.5172
45.8870
54.1607
71.8842
54.0210
47.0586
48.8436
40.8944
43.2664
39.8454
38.8699
44.6699
41.7295
43.4444
44.3059
41.5918
42.3272
39.3958
38.4372
37.4391
42.4700
41.3978
43.1024
43.1827
43.7236
38.6436
40.1778
39.2263
43.1673
45.0418
45.9329
39.8777
40.8207
48.7930
50.1673
55.6920
52.4468
49.6755
53.7011
52.8288
53.2337
53.3494
50.1028
49.2303
51.7381
51.4339
54.5375
49.8768
46.0122
41.2912
44.1866
51.8198
52.8217
40.2312
44.1491
47.8871
49.0556
54.9455
53.6379
50.3375
47.2016
45.9928
47.3726
47.7324
44.5872
44.2041
53.1870
48.7230
43.4524
46.9916
40.3056
42.2774
37.3293
47.5012
38.6481
50.5303
44.0371
37.8720
38.7127
44.4558
38.9346
43.7660
50.7398
43.0396
47.9470
45.9907
45.9272
41.3604
36.8549
38.5238
38.8291
41.2318
43.4722
40.9230
44.1343
44.5513
44.9797
44.6303
44.9430
44.9889
47.1477
41.5175
45.7878
50.5771
47.9563
54.8757
52.5997
55.3138
47.2667
38.7140
40.5925
40.7625
40.9484
42.3179
42.2311
37.6228
38.0682
43.3873
46.5490
45.0427
43.9010
43.6703
41.4114
43.9932
45.0701
42.7026
38.3046
37.9764
37.0043
38.5140
39.9220
42.3102
41.8214
39.8892
45.4411
43.0652
41.3872
40.9069
42.2123
40.6027
43.1523
45.4351
50.4343
44.4083
41.6448
42.9384
42.5559
46.1827
45.0475
44.8101
40.6734
50.0662
52.5093
45.1319
53.6865
60.1068
58.4490
56.5084
59.4404
41.4248
51.1062
52.5919
47.2610
43.2113
42.4119
44.6511
48.8773
51.1950
51.1710
52.5503
50.0769
45.4857
46.3904
46.9158
47.0833
49.1730
48.9766
49.8474
44.8783
41.2294
42.9396
42.0084
43.9066
43.9414
43.7035
37.1671
38.7847
40.4375
39.2962
37.9352
41.1978
49.5047
51.9045
55.5257
55.9758
50.5772
43.9266
43.7736
46.5420
47.0832
46.3219
45.2458
48.1522
47.6558
52.1304
44.8104
45.0795
53.3121
50.3040
51.0573
49.4367
52.1864
50.5259
50.9928
51.5635
46.3921
50.4766
45.6314
49.8453
49.1973
46.8758
50.4497
45.2864
53.9703
61.6160
46.9411
57.1775
59.1321
58.2236
58.7941
55.1005
51.6095
59.9695
54.6069
52.5202
54.9483
57.1136
46.8755
50.4329
44.4058
48.7465
55.1946
52.7756
54.5222
50.0464
46.2447
46.5607
43.6149
44.9801
48.5151
42.0518
47.2906
53.7718
49.2349
52.2932
48.3772
52.0029
53.2332
49.7528
62.4392
55.3376
51.0583
48.7107
60.5517
61.9959
55.9235
57.0154
53.0887
57.1670
49.0143
44.6940
42.8552
48.0711
41.3733
44.7052
40.1379
42.1861
46.4988
44.8093
41.1827
43.8695
47.2300
47.2174
50.1063
52.0521
50.8025
45.8457
54.9766
54.9737
52.4017
48.2378
49.2984
49.7808
50.9917
50.2663
56.5249
60.2940
53.5267
56.6637
46.4243
38.7610
40.8449
44.8415
43.6256
42.9016
41.3232
45.3731
50.2234
52.5298
66.3114
41.7462
51.3530
50.1750
50.1607
47.3987
40.3857
40.8129
42.5521
44.9167
53.9695
56.2831
60.4644
52.6512
44.4223
51.7883
45.1148
44.0364
41.4254
47.2564
48.9890
56.6724
39.6318
56.3655
52.8797
40.1916
60.3702
50.4367
54.2556
54.4327
47.7657
54.5631
53.6625
58.2143
51.4400
50.1864
44.8575
50.9648
45.8338
51.5085
43.7774
42.2625
54.1967
52.8187
49.1056
50.2143
44.4303
39.3885
38.3029
40.5123
42.3843
40.9427
41.9197
39.2446
36.8201
39.9266
38.1031
41.1198
44.5140
55.1724
58.7810
56.9896
47.9362
39.3000
37.3370
39.6064
47.0298
43.4327
46.3590
53.0509
54.4996
55.4103
44.1324
47.8793
59.8010
57.6428
43.4290
40.0309
41.2482
42.4877
39.1989
37.6119
40.8960
37.1688
38.2500
46.6255
38.9943
41.6753
44.1853
45.4027
42.2218
39.6564
44.1110
52.1603
44.6210
58.7251
67.3683
68.9895
63.9782
58.3552
59.9330
48.9166
48.5049
67.3748
60.6009
63.1725
52.4605
66.7337
65.0573
64.4934
53.8320
44.9466
56.4251
68.7095
63.5921
56.0454
42.6117
48.1637
48.8169
43.7867
37.9789
37.5103
46.9872
43.4647
42.0071
39.5285
37.3368
44.3178
62.0700
49.3587
60.0814
54.0229
53.6358
48.4988
55.8908
56.5499
71.9930
53.7484
54.9790
50.1438
57.4395
55.7378
64.4932
57.8178
58.0686
57.9988
58.5594
59.0104
43.8768
44.5120
43.6667
49.1460
44.1929
58.1185
39.1958
55.8472
63.8042
47.0418
39.1995
38.7869
41.9781
39.0242
37.9600
38.2647
42.6630
35.5258
44.8086
48.5852
49.7252
42.4517
54.3992
38.7178
38.5228
58.9804
64.6978
56.4421
58.4311
57.9286
61.0646
59.2203
52.6102
52.1872
52.6607
56.4541
56.3741
62.0921
59.7899
50.9649
57.3564
55.9015
56.2376
56.4466
65.3760
65.7241
59.7803
53.0393
42.5459
55.2182
63.9710
56.6538
56.2005
58.7635
61.7629
47.1206
48.3788
43.6546
48.8051
38.4162
43.0896
38.0708
38.0352
39.8864
37.0992
38.9963
40.6590
36.9812
61.3298
54.9622
39.5491
50.6161
41.1064
42.1537
43.1100
36.1676
38.0964
37.5863
36.6434
35.8829
35.4511
35.2790
37.4002
35.8428
38.3503
39.1514
39.9968
39.2623
38.1716
39.9468
40.7191
39.4788
38.6712
39.5299
44.8296
43.4351
37.1225
36.5014
37.5630
38.6156
43.3713
44.6732
41.2636
40.0746
42.7386
47.8173
42.9689
40.9131
37.4940
39.6178
43.7294
43.0731
41.9083
41.3858
44.4018
44.6019
34.0679
33.9592
34.5621
37.1858
38.5758
40.8327
37.6843
36.6019
40.3136
44.2241
42.0358
36.7462
40.5458
40.8874
38.1682
41.7291
43.1347
34.9039
39.1071
38.8665
39.3209
33.4344
38.2460
44.9125
43.2814
35.4593
37.4487
34.5919
37.4109
37.3570
37.7987
38.8303
39.5074
41.0532
44.5504
37.5726
41.0921
53.9813
49.7411
48.3825
41.0550
41.1906
48.1942
59.3305
36.6357
34.3500
44.6773
49.0718
45.0907
51.2701
56.4245
54.2296
54.7580
47.4075
50.9221
57.2452
56.2380
53.2623
42.8792
51.5335
59.6459
56.1512
45.7618
48.1526
52.0990
63.4856
54.4157
52.9279
46.4220
46.9546
48.3445
66.3084
54.3396
50.8534
51.6957
48.4616
50.4494
45.1548
50.6337
50.1655
47.4683
47.8058
56.1147
47.1149
48.2690
45.6071
35.5483
47.5060
42.3711
47.1605
43.7635
43.3619
40.1983
53.8376
55.8423
59.4515
49.6865
49.1688
45.3752
49.1168
43.7034
42.6573
37.5156
41.5263
42.2560
42.8084
41.0757
52.0931
44.5913
59.1183
49.0682
56.6151
51.0072
47.7246
44.0819
47.1036
42.9156
38.3088
41.1968
43.3343
37.4940
48.0584
40.8058
36.7091
37.1784
39.5877
40.7417
36.5425
34.7250
36.6339
35.1795
47.9391
50.3221
49.5698
47.8816
63.7115
62.5278
55.8526
48.0564
44.7642
49.5436
48.8438
53.3391
51.8538
55.2145
51.9224
47.3651
46.0565
48.6219
47.9920
47.1357
41.7631
37.4234
36.2658
35.4435
41.5626
45.3655
39.4883
47.5623
45.8093
42.2959
46.2220
45.8751
43.4032
40.0263
42.3061
40.7009
42.1186
44.4013
40.1319
44.7567
45.9679
46.6702
38.8754
41.5693
39.6878
45.4193
39.6634
43.1396
42.1302
43.3402
41.4699
42.7968
43.5174
40.5905
41.6523
37.9760
41.5683
47.7398
41.4368
46.6363
44.6744
49.2065
49.2368
44.8716
44.9899
43.7561
47.8967
44.8632
39.6511
40.6412
46.8205
46.3713
47.9004
45.7472
42.6856
50.3124
46.3164
51.2609
48.3612
47.5895
51.1104
44.7444
38.8129
34.3338
37.8362
38.3685
40.7489
46.2905
46.2421
53.1981
44.1817
46.0224
47.3961
35.5580
40.6558
41.8278
41.5021
53.4981
50.2348
48.6133
47.8722
64.0407
67.3436
64.3344
58.6290
67.5776
79.0733
68.8715
45.4317
52.4783
53.5206
59.4575
60.2697
64.1132
56.5134
53.4631
64.1823
56.7430
61.4698
64.1071
57.2590
51.5521
53.6670
58.0934
54.1202
61.8712
49.5180
63.5839
63.3423
61.7496
48.6815
54.1132
67.3525
70.9505
65.3745
69.5265
62.5443
60.3393
56.3222
69.0538
62.0189
60.0415
61.1866
55.2467
53.9050
55.7726
55.7543
55.4964
63.7572
58.3701
59.9671
57.7833
55.8153
50.0215
52.1117
58.4440
58.6053
67.2310
72.2951
84.3564
84.1991
73.1629
83.8031
74.9010
74.3412
42.9793
46.1868
44.3638
43.3640
43.1412
44.5526
40.8140
41.1420
37.8970
50.3386
48.9583
61.6459
56.0346
50.2226
54.5689
51.0809
58.3107
55.8781
57.0616
53.8645
52.0842
47.4670
52.5753
61.0142
52.7785
51.9939
53.2302
47.9488
48.9866
46.5250
45.9746
44.5182
41.3469
41.5027
42.6626
46.2973
41.3208
47.9467
47.3500
50.6335
46.7454
47.6389
57.4044
55.8093
65.4165
51.5832
47.0742
48.7733
56.7719
48.3695
48.7272
45.7509
49.1167
43.6769
46.3865
47.0778
41.0955
38.4489
47.5148
38.9788
45.8624
60.3243
68.2021
70.2668
48.5760
47.7751
47.0099
46.3898
50.4320
55.9230
49.7308
48.1843
48.4084
47.7483
44.4681
47.1610
44.8597
58.2934
53.3098
61.8016
54.9158
61.1122
58.8284
65.3397
64.0744
68.4203
71.4279
67.5180
71.2636
42.8616
46.3553
40.8437
41.1520
39.4622
41.5336
41.2281
36.6051
39.5616
41.1663
44.5115
36.5271
45.2522
46.4009
46.5590
58.4727
59.1495
56.1114
57.1613
60.8147
58.1872
60.7857
49.0105
41.6912
50.6851
56.8090
43.1939
50.4361
48.0022
50.2778
51.1533
51.1524
54.7020
48.4649
43.2413
40.8105
45.6936
47.8900
43.3443
52.6507
52.7726
51.0444
49.5623
47.6599
56.7933
50.4771
46.8818
43.6972
41.3695
43.2709
43.6704
44.5485
44.5953
45.4252
45.5209
36.4139
43.6310
40.9545
42.2563
43.8393
55.5126
44.9951
46.7799
45.1218
45.8454
45.9686
47.6348
52.9813
53.6571
51.1451
42.5379
43.8617
40.9227
41.7680
45.9866
51.2798
44.0556
37.1902
43.4544
43.1950
39.9638
48.4870
51.8145
38.3896
47.5241
39.6606
39.0783
43.7280
50.5988
49.3534
52.9767
61.3026
54.8270
55.8793
50.9675
52.1472
45.3909
50.7801
55.0412
50.0400
50.8203
46.1467
39.9099
41.6928
38.1021
44.1862
41.8565
42.2121
40.9846
35.4546
49.7549
44.8969
41.5609
42.7899
37.5744
39.9790
40.8646
41.1020
47.1154
53.8390
49.7925
46.4553
41.6457
43.8573
48.1603
44.8509
51.4807
46.0011
47.4854
46.2528
45.0770
45.3490
45.5283
44.1145
43.1258
44.0008
46.4459
47.6122
50.5097
54.6706
48.9422
48.0244
44.4691
40.3438
40.3140
47.2465
43.2139
34.4800
41.3676
36.8509
39.0538
48.4549
46.5203
46.6605
47.1269
45.3039
39.8138
43.8742
47.4505
43.0806
46.7395
41.6608
46.9773
48.7168
44.9061
45.9663
52.1581
42.4273
47.8409
45.8624
48.5107
50.5779
41.9037
49.2150
43.9360
43.6917
44.2831
50.5999
46.2364
43.7159
48.0145
47.9760
53.9835
52.6750
51.9699
46.9872
49.6123
48.7585
43.9206
47.6335
50.6490
60.2288
57.3793
57.9280
42.8983
54.4567
49.3515
46.6399
45.9923
48.8515
52.0418
46.5245
42.2020
49.8054
39.1957
45.8186
46.3641
55.0352
55.9287
50.1151
43.9757
56.7552
52.7611
52.8190
58.6112
51.4674
55.0490
52.4616
50.9203
55.7745
58.3699
60.7552
59.1263
44.4425
45.5018
44.8265
51.6200
41.5695
43.8488
51.1578
54.4121
50.8636
50.7963
45.2386
53.6328
61.2739
49.4969
47.4963
45.1725
36.8095
42.6996
46.7728
45.9118
48.5508
37.5916
36.5706
34.9589
40.8892
46.5742
50.9043
54.4774
58.4572
61.1268
49.0343
56.0548
52.2290
49.9863
62.7973
53.8013
54.1330
51.4567
52.1651
54.1790
63.7904
45.4574
47.2017
51.8922
49.0724
47.0616
43.0424
44.0717
40.9517
41.2911
42.1818
42.9953
40.6984
41.7591
45.1346
44.2817
44.1874
38.9969
48.3803
41.7077
44.9764
41.2012
43.7145
48.1402
41.9447
50.4718
58.1047
55.3484
59.7892
56.5939
40.9010
37.7951
40.1363
38.5766
45.3629
41.4277
52.8058
44.5598
44.6502
42.7696
41.7375
61.6710
54.0432
50.4202
50.9188
44.2731
52.8248
59.2342
56.4589
57.5408
55.9606
54.4992
56.0167
57.2997
55.5601
55.1780
53.4086
55.6045
52.6530
51.6516
52.2606
48.1513
50.7602
58.0952
52.8319
42.6131
53.1151
56.5923
44.2282
46.5013
47.8782
52.8019
53.2644
50.8005
44.8675
51.8767
42.0741
48.8700
40.8579
47.5305
46.5462
41.2282
46.0374
51.2092
51.2910
49.8070
57.5721
50.1220
50.0858
43.1963
58.3399
45.0323
48.7381
43.4879
36.6993
37.5075
38.9015
38.1094
40.1727
42.5345
43.0878
45.4842
40.4532
40.8936
40.5905
38.5363
39.9578
38.4416
39.9796
40.7329
41.3080
40.3737
37.9244
40.1803
40.9137
44.7453
44.3702
40.5701
40.5919
40.2403
41.0283
41.3782
47.3674
46.5917
46.7996
45.0661
52.9614
54.2136
47.7183
42.9392
43.1782
43.8407
43.7403
44.1358
44.5772
44.4020
41.2683
43.6175
44.1548
46.3573
45.8524
44.6472
43.1917
46.0743
43.1565
46.6577
46.2095
45.5619
43.5997
44.7736
45.6411
46.0446
45.5803
41.8228
41.0340
51.0756
44.6146
42.0065
51.4511
59.4799
58.7604
55.9681
53.2130
59.0560
40.5876
47.9581
54.5269
58.8671
55.6085
55.4762
51.3544
50.6278
54.1667
49.5582
56.9530
57.3568
57.5005
55.4743
62.9386
57.8407
57.2776
56.9874
69.8069
57.7780
58.3476
56.7227
52.2498
54.8772
55.1627
53.9181
56.9377
47.8037
47.8618
50.2474
50.8285
44.6300
54.4124
51.5285
47.9418
53.3061
60.3040
61.6742
51.1266
53.1082
44.8808
51.1872
57.1521
55.7553
51.2576
53.0477
58.5006
50.2704
56.1115
59.7444
53.0826
64.0545
56.7079
53.8622
53.0721
57.3302
57.1965
53.6765
48.7601
51.6259
49.6665
48.6575
46.1300
54.0738
58.7996
44.1459
56.1868
61.9181
62.4067
47.8737
56.5868
55.0822
36.1981
46.8122
52.4282
49.3529
49.6211
46.1189
61.1704
57.6648
60.1264
45.6107
48.7849
51.7458
59.8108
54.3119
55.2398
63.5868
53.5890
59.1577
57.3952
63.6947
61.2459
56.8609
56.5654
65.2879
55.5974
53.0282
53.1940
60.0664
58.1581
51.8908
70.3193
67.8552
68.5960
66.3689
46.9598
57.2765
59.2052
65.1018
57.4506
54.4854
47.7350
60.9706
58.8126
59.9096
52.8762
45.8468
57.7114
41.4141
48.3776
48.0568
48.3260
33.6796
42.9981
47.5306
47.3272
54.4920
50.2204
68.2301
67.1362
59.7121
54.7313
65.4042
63.8718
55.5363
60.8470
56.1518
47.7028
46.6492
46.3597
47.9117
41.4113
48.6541
53.8300
52.0424
55.8747
57.6157
38.5886
43.9778
48.3528
48.1597
47.2568
50.3284
47.9513
75.8855
57.2868
57.3475
60.8033
63.3592
61.3868
65.9249
53.0954
60.6993
60.5003
50.1641
69.5288
58.7841
67.2021
63.0587
72.2940
61.4910
73.1577
74.8992
71.1683
74.0053
63.8602
56.7829
52.0443
46.4715
45.1380
56.9060
60.3014
55.8632
68.0948
61.2374
57.5227
53.6376
50.1287
44.9719
55.4329
50.5170
51.7301
53.2836
51.0652
50.7335
50.7497
45.4342
43.0528
44.7281
42.2435
42.5452
43.5594
51.0067
47.4092
49.0812
54.2350
61.6325
51.2053
45.1534
43.0271
35.3660
46.3350
47.5805
45.2303
43.1248
50.7899
42.2294
43.8592
51.8795
50.5226
46.7154
50.6290
54.4177
45.2369
46.0309
48.4060
55.0250
48.7327
46.2098
49.6067
53.0100
52.6317
56.0429
48.1389
47.7028
44.4342
48.0267
51.8526
48.6569
43.6733
47.4428
47.4476
49.1028
58.5004
55.9415
61.2088
73.0804
65.5699
74.9669
78.4014
71.1914
63.6913
59.5708
51.9760
56.3786
67.4277
53.1507
46.0363
55.2809
54.5788
47.2423
44.0217
46.9506
57.1214
54.3967
45.9137
54.7736
51.7560
50.7355
52.3418
51.9324
54.1554
51.1391
50.7833
47.0469
49.7568
44.4488
50.7419
50.2032
50.2786
52.1586
56.8185
53.0226
56.3298
52.9409
58.3190
54.9633
49.4811
54.0549
52.5219
49.2963
52.1476
56.0345
63.5810
52.2356
58.8801
57.1882
54.7962
45.3488
44.3854
55.8456
59.1927
54.5929
55.4690
50.2743
53.6306
60.6288
44.2226
55.1326
50.3166
49.7974
53.4301
50.2509
47.7033
60.9655
63.6579
53.7577
57.6600
51.7351
66.8485
61.2973
55.9145
49.6945
46.1799
42.0469
46.8606
55.0557
50.0853
48.7874
47.3279
41.1950
38.8934
36.9310
41.6416
41.3196
36.5404
35.5051
42.1862
41.2647
45.8635
47.6836
56.4547
53.3330
47.8545
44.3586
47.2037
48.3624
47.6103
39.6040
38.9955
39.0900
40.0590
38.6167
36.7233
36.7075
37.1550
35.7459
36.7074
35.9918
35.4317
40.2654
47.1975
42.1728
43.4902
37.6587
44.7994
43.2679
51.4548
49.3599
53.2137
52.7631
53.7755
53.6470
59.5923
55.1593
55.3301
54.1842
49.5083
48.4112
45.4987
44.7740
45.6809
47.5980
45.5293
45.5813
50.1499
43.2679
44.5456
47.7861
46.1663
48.1521
71.0818
71.9540
69.4076
55.7353
54.1339
57.7915
59.7525
47.0826
44.7410
50.0139
49.3011
44.3008
41.9431
41.0200
40.4687
40.9678
38.2453
42.5909
50.9573
51.2537
48.3384
45.5737
50.7445
52.7898
50.5845
55.4599
54.4415
55.1982
51.1320
52.4715
47.0602
53.3246
51.2457
48.0022
42.6953
43.9092
49.3528
54.1827
54.5624
60.7236
52.1123
53.9652
47.4882
49.9518
48.4739
48.0053
50.7591
49.2076
45.9276
57.6921
57.3534
58.1409
51.6026
58.2444
54.9046
46.0396
48.0494
41.9748
37.9139
36.7716
35.8301
40.6762
40.7387
41.1208
40.7579
46.5043
40.0822
38.0497
39.4852
39.8066
40.9240
44.0383
37.9321
41.3535
44.7578
47.6983
43.0610
47.4798
52.4018
56.5035
60.5284
59.9965
51.7140
56.7289
60.8732
66.7276
68.3231
61.9274
58.2940
59.6464
57.8035
48.7612
56.4566
53.3978
58.4155
49.7820
46.7421
54.7393
57.8275
51.3880
53.4452
57.2079
54.7828
59.1474
62.0784
57.4228
55.2997
41.6594
51.4965
59.0456
61.2348
61.0395
58.7501
56.5267
56.4609
57.8699
64.2442
56.3469
47.3531
47.6954
53.2365
51.5483
47.0753
42.6372
43.4848
50.5489
52.0596
47.0654
51.2560
50.0321
43.9921
48.0246
47.8765
47.0638
48.7495
49.0465
46.3025
45.2099
42.7100
40.6739
40.1199
43.0166
43.2987
41.3766
36.6044
37.0335
38.7278
42.4628
50.9660
58.3895
52.0973
49.7000
47.6239
45.9331
48.7938
52.5211
52.1803
53.2917
53.0407
50.2525
50.5928
56.9998
52.8544
49.4470
48.4825
46.3673
56.5297
44.3109
44.2347
45.4586
46.8914
47.5633
52.7754
57.1785
52.8199
49.8839
58.6316
51.8113
52.0310
53.7755
48.2155
56.9076
55.6902
53.3971
51.6326
58.9075
73.1697
62.3264
57.2484
61.8382
50.4774
47.2313
49.4613
48.2046
42.4901
41.0564
55.9924
57.6684
65.5729
51.9317
59.9456
45.0898
42.9136
48.7116
72.0767
68.6681
65.2762
54.7549
47.8298
57.1258
52.1875
61.5543
54.8190
53.8067
54.9787
50.9550
52.4418
50.6243
58.7338
59.5564
53.9362
54.6805
51.6812
48.4601
46.7640
47.8164
46.0490
41.2275
44.7363
45.5951
49.8918
49.4112
43.3267
48.0396
50.6779
44.0499
49.4953
45.5589
38.1262
40.2292
41.5344
46.7979
41.7024
37.2547
42.5398
41.7952
39.0944
40.9680
39.6677
38.5637
38.3791
39.0581
38.1827
37.1884
41.4984
42.9418
48.0567
50.3460
46.2239
54.5436
47.7087
56.1046
59.8650
48.2182
41.7021
42.3317
43.4479
41.3669
43.4783
40.2399
35.8188
36.9414
41.1500
39.9848
40.2653
38.8497
38.7648
42.2173
46.5017
46.8185
54.2910
46.9800
52.4089
53.2653
53.4400
50.8887
44.6199
44.2174
40.2883
49.7133
44.8250
43.0618
47.0941
43.6449
45.6127
51.3638
49.1890
42.7440
39.4329
43.1387
49.0549
41.5292
42.2401
48.4249
43.4672
44.5772
37.0380
40.0297
50.5372
57.7997
54.2843
41.4821
43.0146
43.0624
50.9503
45.0095
47.5674
47.7451
49.6557
49.2359
48.2716
39.1003
37.9222
53.0338
41.3151
42.1064
43.8058
41.4160
42.4731
41.7035
43.8829
55.4776
52.3663
60.5069
44.4343
39.5542
55.2202
57.2699
62.5584
63.4857
59.7201
53.9025
46.5337
50.3195
55.9672
54.2500
48.8303
43.6462
49.3899
50.2618
47.1585
48.1158
48.0394
43.6400
45.8689
50.3708
53.1635
54.4659
52.0368
53.9794
53.1849
43.0698
43.3558
43.8396
44.2797
43.8196
45.1696
43.3952
42.8042
49.4602
42.0764
46.7718
43.4129
51.9013
48.3272
47.1933
44.6846
46.1876
40.9853
48.0701
45.6286
47.3079
47.9142
48.1514
46.9297
44.3591
47.0652
49.3322
43.9647
43.1011
43.0750
41.7430
44.3430
40.0495
37.3333
40.0747
40.0721
36.6581
41.4880
43.0724
47.4067
47.1039
56.5824
59.7984
54.5342
51.3806
54.3669
59.9164
44.3498
58.2296
54.3931
47.3916
47.4641
46.3231
58.2344
58.2687
47.4092
49.2205
50.5605
39.7344
50.5281
53.6784
49.4101
48.4619
43.8698
43.9936
43.3941
44.0369
44.2185
43.2156
43.7885
44.5294
43.5365
43.8052
43.4864
43.2201
41.7624
42.2594
41.2983
45.3200
51.4188
51.7057
49.8077
44.7330
51.3071
48.1860
47.3611
44.5559
40.4973
41.9675
44.8205
43.7680
38.4443
40.2843
38.9834
42.8544
42.4167
43.2034
45.9783
43.4854
41.7285
41.4300
45.3390
48.5927
35.8930
35.5544
37.8796
39.5683
43.2827
48.0167
43.5173
51.0004
48.9981
54.2825
46.8749
48.1711
46.0996
53.8346
55.7987
48.7159
49.6876
47.4764
52.8838
45.9847
46.2387
47.1774
45.1174
39.7150
44.1959
39.4334
39.8733
40.4046
38.8209
39.8585
35.8919
38.5999
37.9925
37.9487
39.8115
43.5705
45.1397
43.5049
43.8064
38.9685
39.2425
41.2212
43.6670
41.8464
37.6639
44.1634
41.4829
44.8136
41.7846
43.5656
45.2280
42.2338
43.9836
42.7925
41.9469
36.2277
36.7945
43.5825
40.3719
42.2989
40.3777
40.1401
38.7776
38.8051
41.4115
39.1902
44.6533
43.0394
38.4997
46.4171
40.4727
41.9707
40.6464
43.7592
41.3842
39.7565
41.0901
40.1866
39.2195
40.9890
41.3043
42.0412
37.3009
36.2493
41.7415
39.7176
38.6049
37.5512
35.8193
35.8071
35.9203
35.2513
36.6467
36.5191
35.9520
36.8686
36.2456
36.1434
36.7382
36.1802
36.1200
35.9038
34.8231
35.1103
34.2600
36.6250
40.3401
42.6749
40.5972
45.6022
36.9778
40.7530
48.8458
49.4373
43.1253
51.2871
45.9897
44.9704
42.7280
47.4999
52.0675
45.8599
42.6463
41.1680
40.5331
47.3915
41.5441
40.1975
45.4675
44.0132
42.7803
45.5435
45.8912
46.6774
48.7620
40.9818
42.4240
48.3635
51.4065
42.0558
49.1588
43.6495
47.9533
49.7138
47.8709
51.5691
52.3007
51.7974
51.1385
49.8657
48.1010
47.8837
49.0215
46.9729
45.2106
41.4914
45.9985
48.7020
47.0686
41.3829
41.5191
41.7184
40.7307
44.5516
42.5934
44.6631
44.5554
45.9241
55.3548
46.6214
46.5803
49.3247
52.2786
51.9465
55.1762
56.7072
51.4252
51.6290
53.9080
48.8538
44.7550
40.4013
40.2556
44.8157
40.6380
38.3506
39.1900
39.3744
42.7609
44.4372
46.5032
51.5360
56.4439
49.5298
47.8741
50.0136
43.5665
48.0252
46.9352
50.2480
51.6390
51.8256
49.7010
54.1153
50.8544
48.2726
47.8558
54.8314
50.3714
45.5472
46.8061
49.3458
49.3002
44.7877
44.9943
51.1236
46.2654
42.9147
46.8670
52.4064
57.8679
55.0488
52.4705
53.2468
55.7958
51.6662
48.3851
47.4547
43.0267
43.9129
48.8992
47.8014
47.6776
48.6966
53.9439
42.0186
46.4449
43.0979
41.4603
42.9543
40.4249
45.5734
41.7207
55.5291
54.5903
51.4074
47.0561
50.1906
49.6430
51.4589
51.8452
63.0481
54.5143
45.4031
46.1052
47.4674
54.7033
51.4846
51.8665
50.5077
43.6323
46.7712
55.1127
46.9036
44.7913
44.1200
45.2021
45.8609
47.6926
46.0063
46.8693
50.4034
46.3960
51.0741
43.8909
39.9764
44.8074
43.2793
40.6132
46.8070
47.6340
49.1232
48.0219
43.6813
43.7975
39.6256
52.1147
50.8757
49.7706
40.2661
55.9133
59.2972
57.6245
61.0697
55.2477
68.1946
62.1758
56.3227
57.0586
56.3720
51.6948
53.2527
50.9192
57.9931
47.1687
48.9272
46.1598
41.3231
44.8721
40.3022
42.1597
44.4019
41.0965
42.6280
42.8254
37.3633
36.3513
37.4590
41.3582
38.3052
36.6552
35.3952
35.3291
35.5498
36.1623
34.9100
35.5765
37.4191
43.8471
43.6111
41.8324
40.6047
40.0713
41.9127
41.7691
37.4453
37.3785
36.5744
38.5705
37.8101
38.2871
38.6211
36.2645
38.6365
40.7278
41.2302
41.3857
40.5874
41.0956
47.3032
44.4248
43.4966
43.5581
46.1665
48.2253
54.2691
56.8082
55.0965
61.1758
43.6090
43.6622
45.5226
44.3466
41.2947
41.0835
42.2834
38.6233
43.1206
39.8588
41.4883
42.2466
45.1242
51.2075
47.3446
53.9928
64.9696
54.7759
58.4594
51.6324
57.5391
59.6195
63.3763
42.0670
51.9590
60.9897
56.8067
62.5340
40.0629
45.8964
45.9407
48.6666
52.7970
52.2281
68.4803
54.7364
46.5665
54.6667
59.2486
53.2771
52.3475
59.0001
50.8760
59.5672
56.4195
51.8462
51.6351
47.5363
56.5627
49.2593
50.9418
52.3118
37.9096
39.0433
46.2019
43.4146
40.0504
39.4952
44.1620
43.0047
43.1457
44.2328
44.4593
45.7731
46.1772
43.7242
48.5299
50.7599
47.0775
45.9138
58.0057
62.8026
58.1583
54.2240
52.1995
54.9944
46.6476
49.2241
53.0961
50.3888
46.4711
50.6702
54.8564
49.3545
52.1192
54.4040
45.1113
54.0229
57.6239
60.6325
53.6585
53.5023
49.5571
50.9125
44.8196
47.4534
54.3616
54.9257
53.8974
51.3758
55.9839
50.3801
50.7175
51.2912
57.9187
58.4496
58.7446
55.4011
54.9159
51.8408
49.4860
55.4958
56.4242
54.6665
57.7883
51.8071
55.8842
59.3234
64.1477
58.8443
50.1822
52.6171
59.9355
59.4404
55.3170
52.6560
59.6207
49.1976
51.9584
51.2077
57.5068
42.6273
42.7643
42.2585
42.0487
39.3024
46.5945
46.4387
50.7064
54.0931
57.4809
58.4316
39.4496
41.9618
41.6466
38.3698
45.3227
51.8454
50.4342
61.4299
60.5568
65.8780
65.2281
53.1142
52.8504
47.0352
52.0210
54.1875
54.3838
49.9576
44.5659
47.7259
51.4211
50.6821
51.4638
51.4813
45.9372
41.8106
53.7751
54.1201
49.0113
38.7629
43.9946
47.2863
52.2613
49.7817
50.8980
47.3708
40.5121
51.4741
54.6104
49.2349
47.0980
53.3195
42.1336
42.5994
47.9646
46.2101
52.8211
47.2811
47.3990
45.7172
45.8703
49.0640
46.9017
61.5588
43.8680
48.2295
47.6389
57.9458
41.6359
48.6971
43.6226
46.3420
43.6850
42.7598
44.5728
49.2143
48.4203
54.0137
58.7865
52.0998
46.2042
73.2600
61.5379
54.4843
57.2213
58.7397
44.8285
40.7757
45.7515
49.9274
45.6221
44.4464
40.5729
38.9250
37.9878
37.9527
36.8793
41.7037
41.5185
37.8758
42.1784
50.5786
42.8838
45.4883
51.9862
43.8245
40.8612
48.9074
50.4565
56.9067
49.6389
48.7362
53.8774
52.6313
51.1707
60.0247
52.5567
63.1780
53.3976
50.3880
49.4987
52.9700
52.8675
56.6793
61.5177
55.6819
48.4983
43.0880
45.3970
49.7986
51.0847
60.5156
57.4284
49.1658
46.4520
49.6930
58.0785
65.1305
59.7150
56.5114
63.3576
64.9432
49.6957
41.3571
55.8859
63.4605
58.5481
57.2024
53.6409
44.3163
41.8032
43.2228
45.8666
46.2329
47.5583
50.0624
45.8084
46.7811
47.5868
47.0037
43.4998
45.1806
47.9938
55.6540
40.9598
55.5886
57.8100
54.9128
45.4651
50.0192
49.5112
55.5120
49.5060
54.2532
48.2809
50.0157
50.4468
43.9517
53.1599
49.8334
53.3278
46.9718
50.0523
39.1733
43.2236
40.4994
44.7860
45.0426
37.5761
45.9533
40.4803
40.8904
40.2177
38.9743
35.5644
35.2921
38.1084
48.0174
52.5842
48.0647
52.1848
49.0410
52.8475
41.3017
44.2432
45.5392
44.6151
34.9204
50.2314
41.3805
44.7260
48.6811
51.0729
56.3618
61.9143
52.6795
59.2600
58.2243
57.8128
56.7930
59.9393
56.2239
57.3162
61.0243
56.2751
58.8211
57.8625
54.6826
57.0234
54.9709
52.5459
56.3898
52.6649
56.2412
54.1308
51.8176
39.6287
45.4552
44.6203
44.8672
48.5386
51.9099
58.5925
56.7802
53.5688
52.1290
58.0914
58.7868
60.0616
49.5068
50.3301
47.2668
53.5761
52.7728
47.3674
48.0628
47.7459
47.9878
48.4749
55.4876
50.0553
43.2484
49.7167
52.1501
50.3191
56.0817
61.6912
57.3859
58.1901
55.1061
48.8698
53.3804
56.8486
57.4000
55.0107
58.3679
50.8314
54.2792
52.8143
53.0115
51.8959
48.9861
47.9159
45.3043
47.4409
43.0633
38.3673
44.3335
48.2249
46.4057
46.7175
44.8475
43.3577
46.0068
52.3320
63.1757
55.6970
50.7091
61.0911
57.6314
42.8595
45.5274
49.6396
51.5953
50.1425
54.0919
62.5948
58.2693
64.1939
67.5901
51.1725
38.6331
47.6576
52.9305
44.7053
59.3215
50.1710
49.9670
46.6188
51.1299
40.4372
44.3452
35.9745
42.1624
46.1883
50.0456
51.7547
44.7247
51.6411
50.8213
51.5164
55.4827
51.2100
51.5675
41.7540
51.7850
51.7409
52.2697
47.1669
50.3787
52.1578
50.0218
49.9291
52.5923
52.3201
50.0771
58.1528
57.0934
53.6079
57.2010
56.8691
56.7144
69.7608
66.1981
62.8328
50.0296
68.2805
61.6660
55.7726
66.6416
56.4858
52.9611
61.8276
52.4308
47.3246
61.3616
66.1709
65.6178
68.4788
58.8464
55.0581
54.3662
58.1869
58.0198
53.7395
60.9915
54.0270
57.6722
45.1656
43.4705
43.5863
50.4183
49.9153
52.1311
47.3475
51.3546
52.7533
51.9902
48.9079
45.5598
40.3237
46.5411
43.1748
51.4862
49.5283
51.4668
51.9454
56.0610
54.3498
60.2122
57.6861
60.4106
55.6702
56.3801
47.3198
53.8929
58.6127
52.3100
46.9883
53.2673
46.3308
48.7032
42.6802
44.9536
42.2928
44.5710
65.2666
62.5748
58.5853
62.5797
53.6243
56.8960
50.3283
47.6794
46.8714
50.1877
46.1861
48.5533
57.1627
62.0457
60.1656
57.8012
52.2377
59.2775
48.9340
58.2828
51.2412
43.0507
40.5633
44.3501
38.8011
48.7813
47.6730
52.6606
54.6190
55.0897
47.0199
40.1266
37.7934
47.4131
40.5159
53.8006
48.2739
58.8434
50.7408
52.6556
57.1984
53.1961
48.4495
52.2997
50.6719
47.9845
45.5094
43.7087
51.0960
53.5933
50.0351
45.6170
40.8191
41.2308
43.0078
42.4944
42.9414
44.8283
43.6767
43.9127
44.1032
46.2126
41.3595
40.4650
42.4152
48.9696
44.3293
42.9382
54.5438
62.9082
61.0699
45.6506
44.6507
67.7512
69.9124
62.4766
64.4681
57.5401
60.3142
51.8727
55.2507
49.5615
60.6497
61.4385
48.4868
57.4447
48.7130
46.7771
42.8046
50.6819
49.7269
50.2060
49.4217
50.7050
56.7680
63.0105
53.3740
56.6420
50.7266
62.7182
44.9204
53.7171
43.4446
41.0887
51.2562
48.4440
51.8024
52.6557
47.2370
51.9152
47.5176
49.1668
55.4026
55.7302
52.6154
60.8770
49.2443
41.8199
44.8543
46.5891
40.7270
44.1481
40.9647
41.9215
58.2287
55.7677
48.0441
46.5453
44.6891
60.1153
56.9086
48.2520
39.9686
44.8806
46.7284
42.8463
38.0282
45.6380
47.1212
39.9718
49.7882
54.3356
49.7036
46.1641
44.7860
51.2761
56.1930
53.9096
54.0727
48.5311
46.0947
54.3868
57.4575
55.7878
54.4306
65.9638
61.2473
48.1999
57.1452
49.5201
48.7176
48.7055
51.1838
51.1331
57.0755
55.6910
50.5775
54.6619
62.4394
61.5054
60.2854
51.8653
63.8759
66.0013
59.1471
42.8054
38.1268
40.8078
55.9984
47.4918
44.5644
42.5916
56.9634
59.1467
54.7366
54.9385
54.4621
51.1972
58.0851
59.7583
45.9202
50.4314
51.9699
46.8235
54.3198
48.8014
55.5604
53.1526
57.6509
58.3704
54.0119
59.5743
50.5675
50.6405
39.6293
40.6929
37.2888
41.0095
50.3138
50.4065
51.7605
42.4727
47.6793
42.5765
41.1617
42.2124
41.8378
44.3725
41.6826
48.4926
50.3737
50.2698
42.2043
41.9944
53.5812
49.7446
47.1067
50.9906
52.2577
49.5779
45.7619
53.6584
49.5506
48.5552
48.2146
44.8232
48.9943
43.3677
46.4855
45.1717
52.8560
48.7064
46.0471
43.3549
42.2209
40.8066
41.3693
45.2378
40.8021
39.3472
45.1893
42.9776
40.9197
44.8366
42.8202
50.5126
52.7997
49.2266
51.9664
49.0842
54.6878
53.6280
51.7010
50.4500
53.9166
54.4871
51.8866
60.0562
47.3276
50.9096
60.5147
47.8148
55.4557
49.5398
47.1857
46.1063
48.3668
44.0968
43.8423
48.4248
50.4981
47.1099
53.6659
51.2338
47.8700
49.5551
58.7744
54.4506
46.9234
47.3480
51.3984
58.4751
54.4022
55.5065
56.9050
54.7543
48.0290
63.6497
65.0618
51.5634
48.2598
42.8960
58.5160
49.8499
50.1405
48.9690
53.0562
51.2177
50.7046
48.7734
53.4235
57.2244
54.4800
48.7859
46.5942
45.0193
42.9381
45.5715
45.8601
45.9534
45.5590
41.0208
44.3405
42.9477
42.5813
44.0234
45.1845
44.4711
40.8505
47.2347
52.3736
41.7628
46.8845
52.6640
54.2139
47.5642
54.5215
47.3544
52.7220
54.6984
49.9775
53.4491
55.4393
55.4654
55.7513
59.8532
53.1605
42.9068
57.0335
61.8087
52.4626
56.3589
55.3799
56.2700
54.2108
57.7215
47.2874
45.7315
43.3289
45.7472
45.9134
53.2520
46.4148
46.5626
46.8431
45.6209
51.2423
53.5074
54.0821
48.6452
43.7844
44.5456
40.4194
39.3626
41.6990
41.9049
39.5744
38.6017
43.5971
41.7199
45.3991
42.3506
39.8741
47.6950
42.6505
40.5637
45.9594
47.7930
60.3041
56.7310
52.0170
55.4786
51.9609
50.9773
43.4862
44.0714
44.6437
47.9419
44.0094
44.5074
43.0413
42.9676
41.4222
42.4790
42.5927
42.3552
49.5186
51.9005
50.1525
42.8150
47.9401
56.5032
51.3073
52.6331
37.7742
38.4952
44.6621
42.0070
52.2005
53.4302
54.1798
48.4336
53.7791
48.2911
49.0433
46.0574
42.0161
51.6229
46.9445
52.7255
54.5644
50.8811
53.5602
52.7082
56.3775
57.5617
66.3477
64.7098
65.3200
56.4517
50.6677
49.0925
52.1725
48.8228
45.8044
57.7339
50.2632
39.4346
55.3998
49.9808
57.2796
59.9730
47.6750
48.9971
55.8475
56.0700
61.5633
56.3803
53.6751
56.5059
61.4828
57.5680
52.0480
45.1297
44.4416
40.0041
41.7128
39.7067
43.5099
39.7541
38.8170
45.4488
46.2615
45.6979
42.8921
47.3279
44.7037
40.5265
37.7578
38.9873
37.4475
37.5187
38.2605
39.1345
39.1879
39.4822
38.5329
41.6064
40.4752
37.9073
37.9067
44.9139
47.4690
49.3763
50.6292
44.4353
47.5363
47.8803
48.7310
53.9733
48.3929
53.0445
48.7632
52.2453
48.0879
44.6249
46.1328
47.8011
43.7516
46.2409
37.7110
41.2554
49.0004
51.7131
44.8421
42.3875
38.6816
44.5302
42.8193
42.7635
42.5254
41.1752
41.2576
35.2983
41.9755
41.0574
37.2226
38.9346
42.3663
42.0751
43.9457
41.2115
50.4726
48.9641
50.8279
49.3229
48.0477
49.2098
48.2883
43.1230
41.1436
44.6111
46.2491
47.7055
36.9851
42.4580
43.0319
42.2544
39.2721
37.7234
42.0872
42.7297
45.7279
45.5982
47.9575
52.3415
46.2747
48.3060
58.6355
54.9536
57.4405
58.3946
50.8167
60.3534
52.7713
49.9136
50.1882
53.2022
55.3237
56.5556
51.5817
45.6105
54.1148
60.1884
52.5320
56.2568
55.3568
57.4652
55.3642
50.7670
47.5673
45.9539
47.7012
51.5283
48.3574
58.2330
68.0589
54.7141
49.5381
60.7210
54.9683
64.8192
50.4460
47.0831
56.9351
44.5469
39.8258
51.1448
43.7420
40.6450
61.4007
52.5117
43.9854
58.6320
48.2555
51.7131
41.9626
64.6292
60.3219
65.5311
58.2555
64.6951
51.3336
63.7498
53.3689
58.6227
55.1666
61.0386
42.4058
47.5783
49.0648
53.3831
48.6819
53.0197
54.4836
60.7036
49.6557
50.9157
46.1932
46.7248
45.8144
37.7668
40.4324
37.0186
44.9469
47.3277
45.2374
46.8041
45.1999
48.8384
44.1846
52.0922
49.0787
47.3988
46.1435
42.3544
43.9009
47.1387
56.1941
51.1802
56.6811
55.3691
48.6839
45.4388
42.5185
46.6291
52.9234
51.9402
47.9431
46.1235
41.0936
56.6171
57.8222
57.4368
55.1812
56.8465
55.7098
56.7294
48.1072
63.3799
56.8868
57.0442
59.4326
51.1312
48.5119
47.1927
45.3683
55.4587
49.9129
55.9828
59.6733
39.8093
38.6414
53.7438
49.9250
54.3722
50.8080
49.0781
43.2522
50.8632
53.6959
49.0211
44.5564
41.4137
40.1047
56.1140
51.2373
48.6586
46.4185
53.3571
62.6760
56.1334
47.8961
42.7064
48.8116
54.8273
49.2662
48.4127
48.1350
47.2929
54.5277
53.0355
41.1240
51.5374
55.9405
55.9701
54.8463
47.3804
55.2345
50.1130
46.7240
46.7810
45.9398
52.9326
60.2129
67.4684
61.3750
63.0501
59.0410
58.9075
61.8889
58.3304
52.3176
49.6199
59.3477
59.7591
61.3731
61.6841
51.1541
51.7764
45.0849
52.1902
47.7071
46.8748
41.3135
40.4368
46.7515
46.1009
39.2918
38.0125
45.5561
37.0219
41.9879
48.0074
42.5312
44.1746
41.4471
35.5370
34.6987
37.9422
39.3198
40.7234
39.6790
38.0088
39.8503
39.5908
40.4829
45.0228
41.6594
38.5594
33.8001
37.0832
35.6456
44.6321
36.0020
37.7637
34.0268
32.6744
30.8946
35.4579
34.9060
32.5369
33.8396
34.4784
35.8520
36.5989
35.6740
37.3519
37.1135
37.3338
35.5226
33.6769
33.1690
33.7381
32.6394
33.2886
41.1748
47.4188
44.1349
44.0944
46.4826
47.3419
41.7211
44.3092
38.6996
41.5424
48.3446
49.6522
49.4027
50.8132
49.3954
57.0544
47.6959
45.0684
38.7568
41.7723
53.6612
47.1557
42.0957
47.5535
52.9824
58.0394
47.0547
51.5923
42.1368
48.5876
46.0887
54.0395
51.5125
46.8999
42.1812
40.8386
43.8847
44.9650
46.8683
48.4221
43.4586
44.8652
42.1554
40.9131
39.3352
42.4485
52.0448
42.4189
42.4999
43.3682
41.1842
39.3016
45.7339
44.3416
44.8113
50.9807
51.5828
50.1833
52.1847
51.5360
51.3117
45.2269
63.6867
51.3112
49.2229
53.0848
47.6905
57.6219
54.7697
58.3489
54.5415
50.6872
41.8932
46.0162
44.4950
37.2159
44.6650
40.6382
42.8541
42.4115
43.5713
44.8058
51.1323
58.2315
52.4858
56.9131
55.2371
44.4075
47.0520
54.7803
45.9067
50.4512
49.7946
48.6278
51.6216
49.8033
48.6511
41.6484
44.2517
44.9416
51.7441
46.2917
48.5275
52.6013
42.8927
36.0108
40.5698
47.3908
58.1481
56.4142
48.8343
50.8990
61.8383
60.1080
47.5630
50.9007
43.9733
43.0507
50.0933
50.8075
45.7486
52.4405
51.1625
39.9775
46.8670
45.9561
41.9887
43.2720
45.1087
44.7890
49.9361
39.8066
36.4308
33.2389
37.3714
40.5151
43.3432
38.5733
37.2246
36.9428
34.8705
40.3264
41.5448
44.8718
42.0996
45.9638
40.3871
46.4334
40.2423
55.9936
50.3605
47.2296
58.3755
53.5777
60.9009
64.2212
59.8030
60.5345
48.9387
46.0567
50.4587
56.1711
44.7531
52.0199
46.8651
41.3301
50.6574
53.8247
51.6100
46.1595
41.0511
38.5435
46.1759
47.4534
43.3935
49.4748
47.7462
52.5259
52.9524
56.5362
51.2465
53.6757
56.3873
53.8659
54.0052
55.5362
49.5193
47.4566
51.7247
48.2563
51.4563
58.9358
56.7387
54.7241
48.8695
55.9783
51.9308
56.8482
45.4126
48.7816
45.5347
56.9659
53.9016
55.6143
61.1219
55.7738
65.0356
53.1906
60.9121
54.6192
54.0395
52.3574
57.6610
48.9730
52.4766
51.1898
45.8416
43.4537
43.4917
48.7798
39.8225
47.4604
49.5289
48.2521
45.9521
46.4232
49.2495
41.8514
51.6607
42.5807
49.4510
51.6059
44.7765
46.2577
47.9648
47.8911
44.3984
43.6923
41.1995
37.9646
40.3544
44.5051
38.7869
39.6121
50.2027
34.9094
36.8963
42.5416
55.6831
48.7432
47.3444
39.9939
53.1285
46.9173
47.0836
51.3562
55.6035
42.9600
42.1631
53.8963
57.5106
56.3642
48.7578
48.3222
49.9948
49.7962
50.7720
53.4626
53.2155
55.1649
50.3652
52.8739
48.6651
46.1680
43.3183
48.7864
43.2745
43.5598
43.3356
50.0200
37.3813
36.2151
35.6254
33.2170
54.3057
44.3043
40.3141
47.2211
47.6672
46.8476
47.0956
46.8118
45.6978
55.6974
48.0079
44.9344
53.7738
45.3006
35.3873
33.9400
37.2312
34.1160
35.6330
37.2248
34.2447
37.9806
34.2584
32.7402
35.7727
33.8259
34.9242
35.7335
36.3331
37.4439
40.3220
41.9004
47.3023
40.1943
46.5197
42.9558
43.0891
41.3286
44.9625
54.2821
53.0621
45.2236
47.0328
48.2407
55.7651
54.4158
53.8188
51.0321
56.3514
54.3965
44.9552
43.6570
50.1920
41.9352
48.9226
46.7141
43.6315
48.3776
56.1101
55.7530
54.8546
44.3248
58.6515
58.6765
57.0769
52.5624
58.9628
58.0233
53.4255
49.8119
41.9831
44.0356
44.0651
44.3627
58.6183
61.6203
58.5438
52.3761
61.3840
57.5384
51.8568
52.6882
50.7478
55.8009
58.5919
53.8808
54.8011
54.0038
51.6690
58.6863
48.6640
40.3161
43.2788
46.9442
49.0731
54.2606
57.5080
51.9124
52.7870
50.8678
50.1129
46.7653
43.0399
47.4090
49.1754
43.5668
44.3313
44.6746
44.0907
47.9487
41.7140
50.2586
43.1533
54.6108
57.6532
57.8779
49.2996
66.8376
59.6988
64.7375
71.1837
66.5464
61.3888
60.5534
46.0600
45.3941
43.9014
45.4374
49.6325
54.0195
48.9844
46.1381
50.6291
54.2386
53.9108
53.2591
41.5976
43.9167
42.2881
51.7648
53.3453
57.2513
48.8485
54.8617
46.4197
45.7930
61.4328
60.1247
57.1921
63.8259
69.7791
60.4015
51.5602
46.1928
47.0190
53.2405
52.6921
64.8172
53.3132
66.4812
55.9507
59.5733
48.7756
50.6612
49.0995
53.3389
57.4537
65.4575
56.4195
50.0061
44.7388
49.6165
39.9852
42.1796
39.0791
37.4497
36.1476
46.0609
45.8084
51.9808
59.5419
59.0258
60.6095
51.5836
45.4718
46.7383
52.7054
47.4519
50.8431
56.6916
62.3289
48.5623
51.2688
52.5243
51.8563
47.0981
52.3207
61.5651
58.9281
58.3975
61.2652
68.1419
62.5377
60.1353
52.3298
61.2000
55.9657
52.9494
48.8511
42.4791
37.0535
45.4567
63.5481
60.3985
59.8052
53.1090
57.5165
42.0314
47.3428
44.9576
58.6703
51.1571
48.5272
49.9619
52.5626
39.8426
38.4610
40.1468
37.1064
38.9880
46.9167
34.6825
35.7474
34.9450
37.4688
39.1300
40.8218
40.4830
41.5725
35.6332
40.5097
40.6583
39.4761
41.1874
37.8439
38.7547
40.4534
39.0863
39.5655
39.1215
38.2065
41.3805
38.2798
35.1427
36.8011
37.1578
39.8921
39.9514
38.1607
40.4654
39.6170
43.4528
48.1137
40.0003
40.7808
41.2088
43.4626
39.5316
38.6878
39.8892
41.6947
38.9214
37.5112
42.4680
42.3110
53.5281
49.3735
52.3105
60.5382
62.8395
68.0957
70.4372
61.2014
62.8703
64.9816
39.3821
44.2936
47.9099
58.5708
69.1097
58.2202
59.5810
54.4954
57.3185
54.2712
52.2286
43.0994
41.0168
39.7778
39.2558
41.6921
40.2312
36.9783
44.7461
50.3949
55.3090
58.3422
56.2932
57.4318
56.0486
58.1658
46.4552
53.0048
39.7389
42.7099
47.1430
59.3875
54.8926
63.6979
61.7784
60.7986
45.9200
58.9262
62.4390
54.3698
52.5351
55.5740
46.1637
43.1228
50.9517
44.2806
46.4965
47.5894
40.1325
51.2028
60.7261
49.7181
52.7079
46.2681
44.7301
51.1804
51.5316
49.3154
46.2410
50.2619
48.5148
58.9056
60.1344
60.9895
59.8091
51.7241
42.7105
36.7387
37.1098
35.6592
41.2466
43.6642
43.2427
39.0494
37.3795
40.2982
44.7522
45.3253
44.4348
50.3648
54.1439
45.3907
49.6360
40.8095
37.3452
35.9257
42.0142
46.2236
38.0959
38.0688
37.7706
53.4307
51.7079
49.0394
49.5304
50.8493
48.4511
42.5552
38.3686
40.8217
49.5122
53.3505
62.2299
56.4983
55.3381
58.9583
52.9433
49.2486
55.6883
57.0494
53.1360
43.7939
41.3633
44.7932
48.6885
49.0266
52.3090
51.5536
51.7527
45.6696
44.0532
49.9248
47.0805
46.9788
50.7890
53.7079
48.1947
48.3942
51.0450
50.5093
55.5471
50.1553
45.7326
50.1208
52.8872
55.3642
52.1083
62.0875
57.9254
64.5404
55.7765
41.8993
47.5521
47.1862
51.4313
47.8416
46.6898
38.8861
44.3393
45.8644
50.2909
44.0306
40.3313
43.6927
39.2822
37.4785
48.1650
46.6393
40.8606
47.0157
52.5316
45.9039
42.2913
38.5170
44.3969
40.7773
37.9372
39.1555
41.4436
45.1899
49.7766
49.4699
48.8211
48.0832
48.7197
50.7141
47.4661
50.2896
41.0208
45.1272
43.0823
41.2112
41.4034
40.6204
40.4713
38.0194
36.0494
39.1160
44.9891
44.3625
43.1311
51.7335
51.8091
47.6637
49.5736
45.4376
52.3421
46.2520
48.4835
46.1758
50.0463
49.3591
52.9850
48.4894
42.0965
42.7393
42.3610
48.7127
54.5571
56.9195
49.2444
51.9234
44.4148
46.5616
48.5444
42.1024
44.9197
42.3941
46.0674
40.5903
48.5014
51.5280
45.4557
44.4938
46.1881
45.8523
43.7028
43.8089
48.6556
39.6636
36.5622
42.7984
42.1316
46.6757
43.9082
38.2641
45.1250
51.9803
51.3708
43.3249
43.7960
48.3972
45.7306
48.5547
46.1446
58.1415
50.4143
57.9736
53.6437
45.9666
46.0967
46.6911
43.0572
39.3796
45.4959
40.7968
40.5292
34.3697
34.8406
35.6029
33.7240
40.5136
41.3438
43.9430
38.3934
37.2958
34.8769
38.6738
42.7328
38.6935
42.5627
44.3208
53.6253
47.8734
49.9391
47.3187
43.9055
50.0835
52.8043
46.1222
49.9635
50.5473
42.0705
45.4022
45.2769
40.8183
43.1078
39.3326
38.3746
47.2449
41.8769
45.7463
41.5497
45.5096
50.8795
43.6050
47.2993
42.7649
43.3034
43.3552
45.1599
40.4822
47.3205
52.2105
44.0640
49.8321
51.9070
46.9196
44.2339
43.3232
50.5061
45.5413
45.9989
51.1929
53.5571
46.2366
49.6877
42.0526
40.6961
47.8961
49.1150
49.6564
47.3827
44.9341
53.1301
53.6837
50.4204
41.5054
40.9950
44.1251
51.4467
54.2030
54.1395
54.7362
51.8984
54.1901
48.7239
43.9709
43.8649
50.0233
46.5044
44.6100
47.6704
55.2556
52.1142
55.1282
50.9515
43.4188
37.7746
38.9566
44.3671
44.1500
42.8184
39.7931
40.5325
43.6208
44.3041
43.3384
38.6578
45.6274
44.5881
43.3177
43.8298
47.3671
43.9661
46.8818
42.0532
51.5458
57.1137
45.0618
45.6793
49.3242
42.9731
46.0897
40.2559
43.6306
52.5961
52.5628
51.2346
52.7412
57.6460
48.1220
52.2917
42.9985
47.1548
43.3520
39.2242
43.9129
44.6934
44.0375
47.2277
46.0957
44.6463
42.1741
42.4583
46.2754
44.9905
50.8906
49.0481
44.9905
38.6513
40.0832
40.9800
40.4571
40.7132
40.8453
42.6530
40.3855
40.3513
42.1392
48.1657
47.9336
57.2810
53.8184
58.6161
48.3988
46.1022
46.6128
48.7705
54.2507
45.4980
45.4433
51.7578
46.4117
50.3305
43.7898
44.7683
46.5264
44.3680
48.5445
54.0134
44.7339
44.8822
55.0724
46.6006
50.6851
50.8309
50.7192
51.3130
50.7433
41.5872
38.2789
42.2456
47.6385
46.9243
36.2242
38.6910
40.9901
42.4664
42.2517
37.2521
36.9449
38.6318
38.2579
40.1661
41.5059
40.0098
38.8791
40.4696
39.3301
40.0576
39.5873
39.6868
39.5903
36.4788
37.2915
37.9696
38.0940
39.6759
39.2649
42.7557
42.0775
43.1646
45.5210
47.5641
40.2019
42.5204
44.5509
39.7620
40.6683
35.9243
38.8111
39.1934
41.8153
40.4937
39.3249
37.2733
48.2311
49.7536
53.8497
57.7618
45.1500
54.4586
45.3844
44.0257
50.1422
48.3289
46.8344
44.4528
48.9661
46.1126
41.7109
43.8217
41.1061
43.6811
42.7290
38.9286
43.2411
47.6734
44.3395
43.1929
44.2954
43.6326
49.4868
47.9349
48.0860
40.7586
39.5092
41.0127
40.0351
42.8095
43.5687
45.2777
45.1671
40.8857
40.0755
39.4905
40.1297
39.3930
43.5064
37.3017
39.9010
41.7046
39.0026
43.0434
40.1649
41.5772
42.3336
41.9002
38.6072
44.5744
41.8870
39.9317
41.7891
41.8736
42.0774
44.4982
42.4259
43.9972
45.4611
43.9652
40.3437
38.4974
38.1315
37.4640
42.6456
39.8867
40.7623
40.1430
39.8262
44.7857
43.2594
46.6593
44.8345
52.6339
50.7999
43.1320
46.1532
50.5612
47.1605
45.3003
46.8113
44.7315
46.1543
49.9469
45.2927
41.7708
39.9090
40.2297
47.5707
44.2979
43.6058
40.7983
42.8054
49.3055
47.7369
46.6336
48.8177
48.0829
43.0968
45.8849
47.7591
47.7789
49.1108
47.6671
46.5360
46.7338
43.1368
42.0289
48.4366
45.0789
46.6080
46.0918
54.9264
55.8834
54.5015
54.6892
52.3763
59.2557
56.4601
57.5907
48.9370
48.9104
49.1283
48.1866
45.7737
51.9127
52.4938
52.5593
57.2453
50.0652
52.1691
50.1221
42.9094
45.7941
51.7629
55.5211
53.6831
49.2086
46.5920
45.9297
44.6214
48.8557
46.0811
47.8011
45.3477
52.7199
54.9384
53.7070
50.5695
45.9214
46.7820
42.4474
39.6600
40.0214
38.5987
42.8067
46.2211
43.5226
44.6715
53.9124
56.1293
55.7135
57.4957
53.7805
55.0550
54.4055
46.1215
47.8397
48.8301
47.0686
44.2999
44.7928
39.0382
56.1057
56.6845
47.8979
42.8406
51.0973
55.1735
49.8438
50.5799
51.7306
52.1838
57.0052
48.6723
43.9626
52.2007
51.0126
50.5755
52.4805
52.1972
40.3051
48.3752
49.4419
41.0361
43.1173
41.0643
46.5765
41.8572
37.1477
42.9941
53.1458
51.9064
48.7339
40.9748
47.4199
54.4966
53.5404
48.0096
48.6529
54.1982
50.0923
54.4297
57.0437
51.9825
48.2553
51.2653
49.9949
54.0320
54.0991
45.9524
52.6817
47.9834
50.8783
58.6647
55.1555
56.6684
42.0707
53.7024
49.0607
54.9941
43.8081
39.8238
45.4765
42.9331
41.5337
36.3468
40.9299
43.7199
38.7240
38.4408
40.9902
36.7622
37.7931
36.4955
36.5982
38.0442
40.5053
38.3509
39.3793
35.7414
35.6874
36.7471
35.9103
33.4803
35.8966
37.8660
38.9741
42.7193
43.5799
43.1842
43.0302
39.9226
37.2485
40.2684
43.5302
42.0697
39.6133
41.5909
43.3950
39.6213
41.5564
45.7608
40.9047
44.4175
48.6700
45.7956
47.9322
47.3884
47.6752
47.6399
48.1507
55.7186
55.6100
53.6419
45.8237
46.5718
53.0143
44.7479
44.9144
54.4538
54.8865
50.3032
50.1931
51.2353
50.5510
49.4175
48.7480
54.0629
52.2394
55.1570
50.5900
54.1069
59.5932
53.6645
53.1462
47.6526
51.7666
51.8950
52.7283
53.7217
51.5869
51.2028
59.8435
57.7977
51.8830
45.4617
53.2447
47.2312
52.0082
54.8514
51.6409
48.7232
51.4441
48.4296
56.5253
69.8803
57.4424
58.1846
53.3516
56.2166
49.5853
50.8543
49.5064
44.3000
43.9387
47.9082
47.1791
45.2755
49.2056
49.0279
52.0769
58.5286
66.1913
54.3987
50.6608
54.2709
52.4954
40.3414
47.9345
59.7150
61.3378
61.3894
80.8260
63.9850
64.8306
70.4416
71.0364
73.4321
73.8591
64.9946
47.4990
44.9085
47.7759
48.7655
48.0205
56.6558
61.8394
54.8078
60.5613
63.3625
43.5568
53.9937
52.9871
49.9214
53.8271
57.5841
54.0177
54.3060
49.0267
55.0737
44.8572
48.9001
44.3633
41.8357
41.9735
41.9951
44.2066
42.5561
39.3633
35.0058
36.6088
37.0715
38.1570
40.5886
41.4165
41.3408
39.4907
37.0178
41.5766
41.4328
40.9109
39.6398
45.7525
50.7252
51.1311
38.3308
43.9000
43.9508
49.1929
48.7326
52.0132
48.3510
50.3709
44.4712
52.1032
50.1223
45.0566
53.8272
47.3276
49.4586
48.3609
50.9671
52.3610
49.4319
51.0102
51.9043
48.0577
51.7344
51.4341
45.3766
54.4179
61.4849
59.3983
52.5783
53.4122
55.4334
51.4734
45.6859
41.6455
45.0311
42.8953
41.3306
48.4387
56.7585
51.1397
49.2648
48.2028
52.6080
50.3173
53.7627
57.8324
57.1218
51.0018
48.4567
43.5118
43.1492
48.3110
49.1163
48.5897
57.6801
52.4324
51.6588
51.4659
51.5451
41.9383
55.3454
52.6740
52.8936
50.3612
52.1366
56.2746
58.2514
55.8861
50.4129
57.2487
50.1605
52.8517
49.7794
49.2238
48.1320
43.3555
49.4501
50.8115
49.2337
44.9689
45.0251
51.5289
51.1397
46.6348
44.5739
52.6305
49.6202
43.8812
42.5231
41.6262
48.0080
48.3915
43.5683
40.5319
38.9402
44.5742
42.1866
45.7543
50.6692
48.6516
41.2989
40.7397
50.5102
41.9125
42.3192
48.8592
47.8711
49.6487
49.0291
52.5014
49.0685
49.3942
38.0723
41.3436
47.4640
47.2255
61.0214
57.6047
50.7168
47.2793
41.3378
43.4046
45.4403
45.6563
47.3657
51.6483
45.1498
45.7790
38.3247
36.7468
39.6294
37.6089
38.7294
39.0950
37.3343
37.5913
38.0362
41.4743
35.8318
39.0648
37.3759
38.7599
40.1769
42.8884
38.3430
36.7768
36.6325
37.7392
36.1302
37.7167
37.4299
40.7026
39.5577
36.9898
34.4376
38.3128
35.0084
37.7668
33.4540
35.3910
35.3909
36.3543
37.8598
37.0023
34.1821
33.6741
34.2735
33.6373
33.5298
37.4880
36.9179
37.3892
36.8937
35.7037
37.1879
36.4442
36.6516
34.7265
34.1796
35.9448
33.9960
33.9141
32.9942
33.5733
34.0998
34.0398
35.0858
35.0252
34.7211
32.7338
33.2688
33.2184
34.8163
33.5667
36.1141
38.4885
38.1199
38.0448
38.1025
35.9811
38.0601
35.9083
35.8909
36.1848
37.2323
35.9735
37.8807
39.2699
36.4305
37.6234
42.6956
36.3964
39.2135
41.4772
34.6260
34.0977
33.5769
33.7956
36.8945
36.5412
37.5567
36.2011
34.3738
35.9609
32.4548
31.6244
32.9234
34.8855
32.7220
34.2401
34.4465
34.0553
34.8103
36.8397
34.3612
34.9089
40.5439
40.6066
34.6426
47.6442
45.2779
49.8619
40.8981
50.0200
41.0224
51.3447
55.1818
52.4329
51.0376
56.3507
44.5008
43.2450
51.7625
45.8704
47.5812
44.9780
44.3037
46.8850
45.2130
44.2935
44.3772
50.4524
55.0895
46.7680
43.7325
38.6432
35.9950
43.4580
49.0375
49.4562
62.0853
61.6860
57.2142
60.6971
60.8204
56.0409
59.5341
50.2150
49.9294
64.3367
55.4601
50.8770
52.7549
42.2740
46.7040
39.5030
44.6190
47.9234
42.5446
52.0740
54.7179
50.6509
56.1919
49.5151
43.2413
42.4617
46.6165
45.9104
49.9307
47.9945
54.6045
61.4386
53.2647
61.7238
52.3697
59.7759
44.6659
47.3966
45.2655
55.3363
42.9415
37.3496
45.5163
41.4215
45.8460
46.2327
50.3369
47.8097
50.9706
52.1045
55.8085
47.9698
40.0897
51.4395
53.3340
53.1203
47.5039
37.1045
42.1454
43.2178
41.9227
45.6990
43.1276
43.5228
44.7834
46.8984
53.7957
60.8817
62.0105
52.8163
39.3259
41.5017
45.0082
49.7803
44.4495
53.4787
56.0662
54.3864
53.0755
49.3886
56.2323
52.9590
45.4924
47.1591
38.3838
38.6302
51.0832
48.9173
43.9061
55.6361
53.5066
43.7485
42.9428
42.8690
42.3908
41.4066
45.6702
37.6029
37.8033
40.5689
45.1775
44.5481
43.8743
44.7680
43.8349
52.0770
45.5763
42.7976
40.5455
49.0265
46.4806
47.0826
46.0929
47.7709
39.4676
39.2557
39.4740
38.4317
40.2675
41.4654
39.0129
45.4583
46.8460
36.2648
44.2009
47.2646
52.5227
58.3719
56.1147
51.3360
62.7738
42.0526
38.4328
46.0633
60.4010
44.3248
49.2235
43.0357
41.9258
39.9821
46.7171
43.1751
47.4689
44.5782
56.8571
61.9172
52.8760
57.5902
39.5729
40.4125
39.2990
36.6698
33.2387
35.7695
36.7169
35.6305
42.5307
39.7095
40.3600
53.3082
56.2760
55.2584
55.9997
52.2506
58.9697
62.0753
60.1393
61.3300
62.9646
50.1295
51.7195
53.0287
49.4009
51.6226
48.7962
53.6811
52.0989
47.4604
52.5687
54.8297
53.7468
53.5020
46.4759
51.8386
52.8657
61.8669
53.5835
48.5696
45.8228
42.8102
51.7286
47.6044
63.1348
57.7569
47.5657
46.7204
53.8466
47.3847
42.4968
38.7568
38.8075
39.1204
52.5802
57.3995
55.3386
53.9553
51.0042
50.7069
52.4735
42.4727
52.4858
57.0557
51.1640
62.2443
57.8171
51.0945
52.9146
45.7114
47.8829
47.7796
49.2478
57.3777
62.0165
48.4361
40.9512
46.5213
45.1506
56.3831
50.6187
58.1434
51.9943
49.8010
43.6353
41.3237
45.5006
43.8295
39.2747
44.1867
48.7734
41.2447
43.4494
44.2254
47.3095
52.0160
48.2250
52.7969
50.8881
46.4739
48.4962
42.7567
47.9028
44.8430
54.4241
55.5691
58.5936
55.4651
54.4481
56.3309
48.6056
62.3074
54.6219
64.2605
57.7160
57.6871
62.7522
55.2927
54.1563
51.6823
44.5226
49.7564
55.6363
44.1599
47.4659
47.5046
49.7617
48.1908
56.1328
49.9251
47.5688
52.7104
42.4987
47.7753
42.8130
38.7518
41.3495
42.5681
49.3721
50.9701
52.0260
49.6514
47.6798
48.8712
57.6852
53.6316
56.4193
48.5133
51.7645
48.8661
47.3350
39.9730
41.9696
44.5600
41.6702
50.8148
45.1200
52.8293
48.1115
51.3947
55.0728
43.9598
43.6296
45.8888
35.8975
45.5325
47.6571
40.6854
48.5885
50.6244
37.6270
47.1629
48.9646
50.7448
50.8478
43.5229
47.1592
46.9034
40.4422
54.9120
58.7672
54.1912
48.6199
42.1736
37.4716
36.4619
45.1592
47.0610
38.5164
39.5312
38.4860
43.9363
43.8128
43.2335
45.5008
41.8101
37.2143
35.9044
40.0670
37.0791
42.6983
41.4269
38.3434
43.3320
44.9156
40.9710
38.7244
40.4282
40.9971
36.9586
38.5627
36.4861
40.1558
40.4557
35.8166
38.7195
42.2500
40.9639
43.4109
37.8425
36.9301
42.1326
40.1000
41.8705
41.6466
39.6886
35.9523
40.1777
43.9828
40.2532
44.7321
40.0189
41.8094
43.7389
39.9368
42.3144
39.6464
43.7895
44.4073
40.5305
38.1289
35.5417
41.9647
46.5415
43.5235
50.0926
37.1577
46.2568
49.0337
49.4376
47.9238
44.5150
47.6645
54.4280
48.7065
45.1140
55.2527
51.6488
64.3969
49.6699
40.3623
55.5634
53.8964
61.2362
63.7534
60.9870
54.7917
68.9874
62.2319
56.5119
66.7249
54.0936
46.0271
43.2618
40.3792
42.4530
43.5659
42.7545
41.1988
47.8288
55.2315
53.1587
41.9761
44.7512
53.5527
42.5380
40.7305
47.2664
43.1577
45.1025
49.3870
48.9413
52.4139
49.9861
48.8499
43.9252
41.3805
44.6056
52.4775
49.4409
50.4796
52.1465
55.9013
60.0050
49.1737
46.2241
42.9176
48.0023
47.2126
35.4383
32.4437
36.6899
39.8419
39.7667
34.4934
35.8777
37.4499
37.5217
42.1403
40.9621
37.8608
42.8356
42.9700
39.7559
42.2094
38.1279
40.0394
42.4211
42.2227
42.2929
44.2505
38.3115
37.8863
38.2746
49.6468
54.2589
50.4460
56.0780
44.6255
51.6454
56.6824
58.1365
55.0772
57.8825
48.3856
52.6980
52.3112
52.7696
55.2753
59.8348
55.9475
53.5251
54.6727
46.8446
44.4208
40.3571
39.5087
41.3760
45.2961
36.5756
42.5745
48.0687
50.2611
62.9822
64.5757
45.1087
50.6144
53.3939
57.0073
51.8057
55.8559
51.5529
56.4894
58.9980
57.0760
57.0507
43.9844
47.8437
43.5510
43.8831
49.4080
49.7552
46.2238
49.9776
53.9325
54.0462
50.9980
59.9691
51.6180
56.0572
53.4967
58.3884
57.1634
51.6308
56.3318
54.6921
58.7566
51.3037
50.1988
53.5101
46.6170
40.6199
38.4421
39.7263
41.9550
45.5659
49.8280
48.6807
48.4915
55.5575
43.3538
53.7616
48.6539
45.2525
41.5435
49.7464
51.9618
50.7737
47.6229
52.1661
46.4515
48.2489
44.8346
48.9329
47.4389
48.4854
50.3164
65.3942
50.4548
57.2787
45.9441
49.8472
55.8215
58.6749
50.6428
44.6979
46.0374
50.8997
44.5491
54.4764
49.3814
50.0360
49.0987
44.6082
50.1545
49.1580
52.8806
46.7945
42.2907
42.8970
43.4289
37.5836
39.8601
42.0969
43.7394
45.5212
42.4615
40.7738
37.3561
38.9306
37.1865
40.2432
41.7712
41.5557
42.9994
42.8979
39.9007
40.9198
40.3807
40.3390
46.6487
40.9597
35.9443
35.9503
36.0008
42.1204
41.4215
42.9813
44.1991
40.0829
35.6887
37.9998
40.3723
43.7114
44.2074
40.6919
44.2037
48.3239
52.9140
49.5416
42.9688
47.8775
50.0802
50.3424
52.5298
53.3382
55.7745
55.6334
52.6298
59.4983
50.7285
43.5848
42.1794
38.1590
41.3054
43.3402
49.6523
49.4682
47.1388
49.4885
48.5749
48.8873
49.4244
49.8418
50.2853
50.2037
52.4293
48.6258
39.9923
54.9912
46.7213
45.5931
44.0234
39.3438
43.2248
41.0939
40.7896
42.9656
45.0688
40.6107
44.7837
48.2581
41.8334
44.6678
45.3242
43.6661
41.7255
41.2721
33.7862
38.9824
37.6494
34.4317
37.2784
33.3964
35.5893
39.5558
43.4174
37.8639
45.0508
44.4009
43.4509
43.4687
44.3314
35.5684
35.1195
39.4105
40.1614
40.3984
39.9948
44.4631
48.3871
43.8158
55.0056
55.9905
55.3288
49.5412
51.0336
49.7214
46.4262
47.6553
41.9830
40.6240
36.9979
38.8841
37.0562
48.0490
51.8003
50.3213
45.1471
44.0854
40.7005
44.9611
45.5588
45.2369
40.8786
52.4991
42.3801
39.6936
51.9958
47.6828
40.3497
41.0479
42.0740
45.0412
44.2237
46.9803
44.4278
48.5971
42.0462
41.1684
42.8558
45.9063
47.9230
49.0573
44.8205
51.8989
47.8585
44.6467
41.2701
39.6535
43.2544
45.2795
41.0053
55.6736
41.7468
44.7527
41.9911
42.9071
49.0814
45.8575
42.9061
47.2296
46.2193
46.9831
45.0894
46.1605
46.3757
49.2358
42.0594
44.8197
47.8358
42.9283
46.1479
43.3599
44.8494
45.3807
36.6918
37.7237
41.5548
37.3775
40.2025
38.0073
39.1416
37.3538
35.3944
36.1206
34.6868
40.9540
37.5481
39.0704
45.9233
41.2277
40.4948
41.8923
38.4844
38.2639
41.7147
40.2146
42.0753
39.0058
42.3137
45.8926
47.0428
47.2275
47.1029
50.3407
57.7261
53.4238
47.4691
45.1233
47.8389
49.2591
48.8511
39.8867
38.7988
39.5003
46.4948
43.2525
40.3323
38.4816
40.2705
42.8752
39.5919
43.9051
47.1311
44.7427
40.9877
43.6145
49.1566
50.0572
51.3951
49.3148
46.5449
52.7294
48.2200
52.8178
56.4424
56.1470
53.4536
51.1656
55.7409
51.7213
42.9364
43.6683
43.7924
42.1301
43.1414
39.4182
39.4685
34.0245
42.7032
40.8215
37.5189
40.4775
45.6737
43.1486
36.8570
38.3603
43.3226
46.5147
43.5780
38.3815
35.0965
35.6390
39.0765
39.3240
41.9080
42.1067
47.6609
51.4367
51.8808
46.1828
48.4412
50.7139
47.6245
46.1857
41.4825
54.8518
52.0467
49.1704
46.1066
52.4050
45.7591
52.4321
47.9385
45.5122
50.5910
46.6021
39.1772
40.4606
43.1127
47.7677
35.3813
43.6732
55.2325
49.1712
43.6634
43.4412
42.9853
45.2823
43.2596
43.8167
41.7488
42.3359
41.1798
42.7298
42.5483
43.0942
44.7561
43.3237
38.9137
40.4064
37.9809
43.2555
45.4008
44.2478
40.2161
38.6605
40.1932
42.0702
40.6799
50.4016
41.1216
43.2171
42.1673
40.1254
37.0715
43.6088
46.2570
43.2652
41.9967
34.8376
35.3136
34.2743
38.2762
41.7857
43.7952
40.7748
40.7041
38.4405
36.1142
37.4672
36.5571
36.1157
51.9484
54.7147
53.3231
39.4642
44.6704
47.7285
49.4530
46.5416
53.5743
49.6302
40.5207
46.7915
46.6385
42.9199
43.8947
40.9507
40.6910
38.2404
42.7896
45.4680
35.2449
37.9028
42.4031
35.7655
37.2398
37.1464
40.2963
39.6464
37.9619
35.0569
41.9407
44.6206
42.9820
45.9313
49.4871
49.1089
54.5962
60.4780
62.6856
58.2953
57.6845
63.9084
57.2300
49.4101
60.2969
48.5260
60.2460
62.3998
62.3757
57.4424
53.1423
47.8558
69.2867
48.9582
47.7658
40.2447
41.0649
56.6784
45.4828
60.9338
59.5443
61.9454
61.9598
56.9442
56.1723
64.0805
56.1635
52.9595
46.2143
40.6272
44.5092
43.4146
38.5073
39.0566
35.9262
37.9569
37.9594
48.9882
45.5753
47.6124
46.5931
43.9864
47.3108
45.9639
45.2766
44.0958
40.8508
49.2597
49.2971
46.4989
54.6654
53.7012
57.6663
55.6052
54.7105
54.1781
53.1043
50.4092
54.3851
64.7341
59.9211
64.0801
62.0420
60.1547
59.8496
63.6606
57.1092
56.7676
55.4528
60.5458
53.8295
48.9967
50.5145
56.7486
53.6037
50.2776
55.5517
54.3324
43.0771
55.8130
63.1504
40.8601
44.6708
46.4002
47.2693
48.6662
45.2813
45.4981
43.6147
44.1826
46.2255
58.4335
59.3807
48.5875
51.0478
48.0824
43.4877
40.8882
40.6665
43.4701
40.9062
46.0899
39.8777
41.8174
39.6506
39.0439
37.1203
38.0579
36.3312
40.0139
40.7781
39.9025
40.8184
43.0893
47.3758
40.1987
42.2679
47.9897
42.7759
42.4442
49.9515
43.4773
45.9028
42.1128
42.5309
50.9734
46.2574
50.7731
54.0544
48.8256
46.6030
51.6825
55.2860
53.8163
45.8627
52.6682
54.0326
42.9596
49.9593
47.0018
41.5717
39.9351
42.2885
51.3779
56.3444
59.5389
56.6158
47.5747
54.6261
52.0217
45.3703
57.0388
56.0397
56.6688
56.4894
62.8522
53.9566
53.4079
53.0190
47.8512
45.4992
41.7156
44.8110
48.7329
46.3965
45.5614
46.0171
41.7226
42.1900
47.1563
36.4836
41.1500
37.9430
39.3891
40.9547
42.3871
39.2838
39.9136
41.0117
41.0152
42.2764
41.9562
40.0776
43.4295
49.3032
45.3255
48.4541
39.9472
45.4683
40.9041
46.6412
45.8217
45.7530
49.8559
44.7447
45.7618
53.2648
51.7991
51.5072
45.0617
46.4964
47.2311
53.5405
49.4078
53.1951
51.0156
53.5602
50.8192
51.5744
48.2845
52.5465
51.5790
47.8540
48.5014
47.3673
46.0239
51.7739
52.2303
52.2470
48.1682
41.2632
44.1732
52.3290
50.5470
52.0520
51.2896
55.4878
50.5095
48.7559
51.5399
53.4422
50.8064
50.6789
48.2275
48.0640
49.8354
49.0375
56.1062
50.8734
53.6742
49.4305
53.6281
52.1856
55.6836
51.4416
49.5603
58.7947
50.3125
52.1353
54.6758
42.7602
46.8191
39.5887
43.0041
49.6097
48.0977
43.7359
50.5303
53.8107
59.6894
55.8753
43.8626
51.1635
53.0353
48.1771
46.3217
45.6089
50.5887
52.0391
45.3214
46.6582
40.0564
42.1387
39.1487
38.9507
41.6647
39.5588
40.1142
41.3267
38.8604
41.0468
40.9462
38.1556
40.7965
35.1139
36.9179
39.0329
38.5118
39.1430
39.2779
42.6422
39.4317
45.6119
39.4431
38.7629
38.4187
39.3169
36.0844
36.7598
35.6509
39.5871
38.9834
41.0142
41.3350
38.4111
41.9887
38.6102
39.6697
42.1623
42.1301
39.4265
41.9945
37.4781
39.6772
37.4544
38.6035
37.7917
35.8169
35.3767
35.3170
36.7834
40.2692
40.4983
43.1213
42.3031
39.7812
44.7943
37.1124
41.3775
43.7395
51.4282
54.4955
52.2516
44.2752
49.3185
44.7343
41.1238
39.6366
36.9688
44.3237
36.4267
37.1452
46.5727
42.1998
45.2524
37.8435
43.1119
40.1364
36.4522
44.8977
42.8154
42.9627
44.5525
44.2208
46.0453
51.9830
57.3575
58.8238
47.7086
51.1580
53.3285
51.6179
50.6330
56.4912
56.8847
47.1723
47.5675
50.9190
50.4712
48.3345
48.8378
50.9786
51.3337
45.1353
45.0196
53.2325
54.2810
52.3526
57.6761
44.7391
39.5211
39.1418
53.5434
51.1707
45.1701
48.8256
52.2132
47.0331
46.3753
61.6514
41.6276
44.0442
48.6569
56.9177
51.6906
40.8969
40.5992
49.0500
54.2375
48.7842
45.9724
35.1076
38.2968
39.3026
42.6340
41.1592
49.3204
47.6486
57.6907
52.3520
57.7794
47.4121
42.8678
47.7846
52.8752
55.3102
56.8694
55.8719
61.0325
44.8558
52.1737
47.0194
40.2244
37.7879
37.7371
34.7409
35.4400
34.4174
33.3483
34.4210
32.9482
33.2377
35.5685
36.2927
38.1664
36.8686
34.6683
37.1655
33.7799
33.7841
36.2612
36.5244
37.0720
36.0155
36.4421
37.5026
36.9338
36.1332
39.2308
37.7634
41.5112
38.0214
39.7683
39.8300
43.7588
42.8488
44.8281
42.9589
41.8571
44.5499
46.2314
46.2707
44.8059
43.0767
47.3505
45.8989
45.3668
45.1345
53.8375
47.5364
49.9815
52.5796
57.4337
58.4324
52.3747
60.6272
57.1788
58.7071
62.9030
58.5568
59.0481
58.8973
53.7174
59.1655
68.3693
51.2819
44.2399
45.5539
42.4862
41.3386
48.9587
62.6748
63.1266
63.6396
58.5834
63.3461
55.1867
61.9188
66.1240
67.2285
54.7736
71.0165
45.1883
55.7621
58.0785
66.7834
57.2255
58.2469
48.6337
52.8935
53.2912
51.7249
51.7731
58.7132
61.8866
50.3760
62.3570
59.1202
57.2021
57.1130
53.6891
52.9361
50.5443
47.9167
53.9817
53.6070
60.4824
61.9755
68.5502
67.9494
68.2523
66.6809
69.0806
71.4410
72.1024
64.1246
72.8441
70.0440
74.8361
56.4683
49.5896
53.0611
57.4198
47.3101
50.8861
55.9040
59.6299
59.6519
64.2632
57.7403
62.2390
67.4219
58.9439
52.2816
56.3083
59.9448
57.9023
59.4039
59.8060
49.3439
53.2208
52.3932
51.5200
50.2678
56.3280
58.1646
55.0645
65.1241
58.7424
54.4073
50.3307
52.9976
56.0227
57.7479
49.3454
47.0654
54.5994
48.8970
60.8000
53.9284
45.6242
49.3275
46.3935
44.3359
52.2799
43.0297
52.4180
62.5978
60.8916
66.0362
63.6980
52.3629
65.9416
48.4431
56.3000
60.3815
63.0704
55.9144
64.0946
52.3509
49.2179
45.1432
46.5070
52.2294
45.4071
51.5833
51.2101
43.6517
39.4205
38.2977
41.0824
45.1071
62.3300
51.0329
53.4679
53.9747
56.2048
46.9866
51.4459
54.8811
62.5034
60.6741
67.5530
63.7659
62.9029
54.0265
54.3205
50.6470
51.1972
45.2825
46.1678
56.0818
48.1169
49.0509
49.6597
46.5808
48.2687
45.1480
45.9277
56.8000
56.9802
59.6595
59.6034
49.0963
51.8686
57.9608
63.3518
59.5128
70.6415
72.1313
70.2398
59.3203
51.6548
58.7062
56.1109
53.2407
62.3395
55.4050
54.6545
62.3844
53.9756
55.6890
61.7821
70.3380
70.4464
60.6468
53.4440
51.8403
57.4602
57.5310
62.7321
48.8101
51.8829
47.9227
51.8003
49.1513
49.9654
48.0921
49.3250
50.6442
46.6336
47.7254
49.4468
51.6632
55.8470
51.1894
56.0755
59.5353
54.9531
51.9161
43.4666
49.2212
41.8308
42.7770
43.4298
48.1389
47.4804
46.0024
46.6230
45.7034
48.0174
43.5103
50.5258
43.5758
51.5055
48.4154
51.4804
47.7151
45.7686
41.4614
39.1584
37.9005
42.2006
38.3720
38.9110
47.0265
47.3049
39.6074
45.7772
46.9425
45.5762
50.5125
48.0707
46.3346
46.8982
45.0741
43.3563
41.2601
47.3509
45.3480
47.6753
50.3332
44.1962
42.6846
41.8318
42.8913
41.9330
40.6879
44.4157
43.7400
43.1885
45.3229
46.1169
46.4005
48.6764
49.9123
40.2163
39.3034
40.1846
39.5380
41.4989
41.6364
43.0994
42.1938
41.5365
40.3340
41.0283
42.9811
38.0493
40.6098
37.5294
35.7914
38.2914
39.3057
38.1227
42.3454
37.1787
35.3891
34.7716
38.2974
36.3752
35.8446
36.8352
37.6825
37.4831
36.1543
33.0073
35.2812
45.2731
53.3581
51.5019
51.2444
52.2896
43.9063
41.8275
38.2417
38.4210
41.1618
42.9279
44.1065
48.4702
41.4209
41.9343
53.4884
44.4152
47.4695
46.3742
41.7902
48.1651
48.3667
43.3192
46.9206
47.2629
46.6186
39.7067
41.0000
38.6097
42.1076
48.7257
46.1523
40.0163
42.1036
42.0670
43.6564
44.4676
42.8644
49.6486
41.6322
49.7446
39.8822
46.2273
42.8278
51.7653
38.1446
40.4125
50.4371
54.6202
42.7484
44.0177
44.3476
49.6507
50.1916
49.7199
48.4443
48.6609
39.3755
43.4684
53.4042
57.3545
61.9806
51.5779
51.7589
48.4336
54.2521
55.0847
46.9022
41.7680
41.4779
38.7302
36.5181
36.6931
36.7138
41.5397
44.1032
48.2367
46.2696
48.1530
52.8186
49.2036
38.8366
35.2687
43.0027
45.0409
39.4990
37.4162
37.5435
42.8927
42.8210
43.5869
44.3973
48.0601
48.4476
43.6451
41.1101
39.2326
35.1302
41.7264
38.8339
49.3447
55.8593
47.9846
65.0692
52.5494
54.7692
52.0726
55.6900
62.7464
51.0858
52.9867
55.9129
56.7905
49.4525
49.2557
58.9235
61.0564
54.1774
44.3001
52.2837
59.4555
55.3473
56.0657
49.7376
53.4297
48.8213
54.2385
54.7327
56.8162
53.4460
66.5752
47.9361
46.3151
47.1895
44.8334
41.7586
47.7213
45.6593
48.6047
40.9023
35.5792
34.3106
47.5821
57.2169
51.8970
52.5855
56.2097
48.1262
48.5823
40.1842
38.7829
37.2320
38.8952
43.0796
40.2693
38.9389
38.3891
38.4209
41.9658
42.2675
37.7313
38.0520
37.7258
39.1175
39.9310
40.1237
37.2314
40.8905
43.3807
44.7016
46.2509
42.9534
43.6234
41.8341
45.7879
45.1117
37.3494
41.8767
39.6298
40.9315
37.2305
40.7650
46.5251
38.4439
47.8778
49.2348
46.7715
43.2464
39.4528
40.7118
42.1526
41.1166
38.7166
41.5797
40.7600
37.6175
43.7431
46.7586
38.3894
36.9278
35.1566
37.0322
37.8848
38.7053
38.0306
42.7807
43.7876
41.2256
40.7186
40.8791
40.2343
48.5176
44.7888
44.5085
44.5925
43.7920
41.1966
40.8608
44.5341
48.2080
47.7399
50.6334
42.1603
42.4319
42.3503
43.3143
44.7883
56.5135
48.3789
47.1469
44.4580
50.3499
44.4951
44.5375
42.0506
44.2511
50.5636
43.9065
46.0715
43.9728
43.9490
48.4620
45.0776
51.9368
49.6408
49.8697
49.9048
49.7604
54.9541
51.2436
45.5562
45.1094
45.4480
47.8599
46.9978
47.7484
51.2898
52.8961
54.0431
50.2193
49.1508
46.4022
44.2689
46.5895
44.7530
46.6561
46.0180
50.6285
57.2039
51.6003
43.7014
53.9007
54.3057
55.2631
54.8288
59.3473
54.2065
57.9848
53.1290
50.5706
55.1406
58.6937
61.9259
53.3684
55.3092
55.9375
48.6846
50.4486
42.3426
41.4906
39.1266
48.1791
47.2203
41.3804
47.3512
47.9286
42.4810
46.9571
47.6592
54.7317
58.1968
60.2258
64.0945
58.9649
55.6908
52.9890
54.5576
45.6159
49.6118
47.4445
38.8657
44.8594
39.2145
46.6354
49.3582
45.1590
44.8865
36.7632
34.1361
54.7501
47.2887
41.6904
46.6507
38.5473
41.5295
48.0191
45.8753
47.8346
51.5509
59.0846
53.4243
46.5761
48.8418
42.8811
43.2503
48.8506
47.0779
38.4988
40.0755
40.8228
35.8664
41.8999
33.5481
43.2681
41.1792
45.9530
48.9740
49.6462
49.2716
51.9379
49.7207
48.4599
61.7438
61.2923
60.3795
52.3492
51.6551
46.0818
55.2879
57.7894
52.2301
52.7508
51.4844
55.2728
47.5120
50.5719
46.5483
55.5808
55.9497
50.6481
47.1196
49.9699
59.9736
56.7707
52.7515
51.2300
49.7059
54.4016
46.5403
48.2626
44.7075
40.4685
40.3825
46.2409
48.1323
58.3219
60.4771
58.4484
56.3545
57.9427
58.6934
51.3379
51.0494
64.2365
56.3955
54.9907
52.2538
55.5658
53.9359
63.9191
50.8560
54.2739
48.9893
47.9396
48.5012
62.2129
54.0385
55.0784
47.0358
47.2842
47.4871
48.4315
51.8425
50.4492
51.6125
48.6555
50.1612
50.4134
51.2379
46.2590
52.0839
46.9039
48.7919
44.8111
49.6161
44.3689
50.0840
46.4597
48.1609
39.4418
40.6068
38.8339
40.5689
38.4010
41.1974
46.7768
37.7852
39.7422
39.0990
41.9520
40.6365
40.2549
45.7894
38.6827
40.8946
41.8484
45.9833
41.0046
39.6170
40.8878
45.5918
40.9497
37.3117
42.6165
37.8899
38.0022
38.3741
37.6498
45.8302
44.0923
41.5338
41.3038
46.0147
45.3577
50.9399
53.8567
45.9024
47.7692
51.2000
47.5973
49.7242
43.3521
44.2792
45.3333
46.2938
51.3837
47.5851
52.6553
48.8429
46.1293
47.5747
45.8454
40.9545
38.1671
34.7530
37.2146
37.6240
40.5740
38.5478
38.2392
44.8015
43.6492
46.2432
42.6604
42.8497
49.0619
47.0413
47.2137
50.0612
42.8238
39.8201
43.8884
48.4200
44.0504
39.4304
46.5051
41.8481
42.4617
41.6908
40.4151
36.2732
43.5164
41.4613
43.0304
39.8703
41.7032
40.1268
42.1513
41.9072
45.8344
54.1303
49.0991
52.5525
51.4069
56.4573
56.8399
55.6011
49.9397
48.7580
48.0423
41.7622
39.3470
39.4078
42.9954
45.1481
41.0399
37.2104
43.1745
39.2248
40.5289
41.1536
42.1152
46.7872
56.3678
52.4750
43.9181
45.2295
52.7084
53.1093
46.1721
41.4583
45.0720
44.5855
47.0893
45.4962
46.6883
42.5393
42.9780
50.4041
51.1935
52.3373
53.1472
51.8033
52.9903
62.8282
47.8787
50.5554
48.0295
46.2443
49.5829
43.4597
43.8462
43.6810
42.3024
41.4404
36.9098
38.2545
37.6257
41.2150
49.7221
42.2859
46.1147
47.7748
51.0712
49.5666
48.8294
45.8040
51.5958
51.9978
47.8376
48.4141
48.5978
48.2971
43.4945
41.0429
55.2862
42.1545
42.7792
40.3806
46.2026
43.4326
47.2128
48.0611
45.1548
48.5050
41.5019
41.0479
46.8318
46.1560
46.7043
51.3998
49.7745
51.6896
49.8020
48.4858
51.3662
55.8767
56.7208
58.0712
56.8268
59.3802
57.5839
51.8416
53.1799
50.1852
53.6244
48.2466
53.9567
49.7314
43.6583
44.6933
46.4969
46.9531
46.6666
51.8377
44.3556
43.0997
47.8202
47.0583
43.3087
38.1105
40.3786
39.6055
41.2051
41.0623
44.8974
40.4434
41.7033
44.7082
49.4171
46.6801
46.3578
46.2178
41.0924
39.8353
37.3526
34.9007
40.0017
39.8275
53.8643
49.6296
39.8043
39.0246
38.7990
41.4703
41.5098
38.8842
36.1494
35.4900
42.2325
39.8300
40.1277
36.8336
42.7650
43.2449
42.0109
45.5571
41.8333
45.1219
45.7453
46.7165
41.8550
39.4734
38.9457
41.9840
42.7998
42.4837
42.1534
44.3375
37.3449
46.6889
43.3829
37.4849
38.5697
37.9790
44.1207
45.2345
40.5413
41.9453
38.5071
45.1082
42.4026
38.7166
42.8355
40.7706
41.5977
38.2897
42.5470
35.3347
39.9082
42.1022
51.9649
48.0554
45.8443
40.3915
48.3429
51.1391
37.1208
41.8993
45.2789
47.0128
53.0730
50.0354
48.8627
45.1455
43.9916
44.0171
46.5642
39.7116
43.9215
37.2263
35.5472
36.9633
38.0408
36.9143
36.1237
35.4519
33.0676
41.1817
39.5044
41.9156
38.7622
43.0632
39.3015
38.4355
45.4258
37.4633
38.9349
49.6328
49.5147
45.8549
48.0984
46.9968
56.3786
55.1184
44.4232
43.1183
43.6269
48.9072
47.1456
51.9867
47.3892
51.5163
47.4333
46.2382
47.6111
42.7291
43.7407
49.1048
48.1710
43.5028
50.1913
43.4553
43.8844
45.4108
48.2380
47.4841
51.8183
52.4825
52.7837
54.4089
52.9739
52.8941
51.9085
52.7539
58.8321
62.5844
52.7576
54.1257
46.0894
56.2803
40.5617
42.7345
40.5191
40.5501
39.5637
41.7148
40.6829
39.2393
44.2505
39.8991
39.2962
42.8141
47.0413
45.0413
52.3582
50.7862
48.1244
48.9196
48.6414
47.4080
46.8143
47.9533
48.4572
47.0200
48.1053
48.0342
47.4495
47.3214
47.2010
44.2636
44.9099
44.2516
45.4630
43.9291
45.6914
48.4395
49.6007
50.2182
48.8162
39.3594
45.0254
47.8967
47.4162
48.0657
45.9559
45.8420
41.8663
38.8588
39.7651
38.0552
41.1139
40.3315
39.4179
41.7030
48.4443
51.2266
48.0299
49.1144
48.7853
42.5687
42.5113
40.8859
46.5466
51.9327
45.6585
39.4348
49.5567
51.3118
44.4235
36.8827
42.1744
43.5195
46.0755
41.9428
41.1728
39.7736
43.3359
42.5456
41.4335
37.6881
42.2544
42.9324
42.7725
41.6326
40.0573
39.4732
39.8975
39.1043
51.2791
52.9339
54.8668
56.7173
58.4785
57.3094
58.3612
46.0198
50.0733
42.3202
44.8549
45.5001
50.0700
46.6053
47.6022
53.9481
56.4450
57.3930
47.5151
61.4162
51.3592
49.8616
56.3554
47.6580
42.4527
46.2975
41.6586
50.1649
44.3766
46.4564
48.0312
57.9649
40.7467
35.8500
36.2338
38.4350
36.9468
39.0610
36.9232
36.3651
39.9796
37.0747
36.9504
35.3249
33.8150
34.8107
36.3102
42.6842
42.3523
39.4595
47.3267
38.3526
43.1319
43.6510
41.5903
44.9445
42.2145
43.2929
57.0756
55.5335
51.2058
46.7828
47.3699
47.8528
48.9689
43.6726
40.1641
46.5172
50.3608
47.3031
47.5493
40.9830
40.5594
44.4104
49.9761
57.1116
54.9308
57.1522
56.5447
51.4297
48.8157
47.8134
44.2306
49.3540
41.7792
48.1159
51.8628
47.9903
52.8399
52.0127
49.5916
52.1835
54.1066
39.5746
45.5329
47.1536
46.1266
48.0453
47.0053
49.2096
49.2448
44.9841
48.0302
42.7798
46.1098
36.5587
45.3077
55.0546
47.3710
53.7507
49.8080
49.7835
49.7697
49.6249
43.8352
50.0624
41.2267
52.9334
53.4422
55.6130
46.7640
45.0577
39.6768
42.2134
37.1562
41.3079
41.8989
40.1415
33.8046
35.5931
38.6252
37.8826
34.8382
38.0065
38.0363
34.8375
42.3449
44.7945
49.4505
50.7645
46.0611
48.0409
49.8137
54.0340
59.3631
52.9569
39.7167
41.3594
42.9479
39.3092
40.2371
36.7322
35.9424
36.4938
36.3512
34.5676
35.2465
35.6755
33.5524
35.1948
32.9602
34.2456
32.1956
35.3663
34.8361
36.8513
34.6476
35.8183
39.1024
42.8933
38.5529
37.0415
41.8538
38.2787
38.1116
36.7719
42.3739
39.4702
42.1045
40.0946
38.8097
38.7851
38.2010
40.6009
37.7962
38.8007
37.2133
41.0053
40.9332
40.7868
41.2026
45.3817
50.5181
45.0479
44.3291
42.4146
41.4691
49.8809
49.0857
50.1095
45.8717
50.7894
50.0735
52.6306
47.6402
54.3612
48.4293
46.5846
49.3631
48.7292
51.7368
39.3382
44.7581
50.2515
56.9722
47.4980
46.2389
56.0884
40.5487
46.3050
44.3426
48.4773
45.3127
45.9402
47.9383
52.8437
41.4354
41.1263
40.1329
40.4462
37.9132
43.3362
39.6499
40.6956
39.2921
39.8370
41.4082
45.2042
44.6254
42.7794
43.0081
46.8536
48.6467
43.8068
43.9914
40.6284
48.4378
47.4374
45.2171
47.6565
40.4072
36.0562
48.9286
57.9115
43.0275
46.7915
41.7212
42.7991
48.7396
49.5636
40.3297
41.6581
54.6908
50.7205
56.5432
52.0247
50.5780
48.6691
54.0800
46.3126
48.9288
41.1371
45.0849
43.1958
45.9000
45.0252
49.6820
48.7680
51.2188
52.9759
50.9406
53.9982
51.7202
46.2409
46.9611
40.7033
42.0371
40.5712
41.8942
43.2728
43.1450
39.9832
39.3338
42.3374
39.4406
39.3655
39.3675
38.3654
36.1385
35.7291
39.7046
34.1609
35.3643
43.0865
44.8978
41.0714
39.0311
41.0218
42.7284
43.2063
38.1940
39.8998
39.4458
39.4600
40.5337
40.6498
39.1310
39.0800
40.2703
39.9658
37.3021
39.1143
39.3289
39.1922
38.0891
38.0605
44.0290
48.2945
50.2142
48.9441
45.4064
40.8690
37.8980
37.1322
37.8468
35.1864
38.9790
38.7898
42.8303
38.6539
45.1079
41.7396
39.3513
36.8090
34.5578
37.2819
38.2082
41.6078
42.0152
52.9824
49.8702
47.2804
48.9228
45.3752
42.0070
39.3919
40.3876
40.7315
44.3043
45.7281
49.0876
47.0065
44.5503
51.9182
48.7884
49.8954
48.4394
50.5265
52.7642
50.7296
45.1128
56.0122
51.8267
48.6457
52.2303
53.2959
50.2080
40.7451
33.7857
38.7535
35.8797
44.5037
46.2120
47.5013
45.3230
40.7143
53.2536
52.4759
46.0868
46.3920
52.1661
63.7093
59.6962
63.6278
62.7123
45.1073
37.6904
41.8294
55.8476
61.8250
62.2808
51.7840
51.8233
38.7716
49.4084
49.6078
46.7473
58.1278
53.6007
53.7194
52.1971
49.0884
51.7972
47.8534
41.8231
46.4816
46.3363
50.3559
47.1972
49.1469
53.3282
52.7972
48.7502
56.9272
62.1538
60.7611
63.6021
59.2942
57.2337
55.5260
53.9185
60.0667
47.5368
51.5884
55.9040
53.2821
60.2859
59.1711
43.1328
44.8954
57.5124
49.5318
47.9755
47.5368
56.9341
56.7440
54.8487
45.5570
39.9505
36.5792
44.8682
44.2654
39.7949
42.1495
38.2158
48.4795
48.2711
38.0867
43.1959
40.3093
45.3742
48.6094
39.5854
41.1494
38.7632
41.1129
39.6261
40.7167
57.1963
54.3225
51.5057
45.7206
44.3717
49.3038
46.7877
50.7398
54.1173
62.5316
60.2246
51.6331
51.2542
44.4631
40.5321
51.2061
44.3495
44.3557
45.5375
41.9757
44.2550
49.9233
44.7652
42.2911
43.2822
55.6074
46.8711
42.5541
38.6693
39.8498
42.8512
40.9802
39.8017
38.6448
36.1298
38.3052
43.2984
37.9600
37.9354
38.9706
38.2956
40.8619
38.2913
38.6606
38.7191
40.8099
40.9350
44.5434
38.4068
39.7403
37.8158
39.0431
45.7848
44.0638
39.4446
41.9745
48.3139
42.9773
44.9483
41.4578
43.8958
48.8342
44.8936
41.8428
41.6372
42.3412
42.6434
42.1192
50.5347
48.3211
52.9362
50.6120
44.6217
48.5960
45.4729
47.2736
43.6702
47.0437
41.0599
44.5679
41.8772
42.0626
41.4605
43.3781
48.1387
43.3611
43.6282
41.6200
44.7382
44.4267
41.4508
42.6264
44.7309
45.7367
46.5001
48.4464
46.6510
43.7028
39.1463
47.4420
43.2006
46.9901
46.3811
49.3575
39.9271
41.7561
48.0252
43.2057
43.7940
56.8472
58.7582
57.1749
50.0469
52.6992
52.8966
49.3423
51.7681
60.3349
59.4250
63.9615
52.2684
45.2098
54.6275
49.3997
48.9909
52.2264
51.0642
51.8166
47.4094
50.4849
51.4470
55.1140
49.3450
56.8288
57.6215
58.5051
62.5931
46.6234
51.8100
40.5537
41.7304
50.4588
42.1054
47.1441
48.3233
42.4268
46.6747
43.0470
49.6036
46.0146
42.4403
41.2123
49.3390
46.2431
43.0815
33.9732
34.3238
44.9765
44.2027
42.3866
39.7848
35.7825
35.9056
41.8043
46.7783
36.2721
37.9587
43.3379
45.9471
46.6866
49.1399
49.2240
46.0081
40.8772
40.0275
44.8153
53.1210
49.7716
46.8513
47.4410
50.9945
48.8598
45.7113
57.4082
54.4635
61.7881
53.5973
59.5856
42.1122
49.5825
54.6013
52.7780
52.9958
47.5012
53.9967
50.7067
54.4374
56.2344
56.5777
47.6662
38.4723
43.7279
52.5563
57.9209
56.0391
57.6684
56.2863
49.3162
48.6379
45.6841
59.6139
56.1854
53.8437
50.0839
61.0213
54.2572
49.6515
59.4575
44.0246
49.4220
53.1190
50.0095
53.6604
57.7423
45.1198
59.2413
39.8162
54.1194
37.3654
45.2846
46.0603
62.1842
43.9691
39.7713
49.7677
41.9783
51.6424
44.0269
51.1833
51.7268
48.0291
59.1637
52.5112
59.9905
67.1922
46.6940
44.7681
44.3730
55.4147
53.6468
48.4368
61.6578
55.2005
67.1528
50.8446
52.7927
48.9639
42.3542
36.9730
39.0685
41.1758
51.8218
55.8408
51.8456
51.2627
62.3550
49.6324
58.0508
50.5350
56.8913
65.5929
55.4264
63.2588
60.4220
58.8676
55.0312
56.4311
53.5796
53.1316
53.2510
56.2542
56.5675
59.7753
65.4180
67.2149
55.1529
52.1359
52.6083
49.1110
50.6157
39.8221
42.8041
37.7687
44.4300
37.5933
48.9619
56.2717
55.8858
51.0729
47.6068
52.1017
42.3144
46.8167
47.6886
45.9029
47.2446
51.9629
56.6534
57.3135
56.0496
51.3772
46.5217
53.9164
61.1897
56.3691
58.1545
