0	0.0000
1	5.0531
2	7.2104
3	9.5213
4	11.6538
5	13.6411
6	15.4985
7	17.2355
8	18.8546
9	20.3943
10	21.8642
11	23.2626
12	24.5955
13	25.8598
14	27.0817
15	28.2493
16	29.3739
17	30.4443
18	31.4737
19	32.4605
20	33.4090
21	34.3188
22	35.1942
23	36.0370
24	36.8530
25	37.6414
26	38.4045
27	39.1398
28	39.8550
29	40.5475
30	41.2282
31	41.8851
32	42.5327
33	43.1631
34	43.7820
35	44.3875
36	44.9831
37	45.5688
38	46.1452
39	46.7142
40	47.2744
41	47.8274
42	48.3723
43	48.9089
44	49.4365
45	49.9584
46	50.4797
47	50.9942
48	51.5015
49	52.0033
50	52.5028
51	52.9966
52	53.4830
53	53.9684
54	54.4553
55	54.9411
56	55.4247
57	55.9055
58	56.3885
59	56.8675
60	57.3456
61	57.8214
62	58.2895
63	58.7577
64	59.2193
65	59.6786
66	60.1327
67	60.5817
68	61.0287
69	61.4660
70	61.9000
71	62.3248
72	62.7471
73	63.1682
74	63.5846
75	63.9969
76	64.4017
77	64.8002
78	65.1910
79	65.5781
80	65.9576
81	66.3298
82	66.7019
83	67.0689
84	67.4272
85	67.7791
86	68.1292
87	68.4820
88	68.8371
89	69.1890
90	69.5344
91	69.8859
92	70.2301
93	70.5773
94	70.9247
95	71.2741
96	71.6206
97	71.9688
98	72.3131
99	72.6630
100	73.0147
101	73.3697
102	73.7255
103	74.0899
104	74.4535
105	74.8158
106	75.1841
107	75.5525
108	75.9276
109	76.2958
110	76.6664
111	77.0487
112	77.4359
113	77.8288
114	78.2225
115	78.6159
116	79.0071
117	79.4028
118	79.8026
119	80.2081
120	80.6117
121	81.0158
122	81.4134
123	81.8136
124	82.2095
125	82.5993
126	82.9836
127	83.3537
128	83.7150
129	84.0767
130	84.4395
131	84.7998
132	85.1551
133	85.5014
134	85.8381
135	86.1664
136	86.5120
137	86.8458
138	87.1824
139	87.5143
140	87.8450
141	88.1853
142	88.5234
143	88.8706
144	89.2241
145	89.5752
146	89.9338
147	90.3013
148	90.6753
149	91.0596
150	91.4558
151	91.8631
152	92.2801
153	92.7022
154	93.1287
155	93.5633
156	93.9933
157	94.4209
158	94.8483
159	95.2704
160	95.6847
161	96.0949
162	96.4975
163	96.8948
164	97.2862
165	97.6761
166	98.0498
167	98.4228
168	98.7914
169	99.1545
170	99.5146
171	99.8664
172	100.2084
173	100.5485
174	100.8888
175	101.2245
176	101.5605
177	101.8871
178	102.2146
179	102.5301
180	102.8456
181	103.1517
182	103.4566
183	103.7628
184	104.0568
185	104.3495
186	104.6500
187	104.9455
188	105.2525
189	105.5876
190	105.9400
191	106.3039
192	106.6949
193	107.1068
194	107.5332
195	107.9730
196	108.4230
197	108.8837
198	109.3457
199	109.8160
200	110.2768
201	110.7274
202	111.1795
203	111.6298
204	112.0791
205	112.5292
206	112.9694
207	113.4075
208	113.8386
209	114.2649
210	114.6827
211	115.0766
212	115.4571
213	115.8141
214	116.1427
215	116.4430
216	116.7283
217	116.9925
218	117.2841
219	117.5714
220	117.8280
221	118.0735
222	118.3219
223	118.5549
224	118.7782
225	118.9990
226	119.1911
227	119.3482
228	119.4927
229	119.6103
230	119.6913
231	119.7109
232	119.7259
233	119.8210
234	119.9550
235	120.1671
236	120.4453
237	120.7372
238	121.1160
239	121.4998
240	121.8787
241	122.3899
242	122.6763
