36.6884
40.3907
44.4107
45.2954
41.8594
41.4192
44.9228
42.5867
40.7555
40.9268
42.1839
39.9650
42.9741
40.7741
45.4059
41.8221
47.7467
47.1623
55.0702
50.0997
42.7937
43.3776
37.9170
37.5391
37.1272
36.6592
33.8161
40.0370
42.2443
40.2486
44.6875
39.6932
43.5657
43.5493
40.1924
47.4855
49.5921
41.1390
44.6931
47.7752
45.4145
44.5378
47.2323
45.6398
47.1209
48.4824
43.5831
44.5432
45.0343
47.5303
43.1244
45.1028
44.2713
47.5335
44.7659
46.3480
42.1141
44.3976
50.0516
48.9833
47.0334
45.5025
35.6359
34.6956
36.7484
38.3660
41.5456
41.9926
40.0603
43.0506
46.6244
40.1443
41.4112
39.5202
45.2609
41.0247
38.3516
40.6717
47.7693
45.0431
41.1437
40.9555
43.5757
44.2666
43.1452
40.1582
43.1539
42.3169
45.4057
43.5823
45.6979
44.7198
42.0868
46.1079
40.6384
37.4738
38.9698
41.8847
47.4105
42.1994
42.0358
42.8694
47.1715
42.8826
49.8245
48.7247
46.8961
41.9759
44.7603
49.1488
39.2982
46.0377
42.5837
44.0583
48.6543
49.9477
47.7901
48.7253
48.9938
43.3939
44.3465
51.1482
60.1364
61.8876
64.1709
55.4328
56.5559
52.3126
58.9484
69.9880
58.8013
54.8151
57.6144
57.2686
52.1626
54.5315
50.6488
49.3228
43.2392
47.5124
57.6877
51.2235
44.0153
59.1197
46.5137
46.5277
45.7266
39.2901
40.4922
45.1112
54.4279
59.7433
43.5536
49.9619
48.3500
44.3717
51.9808
46.9085
54.2574
59.2089
54.0748
49.1028
51.7373
56.9726
60.7971
59.1027
58.1380
58.9874
55.4181
52.6183
57.5524
46.9801
48.8484
44.5927
49.4854
46.4876
49.6326
44.9250
38.9668
42.8758
44.5975
43.2026
43.6571
43.6317
49.5223
42.4173
56.9130
55.6103
58.6825
60.7695
62.7763
46.2423
47.6628
53.3297
52.2638
57.0984
48.7181
49.5771
55.3246
56.3529
46.4020
53.8025
45.5130
59.9282
58.9865
56.6491
54.5982
54.6199
54.1687
55.1006
66.0852
59.7943
49.5556
50.6919
41.5005
53.3217
53.5599
42.6554
51.7233
52.1523
48.5406
51.8307
52.3974
51.7832
57.3587
56.7105
49.3927
49.5336
45.3332
47.2672
46.3092
54.6759
48.9460
51.0924
45.8528
56.3918
52.8557
53.5672
66.0792
66.1019
66.6421
65.3061
58.6136
58.6880
71.1604
61.6335
55.5105
47.6192
44.4566
47.0170
52.6764
56.7645
52.3116
41.9461
44.5712
38.3073
58.1043
57.2897
62.8876
54.7367
57.8271
42.8726
53.3813
52.5350
51.4101
52.7011
50.9594
46.7372
53.8874
64.5943
60.0826
60.3959
51.0331
45.4992
53.3778
45.1549
38.1259
55.7719
56.8931
51.0302
50.7212
48.9474
53.7566
48.5692
55.0694
55.7089
38.1606
39.9809
39.4063
39.7573
43.8959
48.0531
48.9848
45.5159
46.1817
42.8049
44.4128
50.1705
46.1026
52.4433
59.1849
56.5765
59.9291
60.8014
42.2202
44.2732
41.9119
41.7354
42.8093
39.3867
58.3072
49.8967
52.0454
50.1967
52.5138
49.3446
52.8104
50.6456
52.1027
55.6945
59.1028
63.2512
48.7094
52.3205
49.6249
46.3846
49.4816
53.0501
46.4609
42.2839
44.5251
46.1187
42.7891
42.3317
41.3773
40.8777
41.8590
43.3791
46.5260
40.8781
42.6679
50.3026
59.3271
65.2279
53.9900
60.4884
58.8291
62.9868
55.9341
55.8530
52.2430
49.1161
53.3714
53.8892
51.9631
51.2299
60.0453
51.3754
50.1974
52.1612
45.2741
54.1250
53.3212
50.0149
48.9572
43.5213
48.1185
59.6690
57.8838
56.9403
54.6810
55.7800
56.9687
57.0243
59.8283
54.0459
63.8640
53.2847
56.1648
48.8530
48.5765
48.3689
43.0087
53.2038
41.5290
37.9432
40.3289
45.4493
41.2957
42.1570
41.6254
42.9545
42.9044
37.1671
42.1260
47.7679
43.2289
45.1671
43.9979
49.1631
48.3023
55.1030
71.6257
64.9844
63.0826
56.0281
52.1351
42.9407
47.8917
51.2664
52.9935
52.9203
54.1511
54.8610
51.5857
48.6161
56.6796
56.7164
49.0583
46.1099
63.6471
53.2697
45.0570
39.9232
48.7174
48.3374
46.4689
44.9873
39.9708
39.7595
42.0558
44.6467
51.1421
50.0673
50.3370
56.3039
56.2236
54.8611
50.3843
43.3002
43.2938
54.6092
50.8420
52.2697
44.9106
49.9208
51.2527
50.7250
51.4440
47.8693
53.1949
54.3023
47.6350
55.4206
57.7702
54.4472
60.2277
59.0274
56.8573
53.4515
57.2719
53.6019
49.7708
50.2899
42.0253
41.2743
48.0102
56.9455
60.7873
45.6456
48.3471
54.9514
50.2596
53.4349
51.9898
52.9130
57.5854
47.0616
40.7366
37.4000
41.1055
49.0264
51.2871
48.4028
45.4892
34.4919
38.5197
40.5287
42.2869
44.4894
46.0417
41.4807
40.7674
51.4014
51.5888
41.9716
43.0995
39.2815
41.8855
38.3696
46.9938
52.5417
43.8494
46.8421
40.5485
49.8106
41.0205
44.4658
42.0137
33.8112
39.1172
42.8500
39.7429
37.4254
37.8994
41.2087
42.4345
41.9618
46.3904
45.9843
45.2376
45.1252
41.3481
41.7361
43.0100
41.6299
45.9480
50.4645
41.6962
45.5159
39.2669
43.7694
45.2389
46.7531
41.2504
40.7981
43.5182
42.3423
45.1666
44.0572
47.1561
44.0607
40.7173
35.8222
35.2924
39.1295
46.3978
50.9503
52.5481
53.7165
43.6466
48.3710
44.1298
58.8853
51.6851
56.8769
51.0070
44.7982
40.9776
53.4200
53.2518
55.7726
55.3359
46.9922
51.8184
53.5943
56.6142
48.2244
47.3977
43.7385
42.3922
41.6058
43.6213
39.7735
48.0825
53.4250
50.5794
44.1326
54.1958
46.4847
42.0212
43.7595
39.5536
42.0340
43.8166
40.1140
38.3643
38.5444
41.7171
38.6942
36.6500
40.3256
41.2074
46.0988
46.0211
46.2262
40.2265
40.5641
42.1759
45.0559
42.1045
41.1019
40.9531
39.3883
38.7884
39.1570
39.0218
40.6716
40.1954
44.5500
40.3727
39.0006
38.0582
37.8824
38.8219
39.1980
38.5235
38.5192
40.5848
44.4087
40.3547
37.7986
39.5604
39.1616
39.5020
40.6484
45.4307
40.2045
43.9779
40.8598
40.0369
37.8224
42.5207
42.6608
42.9023
41.5058
42.1186
41.7390
37.8438
38.3713
36.0559
40.1441
38.4708
40.1032
43.8552
40.9066
40.8027
38.0028
41.9733
46.9813
47.8106
47.9649
54.8433
55.8541
59.7707
52.7125
51.1869
51.1985
57.1815
54.0838
47.8360
51.2009
63.3632
51.4990
51.7576
53.4946
46.2535
47.2254
48.2072
45.6925
46.0115
40.4581
40.5875
40.5678
41.2870
39.9421
43.1839
51.6038
42.5159
43.7568
47.3666
39.4846
42.7759
48.6167
42.4747
44.7882
43.3223
42.4758
44.7942
44.5849
42.8954
44.4675
39.5406
38.9055
43.6973
44.8371
41.5574
39.9215
45.2965
46.0638
45.3424
51.2930
52.7719
46.4150
50.4493
46.5237
45.0696
45.9422
42.6667
48.7120
46.3487
47.6892
48.9783
48.7470
40.5843
42.8680
43.8011
47.6287
49.3367
45.5715
51.3283
42.9536
46.9550
46.2965
46.7203
44.9522
46.8874
47.6296
46.6495
50.8251
45.9194
50.3991
49.1149
44.5863
49.6805
46.3371
47.2044
48.7736
44.2209
44.8445
43.1819
48.0409
44.1706
44.7829
45.0754
44.4842
40.3246
41.6049
41.6077
44.3266
41.5132
36.5742
43.2192
37.4133
39.9547
40.9218
39.9944
42.5099
40.9082
46.5611
46.8675
46.2883
43.1547
44.3542
43.9847
41.0262
44.3810
40.7235
46.3255
42.3451
39.1970
39.2471
38.8708
35.9059
37.2720
42.6434
38.5768
36.8388
39.2922
38.0057
40.5632
37.5889
38.0922
39.2885
42.3971
47.0279
38.6706
40.3483
39.1025
40.6632
40.7192
40.2533
43.7894
45.3509
41.7201
46.7004
42.1547
40.2448
39.5253
40.9418
42.2250
42.0691
40.4639
40.4219
40.7580
44.2926
40.1585
47.5073
50.1708
41.8583
45.7263
45.7437
44.1369
43.5185
50.4922
47.1076
42.9758
39.3413
40.9025
44.0408
47.9615
52.0560
53.6135
53.3080
50.5471
43.3029
42.3798
42.5793
42.2416
41.8564
44.4152
38.5475
45.0857
43.1421
41.6773
44.5194
43.3117
41.1876
46.7066
39.3895
41.6756
45.3891
44.1782
46.7570
44.6978
49.6484
41.8935
41.0847
36.7046
46.6007
54.4175
41.0641
49.7350
44.9768
42.3488
43.4145
43.5387
35.6785
43.0712
55.6205
47.2877
51.0762
50.2895
45.9496
46.8271
49.0604
48.8670
48.1261
44.5727
42.4553
53.5551
55.1491
47.0317
42.3055
49.1633
49.6813
54.6073
41.4262
35.9262
38.2463
34.7666
45.7770
40.1569
39.4480
42.9674
42.5810
37.5519
35.8863
51.8536
51.2959
49.6073
41.2055
53.2902
42.7169
38.5936
38.8075
35.6341
37.6007
45.6864
49.8561
39.4975
41.6297
41.9671
42.5787
57.0149
49.6508
46.8975
48.9963
47.4933
43.8740
43.5477
40.1500
35.5020
34.6176
36.4174
36.3853
38.5144
40.1777
34.2440
37.0678
36.3070
47.5329
43.2914
47.5956
45.7040
45.4320
46.8873
42.4929
42.2355
50.7212
47.5052
49.5956
50.9792
52.6897
55.2755
53.2258
51.2854
49.8405
43.3643
49.7495
48.6227
48.0610
47.1224
49.6614
48.1565
41.2319
42.5040
38.3397
43.2817
43.4526
52.0622
53.0144
53.6999
54.2032
41.0456
47.2939
46.8252
42.4475
41.7501
41.0482
40.4847
40.2341
39.5118
40.3718
38.7341
36.3896
33.1185
35.3705
36.9509
38.6084
37.4991
38.7089
41.9206
40.0730
39.6920
40.3868
35.2096
36.8619
37.3993
36.7372
38.0454
40.5694
41.8396
42.9369
41.6292
38.1764
43.5169
47.8990
45.9657
45.1352
42.4874
49.2714
45.3248
39.8836
40.2059
37.4195
38.9726
41.9822
41.7892
43.0192
42.8519
45.5060
53.4395
41.7586
47.3864
48.3365
43.8788
48.2722
52.6039
53.1705
40.1712
38.0845
41.1770
37.1112
37.8847
37.5580
35.2652
42.0250
42.7198
40.6333
38.0937
39.0433
42.0475
34.5405
34.5739
37.5516
35.5890
36.9565
38.4888
42.0106
39.5472
38.3997
37.6672
38.1188
38.8953
38.7681
40.6927
38.5600
37.2522
39.0284
37.7480
37.1965
42.0262
34.8734
36.7621
37.8589
37.1456
38.3974
36.0332
38.3039
39.8674
38.1150
39.9632
39.9774
41.0014
42.0250
36.9076
37.1016
37.4655
38.4436
39.1812
39.9485
40.4150
37.5391
36.1208
37.4539
33.8890
36.2400
38.3910
37.2005
39.0151
34.8335
34.4331
35.2988
39.8393
38.3414
37.8518
40.9027
39.5571
38.9874
38.2362
36.7638
36.6888
36.7179
37.1151
44.0787
43.6139
40.9973
46.5086
43.8560
45.9523
45.8585
53.6062
58.1993
60.4640
57.2465
51.1688
48.4016
45.5385
48.7643
46.1491
44.9467
47.4338
42.2423
44.5909
48.1928
44.4845
41.2236
39.1209
46.7037
44.2096
42.7586
40.4566
39.5906
37.2355
39.6818
35.3083
48.2433
52.4046
49.3596
47.0655
39.4989
34.3618
38.1234
38.0131
40.2571
48.9572
43.7806
44.3109
46.7089
43.2952
47.7337
44.5890
35.1545
44.9874
40.1928
38.2533
39.3403
47.5240
39.5587
38.8594
39.0035
40.2287
36.7732
42.0039
43.2983
40.0647
41.4164
40.9081
48.0318
45.7512
42.8208
45.7588
41.4270
37.4525
45.7176
49.1287
45.7823
48.0404
45.1708
40.1531
41.6050
44.2990
52.4851
50.4813
55.8838
52.4455
54.3809
54.5544
50.6434
51.0551
42.5619
52.4789
50.3308
50.8772
43.4690
51.6962
49.7901
50.4408
45.0583
42.0741
41.3471
46.8784
39.9694
42.5954
45.2659
48.1065
43.6278
49.2333
48.8940
46.3867
42.0912
44.1004
43.4378
34.3181
37.7233
41.9767
44.5241
47.2260
52.3296
55.9142
49.3380
45.8869
48.1611
47.3693
56.6482
53.1566
44.3279
46.7351
47.0752
52.7397
53.4258
50.7387
46.5158
40.8236
44.1735
53.8263
45.1404
45.3239
45.6743
49.3848
55.2645
50.4418
48.6914
49.4607
57.6210
56.1546
61.1654
55.0741
59.2268
51.4368
49.9299
49.7587
47.3183
46.9345
53.7680
57.5926
68.2500
71.4941
60.4174
54.1444
49.8534
54.9493
57.8510
52.6330
55.6001
53.8356
54.3100
54.0860
67.6389
53.2312
52.3216
55.7837
62.3596
53.0555
53.5529
50.5312
56.2317
59.6560
57.3160
56.5791
49.3570
62.6491
55.0757
45.4358
52.4922
49.4968
49.8457
56.1253
63.2165
64.1357
62.3491
54.7140
50.2464
56.3431
53.4660
55.2765
58.2055
46.4836
42.0943
42.2127
46.5703
49.0858
45.1131
50.6279
48.0128
47.6720
44.7403
52.9975
49.2714
46.1409
57.0527
51.1131
41.7941
49.7700
43.8415
46.9003
50.3559
52.7009
53.3440
54.6418
46.8944
54.3699
54.2581
54.4829
47.9769
54.7599
41.2158
34.7111
33.4355
35.2200
48.7094
35.1865
42.6880
38.3107
48.8754
49.1403
48.0924
58.0756
58.9092
50.8599
49.7917
52.2285
52.5155
49.8374
53.0782
51.4872
52.5022
46.6878
58.0979
56.1144
60.6901
55.6340
40.1381
43.0962
46.1303
39.5484
39.6650
42.4263
36.7635
35.8187
37.1017
39.2369
40.9078
41.7292
39.2367
38.1161
39.5935
46.3911
58.9417
55.0578
52.6559
49.2350
50.1848
55.3096
54.0326
48.6033
40.4047
50.2195
55.7341
47.2023
53.9462
50.5980
52.1413
55.8937
58.1589
56.3639
55.3100
55.1370
53.0641
46.4950
46.1901
49.4574
51.4355
43.9568
44.8052
45.7243
47.7823
41.4748
45.3917
50.2148
46.1784
45.0939
45.5581
43.2669
44.7126
37.2224
36.3262
36.3279
35.9668
36.7709
38.9801
41.0952
46.9450
37.9627
43.6409
44.9710
50.6322
46.5249
46.4380
42.9180
40.4716
41.0753
42.0335
37.4147
42.9554
41.1401
43.9487
43.1494
46.0818
42.6466
43.8182
37.3876
41.7876
48.4460
40.3045
50.4310
43.8293
39.9556
37.6121
40.7485
38.4494
36.4720
47.0780
42.3883
42.8675
43.7695
46.1561
47.2606
48.7398
55.1524
50.6462
53.0064
46.8211
46.7003
40.7646
44.3251
41.3081
39.2234
39.0341
45.1760
39.6289
37.8332
40.8455
42.0623
39.8043
40.3752
43.2912
43.4537
46.1573
44.0955
40.9715
43.3593
44.5043
44.1562
44.9121
46.1547
45.5596
46.7140
46.1968
43.7652
37.3945
43.0619
49.1389
37.3409
40.3124
39.3802
46.1498
46.4664
47.9585
45.4999
50.9826
62.3252
44.7261
50.0975
46.8461
42.8828
45.0124
44.0132
42.7535
47.4759
52.5565
47.4749
43.4524
47.0350
48.0211
51.3623
55.4774
46.2575
52.1285
51.8824
52.8206
41.7275
43.7163
39.1799
39.1546
40.6240
44.2324
53.7556
42.8416
40.5931
63.8205
60.6692
59.0647
63.5781
60.9243
53.2223
53.0991
55.6933
48.8030
49.9599
45.3304
52.6562
57.8676
49.1409
53.3058
50.8715
55.5200
55.1905
57.5172
59.0542
61.2121
57.3125
55.0362
54.3738
54.9253
53.6159
40.8615
39.2995
39.5599
37.4708
39.7101
42.3331
46.7829
49.3167
50.4186
56.3350
45.3140
53.3620
52.7140
57.1027
41.7852
41.2386
39.2536
37.7487
34.2374
34.1154
34.5251
37.8444
36.5839
34.8679
36.4774
37.6610
36.8645
41.1818
47.4262
49.6854
49.2917
58.5575
47.4703
40.2162
48.8014
50.3810
50.5700
49.6880
49.2753
42.3402
47.3418
53.6361
49.7674
43.6854
50.7236
58.3815
53.7300
49.7764
53.0399
50.2736
52.3536
52.5178
48.0927
49.3942
50.7785
50.5250
39.3017
38.3707
44.4277
40.7978
47.4725
45.5527
54.0233
53.7219
53.9951
58.3545
52.2160
51.8167
49.2333
53.3930
51.6613
55.8796
55.2642
46.6120
46.2891
42.2244
38.9384
56.7594
47.7797
48.0806
53.5480
60.9834
61.6436
61.6323
53.4988
53.0084
59.5475
55.4390
48.4827
43.6453
49.3394
52.8663
58.0728
60.6021
58.6729
53.9400
49.8174
44.7049
51.4139
57.9455
57.3407
54.5936
55.1683
57.3846
55.4698
43.7553
51.3741
55.8358
56.6129
53.6474
44.7275
54.2274
58.4348
47.0903
51.1133
43.1576
45.3688
59.7851
60.9910
49.4258
47.8423
47.8745
53.7254
53.0211
58.6750
51.8987
56.1453
52.2087
48.3792
51.2408
53.9884
48.5322
55.0757
58.0206
47.3755
58.6363
63.3154
52.4775
54.4263
62.9560
64.3558
53.7030
41.5678
41.8025
43.2308
36.9448
41.3772
46.5980
43.1738
52.5881
50.4496
48.3066
50.6109
59.4216
55.1345
47.4930
44.9530
41.9492
51.1249
47.1926
42.8985
43.5054
47.9730
53.5622
52.0205
58.1088
51.8477
65.2272
61.3936
56.5500
41.3507
42.1142
43.1689
41.6960
39.9381
42.7826
51.4197
54.3181
63.1042
64.0338
65.3737
51.7650
48.3913
62.9366
65.3036
62.0697
59.4068
55.1151
56.8484
58.6404
57.9612
59.3166
53.5350
46.3684
49.9938
50.3273
47.7237
42.1905
51.8272
53.4973
52.6465
57.9609
56.2683
51.2505
53.2198
47.5823
43.4367
48.5008
48.8078
47.4215
52.7707
41.2398
41.1533
40.8797
39.0012
38.1351
38.6711
41.5211
36.6719
36.2632
39.6244
36.6060
40.9390
38.5010
39.6834
38.4496
41.8265
35.2624
37.5513
37.4315
38.7649
37.1367
37.0518
37.7637
37.8609
40.0627
37.8321
41.8457
39.5007
38.3572
39.6031
43.5378
40.7959
38.1893
39.1541
47.2268
52.2275
48.4322
44.3484
50.6258
41.6805
46.4265
53.4528
48.1401
38.6433
39.9955
42.5032
42.7770
41.1823
40.2951
43.2436
44.7676
40.4193
45.3547
52.3963
58.7433
50.6430
43.5959
43.2993
49.4562
53.0264
53.7601
61.6935
53.2538
43.1970
45.2687
56.0442
47.4910
56.8984
56.5773
50.8776
51.5147
45.6938
46.6233
55.0111
46.9763
43.2535
43.8876
44.6470
45.6478
43.2599
45.2005
43.4866
46.0585
49.9436
47.3831
43.1313
40.5599
43.6657
41.4219
46.6188
43.5867
44.3287
43.3863
44.2625
50.0276
39.3454
38.4381
43.1620
41.7916
40.3428
43.6239
45.0321
47.7279
39.7325
41.2379
41.4247
43.1290
43.4264
42.8958
43.0359
43.7448
43.3049
42.8748
41.5296
37.8938
39.0383
41.1308
45.5655
44.1135
44.6748
47.8646
47.1396
44.1081
47.8368
50.9132
51.1598
47.4519
44.5806
47.0548
47.7228
50.5085
53.3994
53.9189
52.1411
50.1812
55.2219
58.5916
58.0200
60.0483
59.5150
59.7646
60.5678
58.6922
59.0084
52.7771
54.4610
56.7976
58.2634
53.8474
55.4265
57.5989
56.7489
60.5575
62.1960
57.1212
62.5844
60.1126
62.6618
59.0540
58.6850
57.9063
55.6319
59.5250
54.4183
41.9720
39.0897
42.3849
49.9473
51.8376
51.0521
51.8274
50.3160
51.8770
49.1398
57.8844
49.5356
53.5660
41.0470
52.2526
56.8797
52.8370
48.1374
52.9770
56.4422
58.3665
52.2418
49.8071
56.5462
59.9750
63.7548
66.6585
59.7567
60.1853
49.5100
43.3260
43.3721
48.6350
46.7316
42.0610
42.0331
43.9220
54.8918
50.0631
50.5285
51.7648
46.2885
64.4473
55.4619
49.1330
45.7368
39.9016
45.2645
54.1476
50.2967
43.3062
42.3096
47.5538
48.6014
55.6225
50.8377
52.8079
48.4653
48.5114
47.7289
50.2135
44.4949
42.6817
40.2803
46.1004
35.7363
36.2612
39.9900
42.1346
43.9782
42.7144
41.9220
47.8390
39.7969
40.3439
41.5289
44.0535
40.0842
47.0580
44.1585
41.1694
40.5509
42.0359
44.5632
43.0427
41.0426
40.1598
42.8580
37.4294
42.3705
41.6919
45.0546
49.2983
48.2749
50.4847
46.2940
44.3332
46.9457
44.7026
42.5492
51.4594
49.6801
44.4406
44.6355
49.8779
45.3916
47.4751
44.6132
47.4743
43.4166
43.0568
42.3539
41.9463
43.1138
43.5700
40.5104
43.3214
48.6773
47.2172
45.0834
42.5896
45.8912
42.5147
42.4838
48.8483
45.9911
48.4741
47.2127
47.5443
47.2220
48.0425
49.9005
51.8761
48.4973
49.4352
49.7544
45.3389
46.6944
45.3406
54.6079
48.6437
52.0545
47.9894
53.5863
57.5732
50.2128
54.6801
51.4906
50.8152
45.7325
41.6187
42.8789
41.6123
39.4131
41.1878
39.1166
39.0157
33.5937
32.7231
34.4956
41.7572
37.9105
39.8661
37.8225
47.2882
46.0621
58.4122
49.3706
44.9621
46.1277
44.1821
58.4207
39.2160
40.3591
42.9253
47.9519
38.9253
42.9982
39.9829
40.1180
39.9953
41.3195
36.5730
34.4461
37.8131
39.7599
39.3711
37.3396
41.0773
39.5016
51.4981
47.7884
48.5725
41.0467
37.9276
38.6410
39.6641
39.0130
42.4996
39.2637
37.3391
42.8818
49.1920
54.3279
46.7881
47.5724
50.7034
54.2224
50.9385
44.7390
43.1851
41.3126
35.3759
35.3134
45.5541
40.9172
57.1748
43.6891
40.8740
36.6462
36.2944
36.2950
36.6507
39.5331
37.6467
41.9635
44.0589
45.3958
41.6662
47.1317
47.7408
54.0835
53.7595
54.8230
41.6393
41.5023
39.9589
52.8689
56.1030
48.0120
52.5484
59.7563
56.6311
52.5628
58.0529
63.5759
56.7275
55.3967
57.3738
60.4737
56.0266
47.2538
59.7860
62.9683
58.6554
55.6357
51.5640
49.7617
49.5269
51.3290
63.5164
57.7708
64.3444
58.5341
42.9299
51.3304
48.4570
44.3337
46.2288
48.9883
51.3589
49.4486
55.0816
52.5802
51.8269
45.3894
49.2158
50.6013
50.0971
57.3113
65.1898
63.8204
48.0061
56.5518
60.8356
48.9454
49.5717
56.6618
55.2862
48.3916
53.7932
55.7132
54.3047
50.8922
64.4833
59.8471
58.0383
53.9144
43.7605
52.9144
52.2826
48.6398
46.8500
50.9845
59.0616
53.3011
50.9861
59.5153
53.6225
37.1669
34.2517
47.7383
56.8106
55.6988
50.1820
53.1781
50.6837
59.1669
60.3597
56.2296
45.9412
55.5370
46.7595
45.3390
52.3271
52.5535
49.0101
54.7747
52.0751
52.3487
60.0489
60.8469
61.0304
63.6765
67.8821
62.0407
58.7101
52.2321
42.2368
42.1637
39.2913
38.8739
37.4125
40.6896
60.0666
59.7215
70.1656
53.1733
46.1479
46.5431
44.8899
44.9373
51.9540
40.7467
40.9575
43.9374
56.5295
64.7921
50.3624
42.7835
52.1662
44.6814
44.6680
49.6841
52.1318
48.4836
46.7033
45.2769
50.9856
51.0566
47.4642
55.9892
52.2680
48.3656
55.4364
55.3024
49.2868
49.7832
39.1505
43.2186
42.7066
52.9376
48.5945
52.0428
37.4780
37.5789
34.9578
44.0951
40.1146
42.1986
42.7226
43.2319
36.2001
38.1702
42.6788
45.9896
41.0596
41.6162
40.4754
42.3796
40.0158
40.4036
37.5033
36.1916
36.4030
36.9213
43.1056
39.3377
36.7104
39.2170
38.3382
42.0773
40.5536
55.2537
60.4550
64.1515
59.1984
55.1443
55.6677
51.5343
55.1582
58.0907
52.1035
55.7921
58.7186
43.1164
54.0629
52.5659
53.7482
53.8405
47.8502
48.5111
51.3589
45.6856
41.4566
41.3593
39.3963
39.3011
39.2243
37.8389
38.5594
40.4371
41.4020
39.5448
40.8851
45.2269
47.2538
47.1349
43.1359
45.3607
42.9048
42.0033
44.0194
66.7126
59.2095
64.4738
62.0083
56.3362
52.5500
49.0471
57.0929
52.7485
48.0644
45.6114
47.9019
46.3209
47.0479
43.1090
57.3219
62.5166
65.5240
64.5395
61.3548
53.1336
58.8299
56.5903
56.0895
54.5502
52.8072
49.3171
48.4766
49.5207
55.8031
58.9498
54.9312
55.8994
40.1670
37.5998
41.4212
40.7215
40.4357
42.1407
51.5621
61.3729
46.3137
52.9108
50.6697
49.3876
54.1811
54.4418
50.5284
45.1864
44.8855
49.6049
45.4522
51.3166
52.0177
47.6255
44.9684
43.1175
43.9237
43.7888
40.6243
45.0754
48.2424
40.2688
41.2911
41.9712
42.2852
47.9609
43.4869
43.1872
48.6726
56.4837
45.6625
47.3593
58.0935
54.9710
47.4642
45.6535
50.2402
54.2377
55.1648
57.0957
52.7231
56.6503
55.9715
44.2754
48.7139
43.6324
42.8518
53.5798
52.2153
43.5212
44.5746
45.1333
48.6822
54.5543
52.1538
50.6871
56.9243
57.2745
52.2297
54.7118
56.7292
46.0044
56.9640
52.4554
55.4300
53.4181
41.2727
42.9685
52.2722
46.6928
45.0360
43.9643
41.1938
48.1191
48.7654
50.4036
55.4480
62.6745
63.8584
59.9662
54.3495
56.2170
52.8501
49.0070
39.8626
46.0547
45.4276
50.4320
49.6273
47.4673
48.2914
47.8112
48.1357
44.7390
41.1354
42.9101
45.6438
44.1323
44.8683
45.1877
47.5021
60.5706
63.1522
61.6132
49.7857
44.0596
44.0539
43.4327
38.5405
42.3725
50.2621
44.0092
48.1387
48.3620
37.3808
40.9152
43.6143
42.8380
46.9417
51.8410
52.9751
48.5866
51.4356
45.3732
33.5277
36.0484
40.6407
42.3904
46.2383
49.1987
50.8530
53.9380
49.7595
57.5439
60.6289
50.5927
60.0662
41.8723
59.0393
52.1371
54.8947
53.1087
51.4592
53.0479
53.2333
49.8703
48.7703
45.0828
43.4079
42.8495
48.1470
52.3310
55.4826
51.3529
49.7479
53.1127
47.0849
54.2000
40.9723
45.3016
39.4355
38.9106
36.5919
37.2534
39.9652
42.8100
44.5184
48.6270
48.9638
49.6210
40.2277
41.6009
37.7444
38.5799
38.4761
42.6927
48.3201
49.5677
54.7866
52.4757
56.1513
55.2674
45.7950
47.4926
49.9150
38.3436
38.9138
43.3684
40.2638
43.4226
42.6295
48.7879
49.7724
56.4456
57.2109
60.6875
60.8554
57.6362
54.0286
60.7554
51.5218
48.1619
43.7873
42.4756
45.4219
46.4963
47.9087
53.3870
43.2941
45.5236
47.2947
48.2490
48.5985
45.9814
40.8430
39.8668
48.0723
37.6007
43.3420
49.0248
47.3885
44.0780
50.9405
50.6708
54.3537
50.4993
50.5639
44.8631
53.6097
55.5502
47.0239
48.2403
55.7458
51.6261
55.8942
55.1150
48.4552
51.2041
51.5914
56.4640
50.1849
42.0976
52.1955
49.0967
57.3572
49.3373
54.5141
47.4582
53.9513
58.3361
59.7545
60.2939
55.1415
57.4392
53.2979
60.8090
53.9299
59.1788
54.9739
69.9204
56.2380
57.2073
52.7507
58.8693
60.1327
57.9253
56.4874
53.0986
52.4164
52.2868
45.5350
46.2688
41.1213
44.1751
45.3201
48.0022
57.2173
55.8787
57.8879
63.8728
53.5396
57.3665
61.9073
63.5394
61.3533
65.7066
68.3250
62.1824
63.2193
66.2497
65.4874
51.3948
50.2129
53.5577
52.6711
60.4901
64.3224
42.3423
42.1464
55.7196
50.1309
51.1290
61.1586
55.6654
61.7708
49.1576
61.9079
51.3769
57.6415
51.9235
51.7465
54.5079
56.8220
49.9843
47.5521
57.3865
63.6097
58.5500
56.3262
49.5814
55.1053
60.4829
48.9589
61.7973
52.3000
52.4163
61.2149
50.6371
60.9615
61.2648
58.0593
53.5677
54.1585
51.0572
47.4818
45.4424
50.5081
54.0089
51.6596
54.3320
55.8703
55.3722
59.3702
60.2633
57.3850
55.7118
58.5742
48.6149
46.0220
49.9857
45.4208
48.3586
44.0299
41.2813
40.7585
40.7193
44.8591
41.0772
40.6211
39.4476
41.4495
40.9160
49.8401
45.3577
45.5508
45.1203
59.1823
49.5474
49.2346
48.0656
43.0927
39.8130
40.6518
48.6597
54.2336
56.4967
53.7518
54.9496
41.8794
49.9058
49.0622
58.0775
48.3338
49.4335
39.6051
48.9997
49.8063
52.0846
46.0774
51.4768
44.1513
58.8167
63.7025
46.9024
42.3571
49.8587
50.7881
45.8857
45.9704
50.8985
43.0787
40.0029
40.3845
37.4531
48.7534
38.0745
40.6618
44.2127
41.0250
38.6450
40.3400
40.3784
41.8922
49.3722
53.2757
46.2042
53.1490
44.6994
47.6886
47.8460
51.4412
46.2486
45.9895
41.8026
50.0356
50.2765
44.3742
51.0651
58.1588
64.6788
48.6403
43.4283
44.3924
44.2375
43.6551
43.0946
59.3340
53.1833
52.4796
56.3583
55.9234
60.1391
54.1267
56.6906
63.6347
51.9279
49.2473
54.6049
43.0637
52.0041
46.0040
51.6183
51.1949
55.0473
46.8349
45.9973
43.2175
43.5380
42.3888
39.9320
40.4873
38.7105
41.1762
47.2091
49.1119
47.0397
47.9771
50.5338
45.4623
45.9727
44.3271
47.7819
38.7727
36.7932
55.7153
54.7347
57.2999
57.8152
54.4121
50.8953
44.5410
43.0623
39.0657
58.4083
53.5222
45.0292
44.2129
48.7094
54.9235
51.6747
39.9406
43.6084
41.9320
43.6576
40.0712
39.3039
41.7755
44.7822
46.6478
52.9194
57.0950
56.4643
59.5582
52.6073
51.5774
48.9531
40.8573
44.5647
39.6440
50.2955
61.4531
57.9908
55.2560
56.9462
53.1695
61.7584
64.0842
59.1146
64.1995
54.1095
55.8260
50.5681
45.9567
43.7458
47.9896
54.5869
54.3970
55.7753
50.5424
47.7510
41.9102
42.4738
43.9670
41.5508
36.7761
40.0223
46.3554
37.0315
36.8468
35.4916
35.1416
33.0728
38.2571
37.6650
39.9249
40.3065
56.5302
46.0034
50.8330
50.4877
47.3356
55.1677
54.9323
50.2813
47.4422
49.5098
45.3738
54.9476
58.5532
57.9977
50.9069
50.1738
50.2425
42.8330
45.2267
45.4044
53.3747
50.8205
52.0022
43.4069
50.6713
51.2636
39.3661
45.3848
37.4098
45.9848
46.5645
38.1111
43.9714
54.9772
45.2568
48.2808
47.8345
47.2400
49.5708
47.0933
54.0854
47.6249
54.7054
54.0954
57.0221
50.0112
54.8094
53.1256
45.1891
48.8937
49.9397
38.8389
42.6084
41.8124
49.9690
47.8718
52.5213
54.6097
49.4761
48.4092
42.7731
42.0698
37.0462
37.1140
38.0534
52.0986
55.1851
59.0797
58.8286
53.0470
36.1394
41.4417
43.8266
41.2027
41.7161
36.0100
36.7336
35.1961
38.6757
37.6743
35.0640
37.1298
38.3912
39.6471
40.3757
37.6528
38.9149
43.9429
42.6424
45.7341
48.4733
52.1875
43.9969
41.9544
42.2295
42.5525
35.9908
34.1423
33.1655
35.0587
34.6397
33.1816
37.1124
38.7917
34.9926
37.8533
41.6147
48.5879
46.9263
38.4100
40.7849
37.4989
47.4813
36.7901
44.8149
47.5759
42.9983
36.2948
34.9360
34.9639
36.7890
35.8574
37.7153
42.2701
40.5399
38.2947
42.4218
38.3620
36.3506
40.2577
46.8542
47.1646
45.8473
43.2664
42.5667
40.4448
42.5558
39.3635
39.9729
42.0996
40.0966
37.8682
37.4218
44.1839
45.3646
41.2918
40.0410
39.1913
40.7399
40.2225
37.8268
45.6321
45.9149
35.1739
36.4533
34.0260
35.2122
39.8436
38.1994
43.4377
40.1512
43.2229
46.7974
47.5325
49.9849
52.8344
52.8564
54.6437
50.8327
49.7885
45.0405
42.5224
44.4553
39.0553
38.4998
45.5667
43.3210
48.3910
41.9497
39.1824
43.4417
46.1767
45.8885
47.2392
38.8934
42.6953
47.8573
44.3594
42.7826
45.9951
55.4273
47.1763
51.2775
55.4235
58.1943
61.2131
58.5136
62.9395
61.1855
62.5571
62.2260
61.7279
59.8980
60.2824
57.4095
56.3866
59.6725
57.1201
55.2709
54.4609
52.1220
49.5189
48.2568
46.8822
48.4622
47.4167
47.5112
50.6810
47.0762
46.7343
47.8618
48.5007
48.9444
46.2638
45.1247
45.5170
48.2676
47.1301
48.4681
49.2361
50.4775
51.4687
54.9588
52.3626
55.1251
51.6706
51.0480
52.7173
48.0364
51.8237
55.5351
56.6451
58.1013
64.9736
59.9890
61.4348
60.8097
63.4855
61.3326
60.7708
58.7615
56.3759
57.0695
60.3352
58.7639
62.1443
56.5875
59.3697
57.5975
63.7727
57.9815
54.3740
51.2243
52.8144
56.0647
53.6006
48.3504
47.6702
47.0155
46.4302
47.9493
48.8888
50.2602
51.4422
51.5991
51.5776
49.7612
50.1022
49.9370
47.6327
47.4723
44.7647
49.0461
44.6590
52.4707
49.3922
42.3440
40.7191
41.3131
41.0030
41.3493
42.2196
42.1672
41.7437
43.1147
43.5176
40.5286
39.8279
51.8702
54.4222
53.8598
54.7083
47.6429
46.6945
47.2287
49.6946
48.6726
50.5266
53.8360
52.7745
53.1991
50.2484
48.3434
48.5808
46.6386
55.3841
59.3545
53.2497
52.1623
52.8169
52.3611
50.4487
58.1155
54.9859
51.0604
50.1023
45.8899
42.0478
45.5098
49.4397
54.8027
57.9127
59.4923
56.2727
50.4893
39.1057
41.6923
41.6803
35.3604
46.0673
46.6480
41.4021
47.0515
42.7554
49.2811
50.7281
44.7069
45.5188
51.2008
41.4627
43.0867
57.1444
58.6096
65.9859
40.2986
63.9904
60.5963
48.7711
54.5223
42.4710
64.3019
68.9854
67.6010
70.5503
52.4892
44.5938
48.6663
45.9573
46.7938
45.9730
48.2106
55.0723
54.9964
53.2451
58.5170
62.3976
52.4213
64.8767
65.6421
77.3474
78.5703
68.3600
54.0758
52.5863
54.6323
55.8534
52.7262
58.4274
61.7212
57.1820
58.8899
58.4971
65.9343
67.5675
58.0700
68.0365
43.3451
37.6055
36.9542
40.8241
42.2041
55.3148
57.9200
37.7035
44.8502
39.7061
33.9960
35.3527
36.5021
35.9290
38.4742
35.1747
33.8739
41.5615
46.2145
46.0356
47.0476
48.0521
55.5528
59.5036
46.1817
54.5257
44.2400
39.1811
39.9268
37.0776
41.5802
40.7921
40.7724
47.7810
50.7555
52.5572
57.4575
60.8237
62.2673
54.5237
40.0789
45.2309
49.9580
50.8702
43.1008
48.6898
46.1388
47.7390
53.0924
47.5034
53.3339
49.3445
63.2387
55.4404
57.5589
72.0766
66.9628
52.0469
44.3590
50.5399
46.9565
43.2270
45.8511
41.9068
39.3483
50.1272
53.8297
53.0877
50.3107
56.0740
50.8469
46.0945
46.1668
49.2513
48.3929
45.0680
49.5746
52.3938
53.4778
46.7044
47.5028
43.4976
46.9480
46.7169
47.0445
44.9215
50.3688
49.3574
46.6844
46.4076
46.0585
43.9168
41.0705
43.4532
42.0396
37.8306
38.6050
38.2842
37.3739
38.8649
38.9492
37.6609
39.1647
36.3773
36.9947
40.9657
41.6096
37.2582
40.6165
39.3052
38.7087
41.9337
43.6985
42.2799
41.6401
39.8231
37.1334
36.8610
35.9960
35.4380
35.0154
34.7435
34.5228
35.6695
32.9502
35.6807
35.7499
34.1255
34.5821
34.7436
33.2565
34.2521
33.8937
34.8008
34.8637
36.0038
36.6102
36.3448
36.0042
34.8263
35.0700
35.1863
35.0173
32.5665
35.5074
33.9339
32.9987
34.8987
34.4555
35.0174
34.0436
35.7305
40.1069
38.2839
36.4071
35.9945
35.5611
36.5496
34.9687
35.5885
35.5888
35.3252
34.7489
35.1854
34.3179
34.2182
34.7871
33.5974
33.4575
37.1298
34.8702
31.4849
31.9623
34.3895
34.0990
34.4083
33.8933
33.7010
35.3923
34.5724
37.2099
37.9239
38.6804
36.0656
36.2012
39.1113
39.7300
40.3581
39.4516
38.4746
43.0196
40.8332
41.3608
39.5585
38.0924
39.4258
40.4413
41.2754
38.9716
40.3805
38.9035
38.4694
36.8108
36.1468
38.9973
36.1950
35.5119
32.3126
32.8567
34.4373
38.0327
39.6677
39.3971
39.2973
36.1019
39.2934
39.6093
41.9554
41.6928
41.5226
42.8194
41.6708
40.7331
40.0750
39.8516
38.0976
35.7839
37.3075
38.0123
39.6896
35.7041
34.6328
35.6484
33.3408
33.8436
33.1369
34.2385
35.9801
37.8155
41.4477
37.6352
39.2705
40.8497
37.3790
39.6073
40.7967
37.0434
37.4736
40.4285
41.4700
41.2872
38.4467
39.8179
40.5715
40.1741
39.2300
40.0767
36.4959
36.1375
35.2779
40.4245
39.2849
41.6161
39.2827
39.0981
39.3530
40.9541
39.9474
38.9404
40.0473
39.9772
43.2459
41.1159
42.5601
42.2132
44.3335
44.0949
41.0761
39.5318
38.2866
42.9186
41.4589
41.7236
43.5077
42.4373
42.5382
42.3326
43.1708
42.8252
43.4625
44.1052
45.1196
44.4426
42.6453
40.3634
42.8323
41.6506
39.5051
36.2931
38.6950
41.2360
45.2032
42.3649
42.0082
40.6862
38.0123
41.2369
43.2043
42.4808
40.4647
37.0560
36.6918
32.7595
34.2020
38.8919
35.4240
37.4393
36.5947
38.5033
36.5421
37.5849
35.3040
33.0472
34.4652
34.0237
34.6605
35.9772
34.4814
35.5794
34.9027
36.7211
35.3473
35.4335
34.8709
35.2457
34.8335
34.0778
39.8288
37.8616
39.5341
37.7213
39.0129
39.5366
39.7469
36.6785
35.9331
36.5499
36.2289
39.4412
40.4887
42.3591
40.7635
39.0177
37.9766
39.8691
41.4359
42.3075
49.9619
41.5789
43.0597
43.2807
44.8788
35.2532
37.0412
41.5112
44.8704
44.9977
44.8750
44.8217
42.4911
43.5741
43.6437
42.2875
45.6549
47.8305
41.1974
44.6150
43.0882
39.5502
38.6163
42.0139
37.6281
36.9374
37.0330
33.9348
33.5313
32.6713
32.2357
33.5511
33.3756
35.5008
33.3417
31.8595
35.3883
36.3154
31.3162
30.4981
32.3225
29.7314
34.0838
34.8952
38.6045
34.4529
33.6699
36.7213
35.2249
32.5128
32.1960
34.7810
37.8260
35.9808
45.6128
49.4729
45.5441
49.6340
45.4103
45.0808
40.6948
45.6267
47.0380
47.1640
43.6323
43.6481
45.2936
47.9413
49.9237
42.4523
39.3771
37.6327
41.5618
40.6121
37.0633
36.3319
35.5247
34.6412
33.9364
36.9569
38.5981
38.8645
41.0881
36.2862
35.5453
36.6924
36.8689
38.7011
38.6078
37.6588
36.7723
39.1231
34.4079
33.2854
34.1686
35.3167
36.2380
35.1365
34.7265
36.2627
34.8792
37.3235
38.1249
37.3265
36.4972
39.5896
44.9671
40.6369
39.3973
37.8987
37.0749
41.6102
44.9490
43.1607
40.1082
46.7106
47.5358
47.0490
48.5141
42.2473
37.9250
43.1238
48.8073
47.0221
47.3114
47.1403
50.9219
50.1174
44.9529
47.7021
44.2260
49.2630
42.2524
39.7794
39.4692
39.5121
38.7584
40.8724
40.2658
42.7492
38.2648
37.9519
37.9838
40.1914
43.5656
41.2149
42.7831
42.7027
42.3504
38.0976
42.2793
38.2898
37.2835
36.4470
38.5257
54.0644
39.3286
44.7113
37.8349
35.9779
38.1188
46.5972
42.8345
39.3685
40.0191
38.8357
41.7305
44.0352
46.7185
44.6480
42.9650
43.8455
41.8952
37.4224
41.2465
42.1950
45.4855
48.5773
51.7409
45.9740
42.9441
48.6202
49.8545
52.3816
48.2626
44.4371
48.3947
35.3534
35.6869
37.4065
36.0345
35.9994
36.3486
37.1211
36.5886
37.9610
35.4417
34.1895
33.3803
33.1255
38.2107
49.3483
42.2319
48.3176
50.6253
41.1311
50.0894
58.1905
53.5380
54.4964
44.2157
42.8954
42.5321
44.2886
43.3173
51.7609
44.8511
48.4954
43.6052
40.1397
53.8286
51.2608
42.7282
40.5059
46.3416
40.2621
48.9115
43.1514
52.4132
53.1838
44.7807
44.9059
55.6571
51.9954
51.0340
48.7459
35.4998
38.8201
50.2913
57.7532
56.6226
59.2954
42.7231
46.3674
51.7053
42.6725
48.3444
47.2293
53.3627
51.6522
56.2139
60.2294
47.7438
43.6739
49.8554
45.6603
47.9466
45.0978
44.9604
46.0411
39.1165
38.7104
36.1927
35.8102
38.2087
39.5370
40.1233
38.7670
40.7963
40.5988
38.1109
39.3031
40.4640
37.9882
36.7689
38.6002
43.3770
37.6181
37.3432
37.5870
40.2865
49.2268
53.6579
48.8997
52.2975
49.5808
51.2474
42.9663
54.0012
51.9040
50.3470
46.8081
49.9664
48.5628
43.2260
46.2587
44.9827
45.3242
40.9487
34.6546
44.2017
48.5425
46.1143
45.3172
51.2348
40.5128
41.3171
41.4179
39.8410
41.0335
36.1340
35.2260
38.4235
32.1662
35.9618
35.2687
41.9804
49.1256
45.5610
45.1444
46.9340
50.5777
53.9322
41.7104
38.6323
46.3917
44.5347
46.6541
47.7937
39.9915
43.6763
46.2425
38.7001
37.8363
35.4417
39.3891
34.3666
36.9732
39.4653
37.7770
36.2812
40.9278
40.7564
39.4734
39.6809
39.1432
37.2459
41.6659
43.0105
41.1096
43.8344
41.9922
42.2707
46.6416
46.1779
46.8949
53.3677
54.8923
48.1559
53.1602
62.8313
53.9642
50.8833
52.9045
52.2378
48.2571
44.6975
44.1695
45.0417
48.9357
52.7862
51.7371
47.9379
43.3048
41.9149
41.6671
39.3698
38.7569
40.3160
43.1955
41.3213
40.8822
40.2002
39.8209
38.1224
37.1330
39.0416
42.8073
37.1865
38.5992
39.7132
40.4566
37.7435
36.6126
38.4935
38.3162
38.0796
37.0865
43.3435
40.1632
48.5943
48.3294
50.6231
55.7507
61.6281
59.5413
39.8087
42.0557
41.4716
49.7218
41.5896
40.4340
45.6733
40.2878
37.3725
36.1555
35.0467
41.7929
46.0251
54.2404
47.5613
44.9999
39.1395
43.5945
48.9101
57.9528
51.0154
50.6423
47.2953
53.5993
54.2983
53.6158
52.5324
43.2968
47.3160
44.3586
47.1581
47.4427
50.4372
42.5981
49.3525
52.2838
47.3075
58.4553
60.4383
52.6832
51.7954
48.0492
49.3541
46.3077
52.5203
44.9174
40.1746
55.6558
48.1569
54.2075
54.0297
55.3552
49.8341
52.1955
60.0177
60.6026
61.6310
41.7048
46.6753
45.2639
60.9796
62.3456
57.7740
58.9219
50.5504
53.9523
54.4736
44.2318
38.9572
48.6738
51.4434
53.4936
56.5296
46.8833
47.7710
51.1750
52.2768
44.5173
49.8011
43.0842
44.4321
49.9479
52.3184
48.9448
50.0136
44.1989
53.2635
49.5450
41.0324
41.8984
42.6595
43.1741
45.3431
49.4131
48.1648
52.1713
56.3215
46.5152
52.9380
55.2999
45.7663
42.3108
51.2810
50.2410
39.4987
43.9960
54.6434
49.5065
42.3799
49.8100
52.5423
46.5716
53.1447
52.7191
43.8532
40.8434
44.2531
45.7742
44.3268
38.8113
41.3147
39.3704
39.3033
37.7817
35.6394
36.9397
37.3808
36.2992
36.4369
36.1747
37.3773
35.2620
34.6781
34.5379
37.9592
39.6907
39.0430
36.7260
40.7420
44.5564
44.2934
50.4664
38.3179
44.0114
40.3820
42.8099
45.7221
40.6874
40.6088
42.1585
41.2424
42.6467
46.1921
52.4470
52.1220
50.2482
40.6818
42.1810
42.5360
39.6152
41.3027
46.8698
39.3923
38.1541
41.4165
40.5829
48.3512
47.3742
46.8089
48.9068
50.3952
39.7609
44.5760
43.7447
43.2537
40.4552
38.5626
41.8320
38.7090
41.0416
50.1196
49.4022
45.5459
42.0371
41.8365
43.7122
42.2490
41.7357
40.8548
44.3615
42.2969
42.4464
46.1408
48.1155
42.1898
43.2700
49.7066
46.0421
44.3444
47.5293
42.8136
42.9665
46.3088
41.1740
48.7402
43.3433
43.6147
46.3033
45.2952
40.5655
50.5764
50.4999
43.9312
48.0390
46.8108
51.0362
49.6983
50.2568
44.7446
48.7051
50.1345
48.1031
48.3973
51.0368
45.5594
44.2768
50.6612
41.9672
39.3630
40.4271
41.7120
46.2724
45.8187
48.4099
47.2131
48.2041
42.8205
42.8960
45.7111
45.8650
45.3679
50.1644
47.8166
48.3444
46.9465
45.4227
48.2346
43.5328
42.2418
47.5717
48.7993
43.5447
43.4890
45.8444
45.7891
38.3794
43.7412
41.7398
39.9213
41.5946
41.7102
43.4959
44.9900
44.0538
40.6926
44.1755
44.1013
44.3743
42.0949
42.5839
39.6491
43.4904
46.0750
39.7410
43.2361
45.3183
45.5110
51.4792
40.3515
43.7388
43.4854
50.4334
56.9020
50.6147
41.9932
43.0896
49.0689
50.1296
50.8920
40.4233
45.1183
49.9990
43.1694
41.5362
45.5116
59.6748
62.4470
48.5247
61.1638
52.9989
52.0629
56.4667
51.0332
46.9757
46.1082
46.2574
53.6378
39.6860
55.5670
47.1536
43.5456
47.1513
48.3528
52.8291
53.5634
52.5746
56.2428
51.9731
55.0216
61.4660
59.4326
51.5672
47.8841
56.7372
38.0835
48.4658
48.3607
44.0539
48.5261
42.4496
43.1906
44.6645
55.5968
57.1510
53.1323
50.4385
53.4494
56.3510
56.8442
56.8338
52.7241
50.2286
57.1754
53.9641
56.7050
42.9154
44.7673
45.3823
56.6186
46.4835
45.1189
51.4685
54.5381
49.5291
48.0759
48.8101
42.0318
46.2766
41.6174
34.9932
37.7828
39.4001
44.6235
44.4125
55.8842
63.0147
58.6886
50.7028
61.9368
63.2768
48.1731
44.9083
47.4016
38.7901
41.8779
43.8083
48.8835
48.1132
41.5381
42.3885
51.5413
54.6929
61.4710
63.0941
53.9595
58.0957
50.9396
57.9481
51.4186
57.0175
60.5052
50.6800
47.2185
59.6901
60.1726
55.1790
60.4185
59.8067
52.0755
55.7087
52.7215
54.3484
52.6950
57.6708
51.4674
51.1442
52.4262
48.1654
51.1051
45.3389
47.1651
39.8501
42.9552
43.1224
43.2846
42.6706
39.9081
38.1758
39.9160
38.4171
36.9198
46.8192
50.6891
51.6087
49.2929
53.6781
51.5306
52.7252
59.3969
43.8337
49.6559
38.6331
50.1010
49.4466
49.1631
53.5255
50.4991
44.4234
45.6233
50.3189
45.9504
49.0486
51.8761
50.5246
40.5922
46.3507
50.4685
44.6637
40.2499
46.7740
41.8831
43.4083
48.9777
63.5630
64.0502
63.8201
59.2685
51.2803
52.0457
46.7010
53.8855
52.3442
52.7195
47.9896
55.6841
56.6017
60.6326
68.9987
57.0934
57.4506
47.0426
39.9587
57.0362
46.5105
48.6812
52.0020
62.2511
63.5884
41.0377
45.2279
50.1942
55.2552
63.7544
62.7365
63.8669
64.6617
63.5801
62.1670
62.8484
60.4756
67.6914
56.2101
60.7994
52.7156
48.6059
45.2551
52.0532
55.2329
51.5013
61.0323
42.3876
43.9360
45.8557
52.7495
48.2613
51.2018
62.4655
67.1907
66.8094
57.9743
57.3752
43.0351
65.6875
62.1473
66.7513
45.2448
43.7034
43.2334
41.8936
45.6027
42.9658
48.8376
55.5797
42.0343
53.6954
46.4866
63.8474
56.1496
38.6752
35.8886
36.2388
34.5775
36.6507
40.4824
36.4332
34.2679
41.0236
41.2004
41.1515
36.7226
37.0337
37.0379
37.1843
35.8907
35.9545
36.2337
32.8041
33.4824
34.8811
34.7044
35.7416
41.6155
42.0748
40.3452
42.2446
40.4824
39.8587
41.0289
36.2385
36.1938
34.6796
33.9872
34.2537
33.5941
34.6718
34.4467
34.7016
35.3103
39.9216
39.9538
38.1732
38.2976
36.7732
37.6390
47.7771
45.2985
52.7879
39.3687
42.2285
42.5601
47.1446
41.5728
46.6760
59.4361
50.7321
43.8665
44.5157
54.7039
57.4827
73.4480
62.7567
62.9868
58.1889
54.5141
46.7268
43.3334
41.5245
42.8536
43.0743
45.4704
50.2572
56.0492
50.9859
64.7490
66.0582
53.2133
49.1670
52.0751
46.3281
55.4425
53.0578
61.6121
61.2337
47.5735
45.6846
44.0708
42.8200
42.7255
39.8896
38.9538
45.4385
38.9237
38.1923
38.4067
41.3584
40.9773
41.2761
41.1864
42.7567
42.6930
45.2988
43.7907
45.0774
42.2212
43.0372
42.5857
42.9206
45.7468
48.2906
44.9282
43.0382
46.1818
44.0236
38.9089
40.0723
41.4880
38.1558
40.0462
43.1910
44.2211
40.7268
39.4484
48.4413
46.6259
52.5342
46.2533
50.7931
47.5550
48.5911
57.1749
54.8456
51.7370
52.7674
48.7229
42.4003
49.1012
52.6383
60.9376
55.2818
50.0545
52.4944
51.9013
50.0647
48.7254
52.5103
55.3989
56.7489
52.8693
57.0369
53.7249
45.8431
47.4991
40.4918
44.2960
39.5692
42.2953
49.8786
42.7188
41.8590
39.5824
41.4982
41.8447
42.0052
46.2354
50.6866
50.2115
54.1368
47.8279
48.4700
51.6285
61.6434
57.7600
54.2044
53.7455
37.8715
42.4186
48.9684
56.8823
55.7804
56.9337
47.1114
40.3908
45.1789
43.7897
39.6422
36.3408
42.8236
38.7492
41.8851
40.7748
42.4413
46.2995
43.1322
41.3694
42.2322
43.5093
40.5092
45.1317
45.0080
45.4180
47.6123
48.1241
46.5377
45.7581
44.8288
47.3471
47.2841
47.5779
43.9647
42.5642
40.6268
40.7629
38.9899
40.1112
41.0993
40.4892
48.5665
46.8735
45.2223
43.2283
48.4390
51.4000
48.0902
45.6735
43.5078
43.3309
42.6081
41.2386
40.9487
44.8061
49.2388
46.4239
43.1336
45.4702
45.8038
39.1312
40.0364
40.9826
41.7530
43.5631
39.7744
41.0712
41.8560
43.8136
44.6263
43.2994
45.8710
42.7599
45.6510
45.7090
46.5818
44.4823
46.2266
43.9255
42.2786
42.0143
41.3783
48.0783
42.4043
47.9644
55.0839
49.8058
57.7034
53.0615
47.1283
49.2317
44.2723
49.6397
49.4619
50.8947
46.1843
56.2808
61.1608
52.1992
43.6668
45.7683
56.7388
37.9007
36.8881
39.9039
45.4768
37.4719
44.4533
48.1458
40.4666
45.3676
41.4663
36.9681
36.6016
37.9902
40.2291
34.1517
35.1813
32.3662
37.3640
39.6103
36.3357
38.8869
34.4744
42.2372
36.4808
39.2300
55.0808
55.9584
53.9591
46.2008
43.8289
37.8887
35.8468
35.9002
34.5231
34.8862
38.1241
38.9791
36.5330
34.9278
37.1157
44.2063
43.6989
41.4691
39.8769
44.6819
42.4975
51.4190
45.3841
47.3696
50.6345
54.8548
49.2357
46.4064
56.4974
39.8000
41.2648
42.2846
52.6894
46.0410
41.9995
50.8696
50.1074
57.6472
55.2051
47.8175
49.9666
51.0705
50.8977
47.0086
46.6958
48.8503
50.3855
45.3777
52.7199
46.1521
55.5984
54.6801
59.1299
52.0522
52.4972
47.5142
49.7206
48.7634
51.7319
50.3133
37.6547
45.6516
51.5433
54.7479
48.4364
52.5992
54.4658
60.4566
63.7964
65.7391
64.0341
55.4222
57.3467
63.9581
58.3086
55.3288
56.2292
50.9089
60.0309
54.1227
55.5420
52.5363
44.1250
51.8117
43.8679
49.3264
49.0133
61.1404
46.8721
48.3884
46.4173
48.6230
53.6674
50.1533
54.7526
54.2833
55.9859
52.0217
58.2461
57.8160
60.5861
59.8153
51.5264
63.6022
53.4372
53.2401
46.4020
44.2333
48.0483
52.9609
54.2668
49.8756
46.6227
50.6733
57.8610
58.6659
49.0854
48.3548
54.6482
50.8604
51.1982
48.1075
49.1117
49.8483
51.8181
52.5156
53.2212
44.3514
49.1721
56.9516
57.0190
47.4907
51.5095
46.9994
48.1755
50.1038
42.0831
43.0125
48.0433
47.5399
45.7440
53.2765
48.3419
46.0248
42.4654
41.5970
44.7861
43.7231
47.7123
42.2349
43.6446
44.8294
45.2986
42.1295
42.7215
48.7080
41.1840
47.9199
45.7184
42.2893
49.6944
40.3473
43.9901
49.3052
46.4749
55.0899
46.1042
47.8887
44.6086
50.1944
44.1360
47.2460
49.0365
47.6331
46.9427
49.5907
46.3664
54.5180
53.1536
61.0470
63.8042
62.0331
52.0067
55.9907
55.4799
60.7878
56.9954
57.0010
50.7564
46.0247
43.7294
41.1105
46.2357
40.0497
45.8294
48.8401
52.4233
54.2537
46.1960
60.4878
67.0098
70.4296
71.3602
74.6937
57.0760
47.5288
50.0020
41.5048
46.8352
48.8807
48.2255
46.1946
57.1885
49.9553
50.2482
54.4259
56.4526
58.2466
51.9485
55.7588
58.4008
48.3216
55.6855
56.2836
57.8673
54.3307
50.4574
53.6813
45.8425
51.3730
48.0677
63.5065
67.5083
76.1356
64.5188
55.5406
66.4318
62.3886
55.6180
58.6481
54.6280
43.7912
56.4481
62.8232
47.5785
65.4220
61.7703
52.3059
58.7319
56.0530
41.9109
44.1821
38.9989
36.2293
35.6076
40.5371
44.1101
42.5104
40.0194
42.0274
40.0380
45.3353
44.9592
44.8556
45.3707
47.2971
44.8219
46.0175
51.0122
51.8279
65.2483
50.8871
53.5507
45.6769
44.0432
37.4859
41.9824
43.0820
43.3669
39.3627
43.5679
39.1550
45.7336
50.1121
52.4804
47.9712
49.4750
51.2902
49.4295
51.2371
46.3297
47.8105
55.0777
49.8288
58.0880
53.7980
57.3755
52.9450
54.1523
59.1024
56.6048
54.5641
43.8633
45.0163
42.9400
40.5885
45.2058
54.5764
43.5421
38.5118
41.1284
41.2442
46.0101
45.5412
40.3471
43.7899
44.1076
43.6837
40.7796
40.3920
36.7688
49.9810
47.3845
56.1561
53.3134
57.7656
61.1212
57.3957
52.3396
52.2161
55.9118
57.2682
55.6062
52.8889
57.6754
59.8037
58.3359
60.7719
65.6508
59.9976
59.5700
52.8882
48.7055
49.6457
53.8719
51.3465
51.7478
45.9063
53.1451
61.2021
61.3115
59.1044
51.0437
48.2036
47.0989
63.0649
59.9708
62.1269
46.8686
60.4999
50.2722
52.2039
52.9466
57.5103
56.3846
55.3392
45.5019
51.1044
46.9942
52.0502
55.2994
51.3118
54.0250
61.5605
64.9564
61.4694
55.7200
56.4308
46.8663
53.6026
55.2185
56.7260
48.0218
46.3922
54.1086
47.6868
50.0773
44.3290
54.7656
49.1418
54.9401
57.3172
51.7327
51.8455
47.0099
49.5511
53.5026
47.1430
45.2795
45.2499
51.6335
48.1131
44.1827
48.6642
42.0776
52.6959
68.1418
66.1779
63.4493
59.1711
45.9412
47.7774
45.7529
42.9070
43.0039
47.3560
54.7821
49.5765
44.8317
41.0469
39.3924
42.0260
51.0425
50.5545
47.1754
47.6384
49.9922
48.6964
68.6063
56.5269
57.6498
66.9433
60.4742
51.3908
52.7858
49.6048
51.7453
54.8817
56.4907
49.5009
41.9592
59.4069
53.5651
54.2990
49.8725
46.0337
41.2609
48.6307
47.5040
39.9995
41.9097
41.7898
45.5004
41.7928
39.1450
41.8996
41.4282
48.8319
46.9161
43.6290
49.3393
46.6136
46.4002
50.4305
49.2468
44.2156
42.6021
43.9080
49.3582
48.7817
47.8313
47.9101
48.6099
50.5576
48.0922
47.6673
46.4296
43.9126
48.6332
54.1451
58.8858
55.2610
53.7048
51.8080
49.1884
50.6701
50.5115
48.9898
47.8645
53.5520
53.8759
52.5426
55.4990
45.4015
48.7722
48.6623
41.9572
46.3300
47.9644
47.4056
50.6686
45.1589
51.9768
49.4015
49.7976
50.2411
51.1986
48.3795
53.3066
46.3205
46.2349
49.1610
50.1250
49.9216
51.1855
52.3477
48.8339
45.1687
53.0840
51.6384
45.7373
46.4155
47.9321
41.7926
37.5516
50.4953
50.7746
51.6641
44.6431
47.6604
52.8663
48.5490
57.5206
48.7884
52.4062
50.6152
45.5800
59.3221
63.2766
58.6454
58.9314
60.0808
53.9708
58.7890
52.3357
57.0464
56.2562
53.0631
44.2811
40.5189
54.9921
41.7301
49.8780
43.2520
46.2408
46.2781
48.4115
57.1999
57.8804
46.2893
46.2373
38.9237
44.0533
43.5116
46.4837
51.5097
54.0165
51.8402
46.6052
43.3700
46.0852
45.1602
49.5193
53.7838
48.6447
55.6330
55.4225
51.5784
51.7236
56.4598
51.6847
51.5185
46.5496
51.4085
54.2776
50.3470
50.6117
49.9606
52.0891
52.7801
53.3435
45.6879
44.9608
47.7553
43.6329
45.0644
46.5169
56.9596
55.1785
54.1605
62.9520
59.7111
53.9253
55.9631
53.4380
43.1697
38.6874
46.5550
43.2736
41.3037
51.6145
52.5757
47.6892
57.2940
60.1890
57.2458
54.2423
55.3179
49.2803
52.6185
53.1427
53.1099
41.9610
55.7520
50.9732
61.3896
61.2954
59.0359
58.7618
66.1464
55.3904
56.7060
56.0634
50.1697
52.6344
55.9149
58.9196
55.8260
54.0595
65.0984
63.0642
62.0210
54.1682
61.3640
53.9265
57.0324
53.7989
59.0581
59.3485
67.0321
64.4589
56.0721
58.1166
63.1464
65.1031
65.7929
61.6998
64.6362
54.5590
58.0801
51.7849
57.1266
56.1231
41.0833
45.2182
42.8025
45.1915
42.3179
49.1463
47.0251
57.3095
49.5686
61.6297
45.1146
47.4434
53.2031
50.5922
47.2849
51.8696
65.7462
61.4140
67.2329
67.9392
53.0921
52.0131
58.5290
65.1876
58.7551
57.9239
54.1586
63.9597
51.9661
61.6283
56.1484
58.7503
61.6237
57.3219
54.5836
58.2830
57.3071
62.0189
54.7443
55.3884
60.2965
61.0946
38.4114
44.5083
55.9114
62.2149
56.7975
54.9333
45.1359
52.1363
45.2791
51.1056
47.8339
49.8260
41.9001
59.0634
56.9116
60.6779
59.9410
66.2371
58.1166
50.2478
52.8749
50.2119
48.0453
48.9524
51.6339
51.6638
48.9887
46.6755
44.0193
46.8292
44.4981
38.3015
43.5798
47.5039
41.6275
41.4953
44.2392
53.0741
48.9486
44.9740
47.3316
43.4181
46.2566
56.8192
56.5440
56.2260
45.9623
44.7882
48.1246
43.2017
62.4274
52.7632
51.8906
53.6176
49.5272
49.0309
50.5245
48.1669
47.7203
54.3284
47.2240
53.8635
52.1383
52.6361
50.2029
57.9763
51.8504
50.4174
49.7078
50.3104
42.6267
50.6663
56.9396
53.5855
48.6299
46.7101
51.1148
52.5943
49.7833
52.2750
52.5696
42.9264
50.3829
45.8447
50.1013
47.4139
45.8028
41.2690
39.0255
45.9717
39.1669
40.0412
44.6901
38.7431
39.2832
39.6460
37.5702
38.4495
35.8604
36.5255
37.6436
37.9832
44.0771
35.3054
43.1850
43.8239
37.7212
39.6468
42.2874
39.7596
37.9326
39.7304
41.6108
43.4744
42.8785
36.4733
43.4666
42.3124
45.6223
57.4177
48.7746
49.4606
64.9731
61.2456
51.4103
40.7890
47.5557
53.5568
51.3247
57.6412
57.7828
61.4554
53.8071
59.5849
57.3362
49.0588
50.1818
51.1191
53.0923
54.3190
52.2632
54.7500
60.3042
56.9484
62.3731
71.1184
66.2941
65.0454
62.1519
50.9048
54.0076
60.1762
55.6537
51.1396
54.7477
51.1754
55.3712
52.8902
59.6483
61.3165
64.1463
52.6362
61.1099
54.5433
56.2912
64.0609
52.1090
50.8357
56.6747
48.8782
45.4244
47.6580
47.5254
46.9523
60.2690
46.3632
37.1864
42.9484
45.0408
48.8941
55.5418
54.9289
50.7573
48.3478
49.7767
51.6260
66.5510
58.1722
64.3398
55.6480
57.4780
57.8943
51.3737
51.5043
46.9409
44.3586
48.4002
45.3484
42.4913
44.8821
42.7680
44.9231
46.8726
50.3770
44.0631
49.6968
49.2127
43.2674
43.7881
41.4392
37.1045
38.3100
38.3911
39.8977
42.9816
41.9536
41.3044
41.0849
41.8966
41.1654
49.1242
45.8150
47.7936
42.4299
42.6791
43.4275
41.7066
42.0934
45.7200
39.9672
42.2984
47.3075
46.6029
44.7183
42.6214
41.8644
39.8246
44.0722
40.7663
40.4251
38.7390
41.0228
41.5476
50.0877
52.9968
49.2655
57.3233
59.7122
55.5138
56.4474
46.7510
58.7419
58.0339
55.6423
50.5019
45.2107
46.9358
45.0462
40.0292
46.8351
42.4735
45.3111
45.8902
42.7327
49.5307
53.5893
52.2788
51.2891
47.0299
49.9926
48.2392
54.8693
62.1782
66.7424
62.5107
53.1708
52.2474
55.7825
63.4859
60.8317
55.8604
48.8447
60.1690
53.0873
60.3315
49.3209
54.1941
57.0137
57.3385
57.3448
57.4884
54.1224
49.8086
43.2780
50.4219
44.4481
48.3620
39.7875
44.6655
42.7293
41.4878
47.0972
46.9376
56.1257
47.6162
52.1048
44.8063
52.8231
41.3283
43.9015
42.1992
44.7974
41.5078
37.6862
37.5073
41.2066
40.4983
40.9883
48.8618
44.2542
41.0884
46.0029
40.7523
40.0673
42.9351
46.4683
47.3695
47.4662
42.5753
43.6083
39.8586
41.9157
42.5016
45.2202
44.4050
47.9714
42.1811
45.8779
37.9823
42.1939
39.2805
38.7711
37.5107
40.0835
44.4054
46.0201
41.3271
38.7179
41.4743
40.1332
38.1759
37.1360
41.8632
43.6929
39.6567
39.1073
41.3272
41.3409
41.3775
38.4626
36.0479
41.6562
44.2686
46.6974
40.7342
43.3263
38.8519
38.8830
45.3944
47.3324
40.6547
39.3603
42.5251
42.9327
44.0897
47.7981
55.6122
49.4329
51.8942
44.7446
50.6128
52.7286
54.2979
54.2732
51.6152
48.3450
49.7325
53.3871
54.0512
54.2008
49.7358
48.6464
56.7328
45.5235
55.0772
56.2589
61.9020
62.5699
54.2548
57.6205
54.3335
62.4851
53.1933
52.5466
51.2518
56.0587
53.9821
55.5020
48.5130
56.1052
53.1209
61.4667
57.2731
55.3395
60.5257
51.3972
57.7881
42.1333
46.8468
43.7112
48.1715
57.4826
55.1768
46.0838
56.4783
51.3977
56.4817
43.5984
43.0469
50.5611
45.4287
44.2568
39.9572
37.0904
39.9100
37.9789
41.2578
47.1698
44.0492
39.4219
39.9277
42.8024
46.3658
39.3094
43.7122
44.3628
46.2478
44.3756
45.1906
48.7757
46.0518
47.7875
48.6256
49.6631
39.5184
41.2411
42.2831
40.2450
36.8697
40.2790
38.4699
39.1109
37.7516
57.3670
59.2453
63.0468
49.1965
54.6669
54.9443
43.6246
45.9781
44.4102
46.1199
51.2400
47.2254
43.9317
43.3427
39.0531
44.9205
57.3986
45.9044
43.8569
41.9413
39.8241
41.8872
42.1336
44.1659
50.1872
58.8479
44.3790
55.5104
49.4352
53.1998
52.7286
49.4216
47.1870
46.9703
48.1440
61.0327
55.8202
56.7853
59.3298
62.5832
48.2851
48.3361
46.2128
49.4651
51.9020
48.1806
50.9151
47.6442
47.5047
47.1109
46.5166
44.6877
44.0680
45.8200
49.7663
47.5642
51.8992
46.1204
53.8549
67.0096
62.7699
64.2756
56.5141
51.5247
49.9544
49.8101
45.8179
53.0576
55.5005
55.6472
53.0223
57.7944
55.2314
47.0136
45.7056
61.4471
59.5951
55.8533
59.3301
50.5023
48.7917
55.7813
53.2601
55.8087
61.3476
66.1376
65.7999
66.3307
67.8616
61.6233
60.5696
64.8085
54.5572
52.1934
50.5103
45.5320
55.8146
54.4914
52.3742
60.3740
55.6148
49.8200
44.5469
44.1428
42.4230
43.4161
44.3501
42.2961
49.7647
47.0193
49.1077
46.4741
46.8229
40.9006
43.2565
44.0735
48.2249
46.7163
47.7783
50.4278
45.8968
45.3557
59.1553
59.5559
46.5670
52.2533
50.6562
53.7424
52.0369
50.3139
49.8942
43.1961
40.2156
40.0409
39.6930
42.2714
44.0686
37.9710
41.9930
38.7612
37.9339
40.4535
43.5710
41.9718
36.4835
34.7244
38.9543
38.0421
37.5653
38.9283
36.0102
37.3223
38.0367
38.5827
38.5785
37.6348
37.7137
37.8317
37.7935
44.0116
36.7272
37.8503
42.3461
35.2546
39.3834
40.3217
38.9483
42.3194
39.6083
50.0191
49.7960
45.4394
51.1774
52.5125
53.3545
55.5137
56.1716
51.1417
47.4427
41.9226
43.2476
42.6538
46.6754
49.2907
48.8604
45.8215
43.9857
42.6925
43.6571
47.1350
42.2871
43.7356
44.9197
46.7368
49.0952
50.6427
49.6149
50.0452
53.4321
47.9058
47.7494
41.6232
46.7198
46.9533
55.3603
58.6960
59.0104
54.8107
63.6990
64.5336
54.3377
46.7115
52.0403
61.8675
47.1273
44.8873
49.5869
45.7811
56.0238
48.2306
50.6356
49.8458
43.5550
42.8900
42.9360
41.3199
43.7910
47.3116
46.0297
50.9241
53.8969
55.8779
63.3954
62.3858
56.6116
57.6079
54.0794
55.3979
52.8640
51.0483
44.6866
42.0227
47.7817
44.7897
46.5029
42.9143
37.5903
38.0938
39.0125
36.2648
35.2696
38.0001
41.6910
50.5440
59.1235
59.3908
51.5911
54.6124
51.4788
45.5302
46.8708
48.5130
50.5808
52.1020
52.4922
57.3071
42.6198
48.9821
52.9000
43.6347
51.4523
48.6420
48.8972
45.0976
52.8900
48.9982
46.4909
56.5474
60.6198
59.0447
57.7594
50.2679
52.8228
41.1990
52.1473
55.5672
50.7963
52.7140
50.2093
41.4064
45.0613
50.9360
50.3376
49.4908
56.5595
53.8732
59.5347
59.8780
44.2678
53.2030
55.2034
58.1350
64.7566
73.9025
60.5373
52.8573
44.7812
55.9040
63.3639
52.9935
48.2821
63.1804
63.7061
65.4667
64.5898
54.3484
55.9797
58.4529
65.6770
51.9228
55.8731
57.6706
56.3253
53.9577
59.9716
52.2794
45.8729
49.5393
54.9231
69.6848
56.1259
45.5119
54.5996
57.6879
48.2707
47.3045
51.0218
57.6695
53.5229
61.2607
66.2861
65.3177
59.0894
66.5718
50.5911
47.0620
59.8031
55.1162
42.7547
43.1933
42.8565
46.6894
45.5503
43.2657
45.6469
40.5907
40.4326
42.2441
49.8872
42.7508
41.8548
41.9349
42.8633
39.3258
40.4918
39.8845
39.7619
41.2683
44.5602
41.6944
43.3295
41.3975
39.6890
38.3355
37.0416
34.3270
38.5976
38.0056
35.4940
34.4295
36.6752
39.8976
37.2405
35.6711
38.5386
41.1630
37.4251
39.7381
39.4018
39.6331
39.0730
40.1494
44.0127
38.3435
38.4411
36.0306
35.7571
37.4691
38.3389
37.4498
39.1309
42.6882
41.6271
39.2133
43.4962
41.0110
40.8153
42.5457
41.6036
47.7676
50.2178
46.6522
46.4284
42.0040
41.6793
49.8718
41.8514
33.3868
42.6584
36.4827
49.8344
41.5557
45.3935
45.2944
50.4145
50.9963
42.8940
38.2181
46.4979
46.4546
53.4226
43.5487
37.4039
37.9944
39.0084
37.4084
39.0448
39.0256
36.0269
32.5756
38.0199
39.4116
40.6877
39.6629
36.8312
41.5212
36.7220
35.0323
52.2808
48.5789
47.9657
56.6851
61.3826
42.2455
53.3853
52.9638
42.4141
46.0950
37.6996
47.5887
48.1444
41.5256
39.3905
41.7982
38.5376
37.0075
33.4390
32.2838
35.8112
35.8619
37.7611
39.6960
40.5483
37.2353
39.0901
40.1560
40.1244
43.0296
43.7991
39.3241
41.9058
40.2269
44.1779
54.6324
44.1889
35.8286
34.4665
37.0522
32.8472
33.3411
38.6256
36.4460
43.4191
38.6945
38.6368
41.4555
38.2014
41.3173
53.9260
46.2669
48.1758
42.2798
47.5640
49.2978
46.1421
47.8429
56.6484
48.5801
45.1277
50.2123
51.9580
53.4297
54.7632
46.8014
39.7425
38.5294
40.7640
42.9065
43.3044
39.6162
40.3749
36.3426
36.2437
34.2004
34.4982
35.2780
33.7759
35.2214
41.8724
35.4012
46.9297
41.9264
43.4401
42.4131
39.7323
41.5248
44.0308
43.9683
53.1500
52.1778
48.8252
52.1254
45.7006
46.3005
43.9652
41.7293
40.9717
50.3088
54.8290
53.3357
48.3390
47.9831
52.4802
52.3136
51.4860
46.9452
47.3859
54.9022
49.8070
53.3274
51.3172
52.5617
41.5256
59.8154
61.0165
59.9247
53.8398
49.8253
55.0712
59.7118
61.0633
51.0821
58.3474
51.3562
45.9309
51.5671
51.3148
50.2723
44.2848
41.1584
39.8018
40.4412
42.2701
46.4753
41.3554
41.4419
51.6767
58.1744
61.4687
53.4281
54.5621
45.1754
40.7906
55.9592
48.5603
42.4117
47.7582
58.7169
59.3746
59.6179
67.1730
57.9627
51.7610
50.7357
51.2038
47.2541
51.1797
56.0412
57.2889
52.5320
50.1178
55.5134
48.5147
41.0604
37.6748
36.9399
39.9492
46.0820
44.6240
41.0600
46.1639
37.6862
37.4430
46.0904
41.5071
46.8315
42.4972
48.9894
48.1643
45.0453
46.6524
37.1396
43.0893
37.6552
43.4962
45.5188
42.6131
49.5257
47.2065
51.0136
61.1009
52.7688
51.4452
46.2046
46.3114
41.9353
42.0090
46.1739
42.6445
47.8014
43.8608
48.2849
42.5772
45.2762
45.0892
46.2643
41.3913
40.3256
37.8347
34.8072
37.3833
41.5806
36.6716
35.9410
38.5316
35.7101
36.3564
37.4079
39.4202
37.6121
38.6513
40.3672
35.7564
41.2379
37.4825
39.4838
35.6462
32.6369
34.5654
33.7492
37.7902
34.0397
33.8994
46.1958
56.4942
55.0184
60.1613
48.9358
47.5979
48.9734
46.8114
49.0327
52.2432
53.1819
49.7122
42.9005
43.5172
42.5862
47.9713
49.5013
48.1037
47.8083
52.2157
46.0527
48.0834
42.6277
44.4751
38.9499
41.3822
39.8843
43.4631
44.8182
42.0399
37.1007
53.4206
44.8314
39.2030
35.9318
34.5338
35.2701
34.6365
33.1315
31.4931
43.8982
37.8543
35.2190
36.9270
34.9652
39.4285
38.3867
42.5595
36.9802
41.4909
41.5390
35.8176
34.5869
40.9131
39.6826
38.5528
38.2706
39.7791
40.2893
38.5892
41.9435
36.0313
36.2643
37.5952
38.7541
41.0686
40.1618
41.9822
41.7744
39.9457
36.8950
34.6776
36.5095
38.3279
36.9797
36.2511
38.9069
38.7965
36.7877
39.1801
39.5760
40.1534
43.2386
37.0317
36.3872
38.3712
35.1550
33.6747
33.3301
33.9016
33.4289
34.5074
33.4251
35.7216
38.5753
32.7385
36.4072
33.2121
33.2918
36.4682
42.6971
42.5416
39.0968
39.7868
42.4736
42.9150
37.1608
40.9942
45.4506
42.5380
43.4217
38.3003
40.1083
42.1329
38.5670
41.3859
43.5290
43.4218
43.6333
44.0784
39.7627
39.7738
42.5999
37.6961
39.1749
42.9296
36.1424
37.1994
43.4628
41.3003
41.4181
44.8781
44.2385
44.0501
43.1269
41.4038
44.7195
39.1852
37.3815
40.5034
45.9466
42.5336
42.1321
41.2754
41.2411
47.7548
45.2476
39.9374
45.5271
39.7494
40.6065
49.6027
47.8825
51.4033
33.9599
44.7785
43.0370
43.5457
49.9473
53.3281
48.3170
54.6415
51.0349
48.7441
51.3642
64.6692
62.7301
57.4715
48.8353
52.2138
54.4586
43.4684
40.6435
42.6187
49.5793
44.0176
43.2946
43.3574
42.1106
41.5503
42.7797
44.7324
49.4336
47.6819
41.1651
38.5253
48.9634
52.7129
63.3871
55.6174
47.4263
52.4222
51.6236
52.1754
45.8133
47.8347
48.3397
48.6287
48.9560
41.2485
38.5156
41.1147
38.5064
48.7264
51.1263
42.5166
41.8677
43.9115
48.2630
45.0582
40.6560
40.5110
45.6999
51.2801
37.1242
38.1357
40.0093
46.7109
43.1067
43.7148
43.5885
43.6585
43.9539
44.2284
47.1385
49.6402
46.3110
47.1931
52.1421
61.1495
52.3902
53.1643
61.0435
49.0710
43.9199
41.8155
38.9842
45.1067
39.6295
44.6976
40.2711
41.2395
43.6232
43.0028
48.6890
42.7986
41.1145
39.6769
43.7800
47.1228
48.1785
43.6585
46.7569
45.8149
48.1496
42.2595
40.6749
37.1984
38.5504
36.7761
41.4067
44.6263
43.5823
43.8197
46.6163
43.4958
44.7065
42.1197
36.7188
37.2789
39.1390
46.1944
40.3599
38.1474
38.4882
37.1192
36.4771
39.6995
40.1338
37.5191
40.5301
38.4177
38.7505
43.1948
45.9847
43.8712
42.9786
42.9898
40.5364
42.3339
40.5687
41.8469
42.0056
45.7144
46.4291
45.7576
45.5957
47.5999
43.0648
43.6014
39.9574
38.1046
42.4900
44.3206
43.6480
41.1029
39.7798
38.5121
40.2031
41.3646
40.3883
38.1862
40.6138
36.9558
39.4236
46.5616
39.9550
47.1615
44.3076
53.5748
49.6727
50.3115
48.2329
46.6333
49.8195
41.2444
42.6542
44.4517
48.6465
53.3110
56.1967
60.2767
56.4180
59.0457
53.6810
64.1952
64.5758
61.7205
55.5962
63.8892
55.6145
58.7699
56.5968
55.6637
61.7550
60.2786
59.6170
55.4766
62.7754
63.5870
48.4722
50.2639
53.2652
56.4655
54.1689
57.5042
48.7792
48.0964
47.4576
60.7650
58.0733
56.5029
49.4098
44.5983
45.7654
48.5753
46.4395
53.0754
51.6781
47.9691
47.6855
44.9046
55.8412
46.1631
51.5456
43.6489
43.6260
45.0084
51.6149
54.1786
54.5946
61.0913
45.3522
51.8160
53.6770
48.2873
44.2372
45.1702
45.8684
55.2736
57.9632
56.4028
54.1535
40.8263
39.1036
46.7335
42.1076
42.1736
37.0712
47.5671
43.4896
48.7108
43.4609
43.8281
44.0263
43.7969
42.4820
48.3087
40.7303
41.7910
42.1588
41.4383
35.4659
42.7214
42.1298
46.5517
55.6915
47.9771
55.1448
56.8534
50.2723
59.5070
59.1474
66.4148
68.1862
70.5069
70.8565
71.8209
72.5466
72.1470
62.8952
50.8608
49.3063
54.8366
55.6955
61.7644
45.6323
50.8153
50.1081
56.4453
50.1429
44.2695
52.8428
52.6955
43.0175
42.3156
42.9488
45.6541
45.1736
41.6340
43.8336
48.3013
49.9982
42.1556
52.6588
48.1755
51.1515
51.7018
46.5662
43.2056
54.8522
52.8654
62.3174
50.7828
52.6672
63.5614
50.3925
48.9523
52.6302
39.1942
51.1549
44.8610
46.3006
43.2227
49.7227
45.9039
44.1672
41.8590
51.7575
49.1675
45.2667
50.6271
44.6902
47.3554
43.1899
41.4150
50.2639
42.7385
39.7326
42.9985
42.8539
46.7073
52.7960
48.8421
49.3438
48.3907
48.3422
47.1800
45.9506
51.4250
46.2216
45.2175
48.6206
38.0338
42.4099
42.4198
49.1918
42.2689
38.2028
40.2318
45.6264
42.5323
48.9534
39.5413
35.7539
39.0600
41.0857
43.3298
42.0546
44.9231
44.2396
41.1464
46.1481
45.6092
41.2665
41.0309
44.3056
43.5643
40.6096
47.0294
49.0698
52.5546
47.5620
40.1236
44.6459
39.8766
40.1408
42.1899
41.0874
41.5899
43.2308
40.5707
37.7009
37.9322
52.4302
48.1846
42.0979
46.4682
48.9927
54.1882
48.0576
50.1586
45.5168
44.7683
43.8059
43.7464
56.5844
54.2270
53.5157
51.5084
43.1244
44.4877
43.9923
44.2557
41.5236
44.4269
45.7267
50.4675
41.6885
43.7938
41.6566
42.6654
45.2790
44.3852
49.8041
44.7328
48.8355
44.6877
46.1931
48.1821
48.7313
45.3692
43.0944
43.3540
46.8390
48.6169
43.7009
44.6719
47.9831
46.9468
45.4695
41.7088
44.8223
48.6331
45.3405
43.3833
43.4028
41.3295
41.6007
41.3923
41.5169
42.3659
40.4139
41.1429
39.7760
43.1984
38.3157
39.0730
44.2491
48.7513
42.1307
41.7753
41.6033
40.3256
41.1585
42.6909
38.7748
37.6950
44.3103
38.2131
41.6957
40.9494
51.9808
50.6913
54.3636
42.2937
40.3101
42.0470
40.0953
41.7375
36.4406
39.3285
41.4930
41.5617
41.8843
41.5980
44.7760
42.1800
40.9358
41.4041
37.3447
35.6005
36.4191
38.4904
37.7102
42.6288
44.2033
43.4037
45.5919
48.7878
43.2256
45.2303
51.5279
41.6458
36.6700
39.4352
45.7279
48.1761
41.4047
45.2603
49.7888
45.0149
48.7351
40.8612
42.9109
48.3651
40.1005
42.9046
48.1581
43.1242
47.3620
49.8345
55.9356
54.1196
50.1969
57.0512
59.8163
60.1412
50.0929
45.0227
49.2921
50.9488
59.0801
54.1655
54.1326
53.0198
53.6322
50.0171
57.4712
45.3166
51.3232
48.9434
50.8448
54.6289
55.7722
59.3197
47.6614
48.1586
55.5531
56.7859
56.8640
56.9416
56.5320
55.4374
49.9641
44.4318
44.1425
51.6370
46.8686
43.9380
62.7734
49.5853
54.2695
53.1724
64.2528
50.4233
47.2725
48.0193
49.8425
52.9332
59.7401
40.7371
44.4450
54.0320
50.0529
52.7659
46.2715
47.9262
43.9420
43.6746
39.7230
43.0339
42.1780
39.3243
42.8744
44.3002
51.0966
57.7919
54.9014
51.0596
48.7434
47.6987
39.8054
37.9925
43.7276
48.6729
40.8885
44.4981
48.2566
43.8165
46.5610
45.2586
47.1587
50.6705
46.0939
41.5377
41.1766
42.6028
60.0494
51.5302
52.5029
51.6914
46.9177
46.0328
47.5991
52.0841
48.6837
51.2859
45.5614
40.3365
40.5682
38.5243
54.2162
44.1570
45.5973
48.1607
71.9184
68.0685
66.1622
55.3201
50.1551
52.1036
46.8543
45.6326
49.3018
53.6556
61.1311
58.9108
54.8861
49.1111
59.5750
43.4242
46.4004
41.7924
44.5941
40.3279
42.5508
47.2224
45.3738
49.9928
61.5758
59.3157
56.5595
57.6678
62.1824
56.1962
58.4494
62.4171
63.4587
61.5496
57.3204
55.9148
40.8652
44.2594
49.3330
37.1617
48.0740
42.1259
41.2492
41.3581
41.8394
46.9540
44.6075
46.2694
53.5867
50.0305
44.5428
45.0163
37.9680
37.7044
36.5819
35.2592
40.1708
36.6590
41.7968
44.3040
47.9322
47.7102
45.0097
52.4702
53.0393
60.0769
52.7145
46.5867
44.4486
45.6755
40.8357
48.9837
44.3030
60.0090
59.4559
50.2553
52.2330
55.7324
60.1550
54.2189
62.9409
55.6010
50.8629
56.3030
56.2599
56.9976
62.3716
58.5363
55.7182
46.7731
44.8804
47.4950
48.7479
47.1876
59.3882
45.5313
57.1158
45.3569
41.8095
53.4016
48.6420
52.6927
57.1663
60.6125
52.7038
56.7317
53.0933
52.5983
47.9773
38.0120
50.2243
53.8219
49.4168
53.2465
50.4901
45.6705
58.0212
39.6490
45.7732
43.7286
46.3981
43.6295
47.8048
50.7854
52.7228
50.0246
49.0445
48.0239
50.1549
45.7569
43.7136
40.5026
47.9304
44.6222
47.2913
37.9757
40.0704
38.0574
36.5562
40.3314
36.2629
41.0528
48.3457
45.6162
48.8547
49.5447
51.8112
47.7515
41.4551
39.4865
44.5335
45.4733
48.3054
54.4495
47.9728
57.1344
63.7911
60.1933
62.5484
57.3988
60.6858
59.0525
56.4357
62.6907
59.0340
55.4597
54.6626
52.7444
52.6740
55.0693
50.5595
50.8148
55.1588
50.5332
49.1791
52.2264
48.0549
49.7574
58.4520
57.1914
58.4811
55.8874
49.1033
44.5529
49.5927
50.3927
52.0786
54.2373
48.4932
44.3533
45.6270
50.5230
58.4319
59.5582
52.6600
50.3181
51.9796
58.0034
45.4820
52.3976
63.0099
63.7238
69.1216
61.5151
56.5019
56.4978
46.9201
58.4622
54.9647
48.6018
55.1050
61.8265
58.6201
60.0851
55.2774
55.5424
53.6527
54.9045
56.5921
42.7956
40.7449
43.1757
44.2493
46.6363
40.6966
40.4695
39.8616
37.7653
50.2140
45.3236
43.4272
48.2255
45.6502
40.4902
45.7328
43.4149
54.3005
51.6914
56.8487
48.2688
64.7993
65.3752
63.5979
61.0444
50.6525
55.4039
50.1805
52.8918
50.7538
42.9106
42.8850
43.8709
51.3946
50.2671
52.8382
50.8520
48.2804
45.1491
51.2213
56.3786
59.8591
48.9697
43.5103
47.8538
42.2911
41.4893
41.7299
48.8325
46.1723
50.7404
50.2221
46.6494
43.3106
45.8589
52.1013
56.9540
50.6055
49.7164
49.8190
43.1935
38.7365
38.1223
44.3174
44.3084
44.4306
49.1968
52.0574
61.6639
64.9389
54.3035
54.2528
48.5625
46.8115
47.0471
46.4881
46.0896
49.6021
48.4020
48.2243
44.9136
44.2400
42.6746
43.8262
44.1672
44.2743
46.8786
43.8557
41.2284
43.1403
41.8084
46.2043
44.6228
42.5028
49.8468
48.8048
53.3102
39.7738
41.1786
38.8497
40.4814
44.1359
44.7174
45.8593
47.0452
47.1604
49.5464
43.3122
47.0355
43.9001
48.3586
48.4774
42.1187
36.5413
38.3609
43.6097
37.9908
46.0897
40.9622
41.0525
38.1555
37.7122
42.2346
40.2894
41.0855
41.4240
43.0682
45.1108
42.0188
50.8423
52.4169
40.9283
44.3196
42.6981
42.1135
39.4650
42.4153
40.7993
38.0827
42.1363
43.0641
44.5142
41.9190
42.2544
50.1196
42.6269
41.8908
40.7775
41.0463
41.9448
45.5243
44.0201
52.4224
44.4154
40.9310
39.0462
41.9654
41.4247
44.9290
57.6844
56.6877
53.9530
53.7727
47.6365
47.3983
52.0939
56.8984
55.8697
52.5319
52.5961
47.2802
44.1430
45.9733
45.2850
44.8518
47.8012
45.2164
46.3988
45.5532
46.2490
38.2282
41.3091
38.6667
40.3489
37.7867
43.0805
42.9449
43.2579
41.6024
44.0160
44.2907
40.6975
41.6283
41.3278
42.4621
38.6290
44.3497
42.7936
43.9804
46.5316
46.8264
47.4751
46.8392
43.9008
42.5112
38.7696
38.7307
38.1298
36.5097
42.3061
44.6786
44.7804
45.2567
41.3224
45.6421
45.1810
48.3461
40.1694
50.7106
55.7753
55.9529
51.1587
53.7082
59.2979
48.3268
39.5738
43.6643
50.1960
43.1311
48.7345
38.8070
53.9096
48.5427
52.8161
54.6088
55.8463
55.0526
50.0650
52.2577
61.0300
51.1873
51.9260
45.6896
45.2967
43.1064
43.7229
43.3083
50.5884
51.8881
49.5491
44.0564
47.5549
43.3108
46.2133
45.1246
44.9283
49.1055
39.3365
43.2569
48.4568
46.4949
37.2390
38.3045
39.7379
40.1315
43.2226
45.7208
46.8117
42.4060
43.0903
48.6751
45.6042
42.5377
46.2655
49.2630
47.2622
51.4556
49.1390
55.7958
49.8037
52.0355
46.3702
43.2764
41.0145
40.6811
37.9969
35.4478
38.5820
39.0061
38.6593
37.9817
37.1424
41.2553
44.5581
37.1829
48.1388
48.8567
45.3712
42.0748
46.1366
48.3493
51.1766
46.1239
57.1226
62.4899
44.5533
49.1989
43.5122
50.9505
42.9299
44.7639
47.4170
42.8037
41.4324
41.0580
43.0196
46.7579
44.1746
46.2985
43.3159
41.4504
43.5222
41.1827
42.9752
40.0596
40.9259
44.0996
38.3067
40.6009
42.5060
38.9035
38.1495
35.8415
36.5902
38.5140
37.7968
40.4140
38.9603
36.8058
36.4073
36.5396
37.9296
36.3215
37.1170
37.6128
37.4868
38.1519
36.4298
39.3163
38.0269
40.8894
41.8998
37.3273
39.1126
40.4148
39.5359
38.5507
40.0517
34.6127
35.8353
41.4727
41.2275
40.5186
39.2837
36.2566
44.7647
50.8424
53.3115
49.7989
38.0785
43.3175
49.8007
49.4099
48.6142
43.4264
40.6492
40.9541
42.5833
42.4422
35.8744
38.0968
39.7935
40.7579
36.5679
39.3399
38.8851
37.8925
36.2013
45.2648
46.8775
53.9383
51.1517
49.9700
39.5464
46.3348
46.7782
43.1987
40.7242
37.5920
40.1559
40.4076
39.8752
54.0200
45.7415
43.4717
44.5072
43.3742
45.6580
43.6700
44.2902
51.4378
46.7105
47.1927
46.1087
44.8819
45.2952
44.3044
45.2662
41.7551
42.0494
41.7977
48.0525
39.3880
43.7307
43.6011
44.0090
46.8493
37.6752
46.8037
44.1030
40.4487
39.5481
38.5345
42.3149
41.6495
40.3574
47.4953
42.5068
48.3615
49.0122
46.6208
41.2657
41.7846
41.1468
38.4458
40.8535
45.1487
40.7592
39.6078
45.5907
49.7298
42.9865
50.6519
50.9446
51.7221
47.3664
50.0257
42.7912
49.6238
49.3618
40.5591
41.4270
46.2691
42.7829
39.1017
44.0069
40.3304
42.5347
39.3010
39.0575
35.6332
32.7466
33.2540
37.5895
37.6642
35.4209
37.5969
36.9913
40.2379
39.9899
37.4475
34.1610
35.3264
36.1667
38.8694
37.7117
38.0671
36.8126
37.9267
40.3113
36.3792
39.1663
37.9636
35.9573
36.2708
36.3805
36.0249
33.0772
37.2834
36.7650
41.8395
40.4043
39.4964
48.7198
48.5891
50.5440
43.7379
44.6977
43.3439
46.5512
43.9834
39.9203
44.3848
42.7804
49.9364
41.9408
37.8909
43.9495
37.7806
36.7484
39.0038
44.5564
35.6401
47.0395
38.3935
35.0136
38.2690
44.6831
37.0087
43.6562
40.0636
36.4081
36.6084
40.6061
43.9452
43.9540
44.6884
41.2552
41.9270
39.2819
41.0241
42.4314
42.6500
47.2564
35.8113
36.1964
42.7352
45.1359
48.2209
43.2646
51.6803
52.3085
45.2371
38.3939
36.3275
33.7581
36.6719
37.3361
37.2595
38.0021
42.0483
42.3049
38.7926
40.0301
41.6378
45.3116
42.0501
40.6532
42.8867
39.7623
49.1509
51.2175
48.3777
46.3584
45.2558
49.1021
43.6246
44.5080
45.4313
48.1164
47.6388
45.1762
43.1128
39.5079
40.0609
42.8637
45.2802
55.1487
51.4829
55.3535
52.3550
50.3276
48.1210
53.5185
48.4615
51.6419
51.2378
47.6974
40.8420
45.6511
39.4907
46.4228
49.4560
48.1340
51.7015
52.5831
43.7238
46.7094
54.6639
53.5914
57.0099
45.5327
44.7953
48.0574
45.5274
43.6695
43.8961
43.6823
49.7040
47.9470
48.1748
46.2313
44.4638
49.0367
50.4851
47.0717
45.3054
46.3658
44.3106
42.8407
44.1163
43.5860
46.2468
45.7327
48.1495
46.6018
44.2076
50.7909
47.4046
43.1204
47.2155
51.5613
40.9485
38.5924
38.0375
41.7654
40.1465
48.2815
41.7146
41.6259
50.4323
45.3127
42.3481
39.0773
39.0257
41.9969
45.3378
48.2976
43.8440
45.1860
44.3349
44.9815
44.9811
46.3398
46.9035
46.7809
44.7468
51.5503
43.3447
45.7063
42.6387
48.6966
50.3444
53.8953
50.4272
50.9943
51.9013
52.1446
49.2155
47.4545
48.2476
54.3173
48.1579
48.8851
42.3607
48.2196
46.0982
44.5841
52.0117
51.2674
53.2256
52.6445
53.0236
47.9963
49.4965
49.0679
45.5171
43.5298
50.1179
49.5463
54.4249
50.3409
53.7948
53.6260
47.3713
45.1862
41.6640
48.7396
47.3273
44.7043
43.3908
42.1467
44.6422
44.4058
47.7585
44.6186
47.3588
45.4130
45.3026
43.3406
43.2857
48.5992
40.2935
34.3374
41.6652
40.6229
37.7633
39.1602
39.1819
40.9916
37.9567
36.9652
38.9736
38.1079
37.7182
38.6100
37.8949
42.4364
42.9406
40.1047
39.4904
42.4803
43.4507
41.6970
40.0578
40.6065
40.5258
39.2739
43.1997
40.1036
47.0951
46.2942
41.4630
37.0249
34.6859
36.8782
45.8414
42.9188
44.9930
43.4490
43.2535
45.7980
41.3114
39.8162
39.7779
40.5599
45.8186
45.7786
43.1357
47.5611
44.7620
45.7566
47.1697
49.3092
42.6210
46.6173
47.8658
44.1874
50.8151
44.8046
48.3151
46.2037
50.1729
48.3505
48.9590
52.0499
55.5744
57.8848
56.4367
50.8496
48.4133
43.4039
57.7735
57.0295
57.7091
56.6012
45.5029
54.5814
55.0039
53.2608
51.3597
55.7030
61.1544
45.5483
45.9389
41.1653
44.9149
44.4142
40.6116
45.0448
47.0769
46.2497
44.2532
40.4034
41.9616
48.5444
44.2403
35.9250
38.4412
41.6864
44.5187
40.9313
38.5516
40.0359
43.5351
45.3848
46.6279
44.6487
52.4010
41.8876
39.2338
42.7281
43.3064
41.5614
40.5280
43.2902
39.7809
44.1366
42.9004
43.3520
43.7574
43.0656
42.0545
43.1698
45.2173
43.0267
43.7035
45.4052
41.7982
41.7845
40.8556
41.9135
44.3182
49.5884
51.4590
48.3812
47.4532
45.4306
43.2907
43.1618
43.9856
42.7775
44.3150
44.0759
44.9865
40.8621
42.3634
40.8269
42.7778
45.2162
46.6432
41.1850
43.0046
45.2342
40.4587
44.1021
48.0588
46.5456
49.6824
48.5236
43.4174
55.5778
45.3211
44.7597
47.5464
51.6160
50.9627
39.9029
39.5973
38.5267
41.3383
41.9919
35.0089
36.4809
40.2393
42.5949
38.8895
37.2587
40.7784
33.9873
37.9837
37.9580
37.0564
38.6993
41.1208
38.3929
40.7190
36.0937
35.7812
41.7556
45.3465
41.3076
44.6461
49.4680
44.6829
46.5343
37.3058
38.7819
49.3415
46.7152
40.5582
44.1647
36.7336
42.8628
45.1544
46.0091
40.6289
40.7708
38.8201
38.9140
39.7453
41.0613
41.3426
44.4922
46.1385
45.6842
48.3893
45.2718
47.6217
49.1136
52.7563
51.3732
51.7251
47.7694
55.6113
51.7667
52.2058
51.6467
52.8623
49.6163
45.2906
44.0133
46.6303
43.6115
40.2242
38.9023
37.9522
35.9769
37.1322
35.2324
41.4700
38.9657
43.3666
42.7564
41.7093
35.7748
39.6258
41.1296
45.5467
41.9181
39.4984
34.2349
34.7225
38.2244
42.4792
45.4171
48.0027
44.0320
40.6990
46.6555
49.1370
43.2053
41.7517
44.3851
47.4353
46.3575
46.3251
42.0542
37.3087
42.5813
48.9244
39.9728
36.1243
38.4556
38.1467
42.4789
44.1136
41.7506
49.3411
42.0374
39.6675
40.2512
39.3019
40.0551
41.1639
39.5949
43.3217
47.3081
45.8125
45.9559
45.1858
42.8678
39.0868
39.9238
45.2785
46.1693
40.5337
45.4250
47.6326
43.6966
42.2171
46.7514
42.7278
42.7812
41.6128
40.1825
42.7388
48.9669
39.3367
40.6593
41.8968
40.0102
43.0597
43.9197
44.6692
48.3776
48.3152
48.7019
46.3228
49.1550
48.0555
47.6535
44.2248
45.9826
42.1841
42.2568
49.1637
46.9477
35.2207
42.5455
42.3388
37.6457
39.6422
41.4324
41.0234
43.0224
45.9019
40.8592
41.1079
44.2955
41.3573
39.3790
41.4987
39.9628
42.7402
41.8310
40.6534
40.5147
42.3535
44.3804
42.5823
45.0488
44.9768
47.2100
42.0597
44.4777
43.7985
42.6301
41.1705
38.3281
39.6213
36.4400
42.9315
55.9878
49.4123
46.1324
50.2724
42.6011
38.0114
38.8066
35.8170
46.1813
43.9447
46.5864
48.8677
50.8974
51.6510
51.2002
50.1447
48.7820
52.3425
48.2213
45.5200
44.8904
44.6198
44.0246
44.5392
45.1485
41.9248
44.4274
45.8816
46.3860
54.9202
55.6061
54.5635
55.9667
53.1244
54.9642
59.7757
52.7418
49.9658
50.1380
42.2874
40.0549
37.4004
38.4517
44.1244
47.0699
47.8874
46.3873
50.7814
41.8149
45.5055
50.1077
50.4482
57.6525
60.4781
58.3912
62.4431
66.6944
57.5851
56.2959
54.0288
52.4900
50.2439
43.1587
48.9151
50.9976
50.9585
44.9623
44.3867
47.7614
44.8379
44.0668
43.6439
43.5125
42.3161
42.9101
39.5139
40.2203
39.5247
45.7036
41.4581
42.7892
45.0271
40.8755
45.4012
41.8286
42.1994
37.7307
38.4952
42.3144
43.0964
44.1915
42.5418
45.3708
45.4022
38.8801
37.8370
38.8998
41.6768
40.3596
44.6070
42.8059
42.7467
42.5331
43.5252
42.1713
43.5854
43.3935
44.6336
47.6933
49.2277
41.3319
42.6596
38.2931
40.1311
43.6318
40.9550
38.4120
36.2546
37.6943
46.6638
41.1980
40.7872
39.2618
39.7101
40.0131
39.0133
38.1899
38.1689
39.2460
45.0777
41.5543
43.4591
39.2072
39.7784
40.5373
41.3933
47.2520
50.2090
43.4807
41.4807
44.5784
44.1904
47.1326
45.5262
48.9479
47.3046
43.3236
50.5360
44.7783
49.7509
48.5280
46.2541
45.1335
43.4989
46.0098
48.6306
45.8213
46.4208
45.4917
45.9992
47.9457
46.7393
47.5155
51.7205
47.5581
48.5928
53.4224
45.1375
40.3271
44.3264
45.9522
47.1368
53.8007
45.1499
47.2522
47.8200
38.6961
37.7171
39.3996
38.2134
36.9273
35.3008
40.1479
37.2668
38.4423
37.7566
39.4070
37.4258
37.0826
39.5632
38.4180
41.3160
38.3931
40.1480
42.8214
45.2831
45.2803
43.6754
48.8787
43.5434
44.0537
49.1021
52.5191
47.8927
52.4375
49.6378
48.6275
47.8591
45.4891
50.3954
55.4305
49.5999
49.4755
49.9825
46.8682
52.0736
47.3716
51.9056
55.1635
55.0935
51.1771
48.0812
43.1174
39.7334
46.9819
46.2888
38.4661
37.3730
34.5236
39.5060
39.5924
38.9499
40.8887
40.1155
38.2448
36.8618
37.3520
39.1008
38.1511
36.4532
35.3853
31.6837
35.2429
34.4450
36.7714
36.2903
38.4473
36.6765
39.2088
41.1124
37.8570
38.4989
41.1308
39.2323
40.5256
38.5041
40.2260
38.9468
40.0327
36.9466
39.0901
37.8304
38.3524
38.8889
38.7410
41.8380
41.1886
36.3821
38.7166
40.7588
41.2368
43.3027
46.0264
46.4837
47.6610
41.3095
40.5166
38.0458
36.8842
39.0648
42.6832
42.8390
44.8279
40.7126
41.5574
38.7722
44.2685
35.4151
36.8078
44.7662
46.3878
45.3808
48.6404
44.7800
40.3663
48.8040
52.5358
50.1587
53.7700
52.7397
57.7697
49.5943
49.7780
46.5331
46.8986
50.3227
48.5005
47.3204
53.8855
47.2040
47.5765
46.9850
51.2469
41.5899
42.4071
42.5395
51.8109
51.1588
52.7413
62.0607
49.7529
49.3253
50.0691
63.7572
54.6462
57.3145
61.8373
61.0354
61.7447
41.8932
49.7426
52.3188
50.1526
59.8155
42.6319
49.1550
52.5199
43.0304
42.0432
40.6622
40.2602
44.1256
40.4982
41.1606
43.9139
48.5361
48.2771
48.7027
49.3366
47.3700
43.6220
44.4594
49.3648
41.1127
44.0237
42.9422
38.0258
41.0278
40.4533
39.8412
44.5416
43.1145
42.0875
42.1145
40.4562
40.0873
43.9149
41.2689
40.1329
37.0419
40.9735
40.1157
40.3783
38.3175
41.8231
36.6418
35.5066
37.7005
36.1584
36.4551
35.8771
41.7630
40.2121
40.3029
40.4626
41.6238
49.3940
44.4465
42.2878
42.2230
44.0572
44.8300
45.4729
47.3376
49.8472
41.8801
41.0113
42.4874
47.6069
45.1221
43.4056
44.8223
44.9731
46.5669
44.5317
42.3787
43.6239
39.0408
39.9507
44.3018
44.7138
38.9045
44.3588
46.0934
45.9577
44.1466
41.6846
43.2660
46.0410
50.3956
49.4459
48.6599
43.2539
47.2687
50.4736
51.6838
48.0736
51.5714
53.8700
48.5557
51.9670
54.8106
55.6475
54.8599
50.3766
47.6443
47.3046
54.8584
43.8951
48.5108
43.0701
51.4945
50.9914
58.7554
52.7802
48.4492
46.8786
44.5554
48.2184
45.0741
42.9512
51.3349
54.4797
44.8932
50.8259
48.8396
46.0706
50.6241
53.3348
48.0562
51.8292
53.2607
45.7196
52.7500
54.9720
52.6945
52.8885
62.7509
59.0774
54.2829
52.1348
44.2029
40.7797
46.3116
40.3024
45.1669
48.2292
43.8607
47.3182
42.8328
47.4021
51.4165
54.0915
50.8609
48.2735
50.4625
45.0555
49.6621
45.3173
40.1929
47.5177
45.6918
46.9733
50.1202
52.6107
49.7446
57.0105
57.4077
56.0329
55.7575
51.5672
52.6204
56.4182
58.2644
55.1562
52.7115
52.1530
50.1256
49.9021
48.3514
55.1555
54.9440
55.9551
51.8107
51.6638
51.4113
50.4373
44.6001
46.6429
51.6399
47.6346
48.4537
44.4992
47.9258
45.0918
42.0405
44.9665
39.0256
40.3148
40.3834
44.3867
52.3762
61.0335
54.9215
48.9435
44.4671
43.3902
41.9399
45.1475
51.1649
51.1070
40.7778
47.8065
43.6417
47.3504
39.9790
44.6594
40.0768
43.0337
48.2747
48.0118
45.0664
45.0993
51.4913
47.3834
47.5444
46.6672
50.7999
52.2805
51.8251
51.8682
42.7078
47.2529
49.7340
48.4832
51.1214
52.2540
47.4592
44.8390
49.2175
47.3440
42.2336
51.0114
54.2926
55.6482
52.3853
47.4529
47.1156
54.9264
48.5459
49.5870
56.4342
44.6927
37.7633
40.4754
34.3446
38.1965
41.7186
46.5449
46.7232
46.7789
46.0740
44.4040
41.3705
36.6554
45.4418
47.5426
54.6964
55.1630
49.6736
60.5930
63.8458
76.7966
71.1243
53.5937
65.6300
54.6690
60.3986
63.1413
57.4604
55.6206
54.6390
53.7635
47.3316
45.9362
49.9048
44.0031
41.9550
41.6258
40.5605
46.8819
48.5436
60.5571
50.7830
57.3661
42.7833
48.5228
43.9640
44.9808
46.9707
47.0435
45.4431
46.9046
40.4005
35.3324
37.1010
44.1230
39.8380
37.2798
35.7243
39.8523
37.8767
37.6385
37.9865
32.6027
36.7474
38.3242
33.6426
37.5932
39.9066
35.9259
35.4566
39.5958
42.5801
35.2969
44.3149
44.9453
39.2380
42.7209
44.0891
45.9888
43.1470
42.9500
43.1290
40.2476
43.1658
42.5767
41.4520
45.5443
49.6676
40.0711
38.0884
43.8512
39.1294
34.9565
44.8418
53.8416
59.0949
59.6660
56.4625
56.6756
50.4586
48.5252
59.6126
60.8829
49.0988
51.2784
44.3652
45.3428
48.3072
41.4245
50.5178
51.8340
51.8934
55.7192
47.7497
42.1926
42.4204
42.7430
51.0304
49.4332
58.1202
41.2173
41.3365
43.0501
37.2162
37.0977
41.3396
42.8337
47.6413
46.1923
43.9188
40.7358
38.4712
40.3117
40.7900
41.9362
46.9812
50.0078
46.8196
35.8167
38.0950
47.5715
52.5008
51.0959
47.3624
38.5684
36.9034
38.0666
39.3098
59.2337
45.5023
36.9210
41.2323
39.9681
43.1248
42.2166
43.9630
39.8647
42.0388
43.6650
38.2544
37.5847
40.5722
39.7473
42.2748
44.5613
44.5705
45.8165
48.1283
45.3857
42.3443
44.9319
44.9551
42.1638
47.4727
47.0418
46.9647
41.7552
46.7136
44.7526
39.8762
45.0946
48.4957
40.3295
46.7893
40.2025
44.4935
41.0093
39.2831
38.0487
39.3835
38.7539
39.1924
39.9343
41.6906
41.8114
38.6514
40.3706
37.9683
39.2466
42.1462
42.1589
45.2770
44.9887
44.6333
50.6945
56.2782
49.7123
51.2501
46.5968
45.9821
43.7268
49.5896
36.0846
38.1072
41.3112
43.1533
47.7112
43.0550
40.3562
40.6531
39.2100
33.0103
38.5563
45.0417
44.8373
43.0111
41.9666
37.2622
40.5425
40.2869
40.7367
39.2587
41.5511
38.6772
41.4257
39.7832
41.2086
41.0116
41.9554
37.6710
37.5686
39.2600
41.9580
45.4970
47.1231
43.5428
46.6054
47.4731
47.8340
50.0666
54.4619
48.4189
44.8546
40.9020
41.1825
44.7530
48.1339
38.8472
38.6387
41.0557
38.0578
37.6590
44.9588
38.5560
44.0818
48.0440
50.2832
49.7672
51.1429
49.3625
42.8750
42.5539
45.0669
43.5497
41.3097
45.4746
49.6314
43.7187
46.6156
46.6272
46.5719
44.1727
39.0590
41.7537
39.5317
41.6398
39.7031
40.2080
44.3287
44.4493
43.1143
45.2046
41.8692
40.9737
41.3094
44.1249
47.4310
44.5325
51.6908
43.5174
47.9400
47.0293
43.1628
46.3840
39.6555
45.1835
48.1689
45.0094
46.3655
44.0953
42.9691
46.4938
44.1323
41.6568
42.4764
46.5479
42.4506
46.6177
47.7270
47.5391
44.9551
49.9409
47.0965
38.3927
41.6320
51.9605
50.2759
48.5941
48.4060
51.8188
46.9213
45.2816
49.9874
48.2594
49.8453
54.6880
52.5359
51.8373
41.9012
45.4769
44.2791
57.5239
54.2066
54.7680
50.3871
52.9584
47.0876
58.5629
52.8074
50.9893
57.5350
56.7016
60.6142
57.9631
49.5295
55.1200
63.6564
47.3689
52.4095
58.6206
63.3476
57.2447
66.2308
66.9019
58.8584
56.5761
47.2325
37.4139
39.6831
42.0415
45.3758
43.9169
42.7246
35.4027
35.9919
41.7458
51.3365
44.0304
47.1600
46.5790
50.5215
53.5933
50.6028
45.9707
36.7396
38.5598
45.0063
55.1228
51.7524
52.9732
52.2607
53.6639
51.8540
54.3949
57.5063
53.2902
50.3806
47.7814
49.9243
44.9525
47.6164
48.7741
53.0434
53.1189
47.5836
43.9932
44.8636
47.8430
50.7497
48.3636
50.2534
55.8742
50.2506
54.9885
52.7816
55.9591
56.9585
46.2680
48.8989
46.9356
40.6087
42.5248
42.6745
39.2416
40.0440
41.7820
50.6264
45.8491
44.8660
42.6501
44.4469
43.2739
46.4065
40.7495
43.4637
45.2434
43.9627
37.8446
39.3495
41.5445
40.8004
42.7944
53.2003
59.0271
43.9835
35.0017
35.2169
35.2293
34.6900
39.5333
40.1725
44.9995
48.2657
47.7012
47.4411
47.6286
49.2004
42.2541
38.3128
38.9716
39.6834
41.7669
43.6350
40.4067
39.2651
41.2023
40.6054
51.4275
51.9665
60.4088
57.3796
39.7649
37.6151
38.2116
40.5557
38.4248
37.3172
40.0478
36.4051
36.7651
41.0164
41.4685
42.1341
42.2384
45.9728
47.6140
46.2816
46.3178
43.1483
44.0837
41.1688
47.0008
42.8074
46.6677
46.0402
44.7480
43.2999
43.3520
44.1161
47.3529
53.8833
49.9253
53.7785
48.6067
41.5145
48.1523
53.1362
53.4843
51.8418
50.0130
43.4236
40.2337
44.4687
41.0285
38.5149
39.4461
40.9496
40.4058
49.0005
52.0460
60.6397
43.7985
46.4762
49.5899
46.7961
46.5257
52.3281
53.6839
58.3758
56.5126
54.6978
59.2612
55.8447
56.5207
49.7961
44.7792
43.2939
47.0912
46.0812
41.1844
48.7068
46.7055
50.9876
46.3132
48.9417
44.4463
48.8762
40.0413
45.4014
45.8494
37.4859
39.8894
40.5924
45.4748
38.9753
38.1904
41.6440
42.5680
38.4182
47.8865
48.2545
44.5249
44.0775
40.4953
49.4879
38.2258
39.5812
35.8793
36.1985
45.9276
39.6283
48.0066
53.9458
49.9569
43.0477
47.2958
49.9121
57.2118
55.0193
50.9732
53.3995
63.6366
54.0227
51.2486
49.0018
46.3224
46.1437
47.6155
46.2027
40.0843
44.7644
39.9656
48.4912
43.3576
40.8254
43.1220
41.6717
45.0100
44.1077
42.4692
47.8612
43.1247
41.7943
44.0643
44.0389
42.7291
48.6247
44.9976
46.2482
49.8012
46.3744
45.2621
43.1782
47.7106
46.5047
44.2077
37.0581
36.9539
41.3289
51.2043
47.8423
52.1755
50.4810
51.4955
45.5491
42.0651
41.1056
41.9752
50.3915
52.0565
49.5427
49.1143
44.7635
36.6724
49.6118
49.2036
41.2742
34.6377
43.2011
45.0217
44.5987
51.4599
60.1764
53.5972
60.0872
51.5508
59.9273
59.9797
58.4087
59.0749
52.0025
51.1843
46.5273
52.3864
50.9901
54.0515
54.3140
49.3628
57.2401
50.8587
53.9485
48.8403
47.7513
48.2112
48.7227
46.6280
43.5872
39.5659
41.4467
49.3686
42.4543
37.1233
38.6355
47.7258
55.7660
56.3712
56.9423
62.0613
54.7824
57.6545
54.8009
55.0889
50.3319
55.3499
51.6921
42.9188
44.1898
39.3936
39.9747
46.8223
45.5017
46.4854
43.8643
41.8291
44.0259
50.7529
51.9366
47.4509
50.0876
55.3247
51.5468
50.3013
52.1488
48.9704
44.4008
43.3985
50.1178
59.3736
54.2976
57.5520
58.7379
52.7426
52.7987
52.2542
55.3498
47.7860
48.6815
57.6986
56.2567
53.9826
47.6494
46.8107
53.4104
50.2332
45.5934
48.2473
44.0043
47.0652
47.8062
50.7791
45.2125
47.2771
49.1033
53.4509
49.7684
51.5366
50.7319
45.6446
44.9496
45.1530
43.3506
45.5565
45.7962
50.5601
52.6894
52.9293
42.7044
50.3230
55.9561
65.6322
66.1977
57.7643
58.5529
51.8112
50.8633
47.8652
46.0771
42.3351
50.9134
45.0649
49.8858
45.5387
44.5856
42.5265
48.1548
45.9774
42.5857
46.3498
40.5147
45.7125
42.3408
37.1460
36.8865
42.2189
35.8378
36.5331
37.2106
39.8040
42.9550
39.2383
45.4811
38.3655
36.1243
34.6212
36.0708
37.6996
37.9134
37.5073
38.9724
40.0809
46.2672
42.1207
34.3380
39.6776
39.9669
43.9616
42.5240
42.9896
38.9832
43.1515
45.5654
45.6515
54.0194
49.2369
50.8917
41.0324
43.4649
48.6938
48.5924
44.9474
47.9326
47.9395
55.3623
57.0146
54.9466
48.6901
44.0976
53.7725
55.6080
51.6003
45.6905
38.4494
44.7404
45.1477
38.5090
43.9021
40.6449
41.7766
42.1679
43.7311
46.1624
44.1389
41.9630
43.9607
45.3563
45.0070
46.2746
41.3824
43.5019
47.2593
45.0991
43.7059
44.2512
43.3433
41.6997
44.1008
43.5608
47.2265
55.1060
62.7165
54.4845
39.5022
38.4881
35.7857
36.9366
38.5973
